# Radiation Pattern Data
# Generated from: leopard1-hf_11.out
# Frequency: 41.500 MHz
# Format: Theta Phi Gain_dBi Phase_deg
# Theta: elevation angle (0-180 degrees)
# Phi: azimuth angle (0-360 degrees)
0.0 0.0 0.04 88.5
5.0 0.0 0.05 89.4
10.0 0.0 0.05 -89.5
15.0 0.0 0.05 -88.5
20.0 0.0 0.04 -87.7
25.0 0.0 0.03 -86.9
30.0 0.0 0.02 -86.2
35.0 0.0 0.01 -85.6
40.0 0.0 0.00 -84.9
45.0 0.0 0.00 -84.1
50.0 0.0 0.01 -83.5
55.0 0.0 0.03 -83.3
60.0 0.0 0.05 -83.7
65.0 0.0 0.06 -84.3
70.0 0.0 0.07 -84.8
75.0 0.0 0.08 -85.0
80.0 0.0 0.09 -85.1
85.0 0.0 0.10 -85.2
90.0 0.0 0.00 0.0
0.0 10.0 0.04 78.5
5.0 10.0 0.01 78.0
10.0 10.0 0.03 78.3
15.0 10.0 0.07 79.4
20.0 10.0 0.12 81.2
25.0 10.0 0.16 83.9
30.0 10.0 0.18 87.4
35.0 10.0 0.18 -88.4
40.0 10.0 0.15 -84.0
45.0 10.0 0.06 -80.8
50.0 10.0 0.07 -80.8
55.0 10.0 0.18 -85.8
60.0 10.0 0.23 85.5
65.0 10.0 0.18 77.9
70.0 10.0 0.10 73.1
75.0 10.0 0.02 70.2
80.0 10.0 0.06 68.1
85.0 10.0 0.13 66.2
90.0 10.0 0.00 0.0
0.0 20.0 0.04 68.5
5.0 20.0 0.02 66.5
10.0 20.0 0.10 65.8
15.0 20.0 0.19 66.5
20.0 20.0 0.28 69.0
25.0 20.0 0.38 74.0
30.0 20.0 0.44 82.9
35.0 20.0 0.42 -84.8
40.0 20.0 0.29 -74.4
45.0 20.0 0.06 -69.9
50.0 20.0 0.22 -72.5
55.0 20.0 0.44 -86.7
60.0 20.0 0.43 72.7
65.0 20.0 0.28 62.0
70.0 20.0 0.14 57.1
75.0 20.0 0.03 54.0
80.0 20.0 0.07 51.1
85.0 20.0 0.16 47.8
90.0 20.0 0.00 0.0
0.0 30.0 0.04 58.5
5.0 30.0 0.06 55.0
10.0 30.0 0.17 52.8
15.0 30.0 0.31 52.0
20.0 30.0 0.48 52.7
25.0 30.0 0.69 58.2
30.0 30.0 0.83 -76.9
35.0 30.0 0.52 -54.5
40.0 30.0 0.17 -51.5
45.0 30.0 0.18 -51.5
50.0 30.0 0.57 -55.5
55.0 30.0 0.85 73.9
60.0 30.0 0.56 50.3
65.0 30.0 0.36 47.0
70.0 30.0 0.22 45.2
75.0 30.0 0.10 43.4
80.0 30.0 0.01 41.0
85.0 30.0 0.07 37.9
90.0 30.0 0.00 0.0
0.0 40.0 0.04 48.5
5.0 40.0 0.08 43.4
10.0 40.0 0.23 39.2
15.0 40.0 0.41 34.1
20.0 40.0 0.62 23.2
25.0 40.0 0.70 -12.4
30.0 40.0 0.42 -33.0
35.0 40.0 0.10 -37.5
40.0 40.0 0.22 -37.2
45.0 40.0 0.53 -31.4
50.0 40.0 0.74 -7.2
55.0 40.0 0.65 21.8
60.0 40.0 0.49 29.8
65.0 40.0 0.36 32.3
70.0 40.0 0.26 32.9
75.0 40.0 0.17 32.4
80.0 40.0 0.10 30.9
85.0 40.0 0.03 28.7
90.0 40.0 0.00 0.0
0.0 50.0 0.04 38.5
5.0 50.0 0.11 31.9
10.0 50.0 0.28 24.8
15.0 50.0 0.46 12.8
20.0 50.0 0.52 -11.1
25.0 50.0 0.30 -29.7
30.0 50.0 0.00 -35.6
35.0 50.0 0.29 -34.5
40.0 50.0 0.53 -25.3
45.0 50.0 0.63 -5.6
50.0 50.0 0.56 10.2
55.0 50.0 0.46 17.4
60.0 50.0 0.37 20.6
65.0 50.0 0.29 22.2
70.0 50.0 0.23 22.7
75.0 50.0 0.17 22.4
80.0 50.0 0.11 21.5
85.0 50.0 0.06 19.9
90.0 50.0 0.00 0.0
0.0 60.0 0.04 28.5
5.0 60.0 0.13 20.4
10.0 60.0 0.31 10.2
15.0 60.0 0.43 -8.4
20.0 60.0 0.30 -30.1
25.0 60.0 0.01 -40.0
30.0 60.0 0.31 -40.7
35.0 60.0 0.58 -31.0
40.0 60.0 0.66 -7.4
45.0 60.0 0.55 7.5
50.0 60.0 0.44 12.8
55.0 60.0 0.35 15.0
60.0 60.0 0.28 16.0
65.0 60.0 0.22 16.4
70.0 60.0 0.17 16.3
75.0 60.0 0.13 15.8
80.0 60.0 0.08 15.0
85.0 60.0 0.05 13.8
90.0 60.0 0.00 0.0
0.0 70.0 0.04 18.5
5.0 70.0 0.14 9.2
10.0 70.0 0.31 -4.0
15.0 70.0 0.35 -25.7
20.0 70.0 0.12 -43.3
25.0 70.0 0.21 -50.0
30.0 70.0 0.55 -47.4
35.0 70.0 0.77 -19.4
40.0 70.0 0.63 6.3
45.0 70.0 0.48 11.5
50.0 70.0 0.36 12.9
55.0 70.0 0.27 13.2
60.0 70.0 0.21 13.2
65.0 70.0 0.15 12.9
70.0 70.0 0.11 12.4
75.0 70.0 0.07 11.8
80.0 70.0 0.04 10.9
85.0 70.0 0.01 9.8
90.0 70.0 0.00 0.0
0.0 80.0 0.04 8.5
5.0 80.0 0.15 -1.8
10.0 80.0 0.30 -17.1
15.0 80.0 0.27 -39.3
20.0 80.0 0.00 -54.5
25.0 80.0 0.36 -61.0
30.0 80.0 0.74 -58.9
35.0 80.0 0.82 5.0
40.0 80.0 0.57 12.2
45.0 80.0 0.41 12.6
50.0 80.0 0.30 12.2
55.0 80.0 0.22 11.8
60.0 80.0 0.15 11.2
65.0 80.0 0.10 10.6
70.0 80.0 0.06 10.0
75.0 80.0 0.03 9.2
80.0 80.0 0.00 8.2
85.0 80.0 0.02 7.2
90.0 80.0 0.00 0.0
0.0 90.0 0.04 -1.5
5.0 90.0 0.15 -12.4
10.0 90.0 0.28 -28.9
15.0 90.0 0.21 -50.3
20.0 90.0 0.07 -64.7
25.0 90.0 0.43 -72.8
30.0 90.0 0.83 -83.3
35.0 90.0 0.76 19.3
40.0 90.0 0.52 14.4
45.0 90.0 0.37 12.5
50.0 90.0 0.25 11.4
55.0 90.0 0.17 10.5
60.0 90.0 0.10 9.8
65.0 90.0 0.05 9.0
70.0 90.0 0.01 8.2
75.0 90.0 0.02 7.3
80.0 90.0 0.04 6.3
85.0 90.0 0.05 5.2
90.0 90.0 0.00 0.0
0.0 100.0 0.04 -11.5
5.0 100.0 0.14 -22.6
10.0 100.0 0.26 -39.2
15.0 100.0 0.18 -59.3
20.0 100.0 0.09 -73.5
25.0 100.0 0.43 -83.6
30.0 100.0 0.77 75.4
35.0 100.0 0.70 25.0
40.0 100.0 0.49 15.2
45.0 100.0 0.33 12.0
50.0 100.0 0.22 10.4
55.0 100.0 0.13 9.3
60.0 100.0 0.06 8.5
65.0 100.0 0.01 7.7
70.0 100.0 0.03 6.8
75.0 100.0 0.06 5.9
80.0 100.0 0.08 4.8
85.0 100.0 0.09 3.6
90.0 100.0 0.00 0.0
0.0 110.0 0.04 -21.5
5.0 110.0 0.13 -32.5
10.0 110.0 0.23 -48.1
15.0 110.0 0.16 -66.6
20.0 110.0 0.08 -80.5
25.0 110.0 0.38 88.5
30.0 110.0 0.68 68.6
35.0 110.0 0.67 28.9
40.0 110.0 0.47 15.6
45.0 110.0 0.31 11.2
50.0 110.0 0.19 9.2
55.0 110.0 0.09 8.0
60.0 110.0 0.02 7.2
65.0 110.0 0.04 6.4
70.0 110.0 0.08 5.6
75.0 110.0 0.11 4.6
80.0 110.0 0.12 3.4
85.0 110.0 0.12 2.1
90.0 110.0 0.00 0.0
0.0 120.0 0.04 -31.5
5.0 120.0 0.11 -41.8
10.0 120.0 0.20 -56.0
15.0 120.0 0.15 -72.3
20.0 120.0 0.04 -85.4
25.0 120.0 0.30 84.0
30.0 120.0 0.58 68.3
35.0 120.0 0.66 34.5
40.0 120.0 0.48 16.1
45.0 120.0 0.30 10.2
50.0 120.0 0.17 7.9
55.0 120.0 0.06 6.7
60.0 120.0 0.03 6.0
65.0 120.0 0.09 5.5
70.0 120.0 0.13 4.7
75.0 120.0 0.16 3.7
80.0 120.0 0.17 2.5
85.0 120.0 0.17 1.0
90.0 120.0 0.00 0.0
0.0 130.0 0.04 -41.5
5.0 130.0 0.10 -50.8
10.0 130.0 0.18 -63.0
15.0 130.0 0.15 -76.7
20.0 130.0 0.00 -88.2
25.0 130.0 0.21 82.5
30.0 130.0 0.47 71.4
35.0 130.0 0.66 44.8
40.0 130.0 0.53 17.6
45.0 130.0 0.32 9.4
50.0 130.0 0.15 6.7
55.0 130.0 0.02 5.9
60.0 130.0 0.07 5.7
65.0 130.0 0.15 5.6
70.0 130.0 0.20 5.3
75.0 130.0 0.23 4.4
80.0 130.0 0.24 3.1
85.0 130.0 0.23 1.3
90.0 130.0 0.00 0.0
0.0 140.0 0.04 -51.5
5.0 140.0 0.07 -59.5
10.0 140.0 0.14 -69.4
15.0 140.0 0.14 -80.1
20.0 140.0 0.04 -89.5
25.0 140.0 0.13 83.3
30.0 140.0 0.35 76.3
35.0 140.0 0.63 61.6
40.0 140.0 0.64 22.4
45.0 140.0 0.38 8.7
50.0 140.0 0.16 6.1
55.0 140.0 0.00 6.2
60.0 140.0 0.11 7.1
65.0 140.0 0.19 8.1
70.0 140.0 0.25 8.5
75.0 140.0 0.28 8.0
80.0 140.0 0.29 6.5
85.0 140.0 0.28 4.2
90.0 140.0 0.00 0.0
0.0 150.0 0.04 -61.5
5.0 150.0 0.05 -67.9
10.0 150.0 0.11 -75.4
15.0 150.0 0.11 -83.2
20.0 150.0 0.06 -89.9
25.0 150.0 0.06 85.1
30.0 150.0 0.23 81.5
35.0 150.0 0.49 77.2
40.0 150.0 0.82 47.6
45.0 150.0 0.52 7.2
50.0 150.0 0.22 5.5
55.0 150.0 0.02 7.3
60.0 150.0 0.11 9.8
65.0 150.0 0.20 11.9
70.0 150.0 0.25 13.1
75.0 150.0 0.29 12.9
80.0 150.0 0.30 11.5
85.0 150.0 0.30 8.7
90.0 150.0 0.00 0.0
0.0 160.0 0.04 -71.5
5.0 160.0 0.03 -76.2
10.0 160.0 0.07 -81.3
15.0 160.0 0.08 -86.2
20.0 160.0 0.06 89.6
25.0 160.0 0.01 86.7
30.0 160.0 0.13 85.4
35.0 160.0 0.31 85.6
40.0 160.0 0.61 87.5
45.0 160.0 0.84 -1.5
50.0 160.0 0.37 3.5
55.0 160.0 0.09 8.1
60.0 160.0 0.08 12.6
65.0 160.0 0.18 16.2
70.0 160.0 0.25 18.2
75.0 160.0 0.29 18.6
80.0 160.0 0.31 17.1
85.0 160.0 0.33 13.9
90.0 160.0 0.00 0.0
0.0 170.0 0.04 -81.5
5.0 170.0 0.00 -84.2
10.0 170.0 0.03 -87.0
15.0 170.0 0.05 -89.4
20.0 170.0 0.04 88.7
25.0 170.0 0.02 87.6
30.0 170.0 0.03 87.6
35.0 170.0 0.11 88.9
40.0 170.0 0.25 -88.2
45.0 170.0 0.52 -81.4
50.0 170.0 0.81 -16.1
55.0 170.0 0.28 10.1
60.0 170.0 0.03 19.6
65.0 170.0 0.19 26.7
70.0 170.0 0.28 31.2
75.0 170.0 0.34 33.0
80.0 170.0 0.39 32.0
85.0 170.0 0.43 28.1
90.0 170.0 0.00 0.0
0.0 180.0 0.04 88.5
5.0 180.0 0.03 87.7
10.0 180.0 0.01 87.3
15.0 180.0 0.01 87.2
20.0 180.0 0.02 87.4
25.0 180.0 0.04 87.9
30.0 180.0 0.06 88.5
35.0 180.0 0.08 89.5
40.0 180.0 0.10 -89.0
45.0 180.0 0.13 -86.3
50.0 180.0 0.15 -80.1
55.0 180.0 0.02 -65.2
60.0 180.0 0.39 -87.0
65.0 180.0 0.18 84.6
70.0 180.0 0.10 84.7
75.0 180.0 0.06 85.3
80.0 180.0 0.04 85.6
85.0 180.0 0.02 85.6
90.0 180.0 0.00 0.0
0.0 190.0 0.04 78.5
5.0 190.0 0.06 79.8
10.0 190.0 0.06 81.7
15.0 190.0 0.04 83.9
20.0 190.0 0.00 86.2
25.0 190.0 0.06 88.0
30.0 190.0 0.15 89.3
35.0 190.0 0.28 89.9
40.0 190.0 0.46 89.8
45.0 190.0 0.80 -88.8
50.0 190.0 0.62 -8.0
55.0 190.0 0.19 -11.2
60.0 190.0 0.11 -17.2
65.0 190.0 0.28 -24.1
70.0 190.0 0.37 -29.4
75.0 190.0 0.42 -32.0
80.0 190.0 0.46 -31.2
85.0 190.0 0.49 -27.0
90.0 190.0 0.00 0.0
0.0 200.0 0.04 68.5
5.0 200.0 0.09 71.8
10.0 200.0 0.10 76.1
15.0 200.0 0.08 80.8
20.0 200.0 0.02 85.2
25.0 200.0 0.09 88.7
30.0 200.0 0.25 -89.0
35.0 200.0 0.48 -87.7
40.0 200.0 0.84 -83.8
45.0 200.0 0.65 -3.1
50.0 200.0 0.30 -4.3
55.0 200.0 0.06 -7.2
60.0 200.0 0.11 -10.8
65.0 200.0 0.21 -14.1
70.0 200.0 0.28 -16.2
75.0 200.0 0.32 -16.8
80.0 200.0 0.34 -15.5
85.0 200.0 0.34 -12.4
90.0 200.0 0.00 0.0
0.0 210.0 0.04 58.5
5.0 210.0 0.12 63.7
10.0 210.0 0.15 70.5
15.0 210.0 0.12 78.0
20.0 210.0 0.02 84.8
25.0 210.0 0.14 -90.0
30.0 210.0 0.36 -85.8
35.0 210.0 0.68 -78.8
40.0 210.0 0.78 -14.1
45.0 210.0 0.43 -4.4
50.0 210.0 0.18 -4.3
55.0 210.0 0.00 -5.9
60.0 210.0 0.12 -8.0
65.0 210.0 0.21 -9.9
70.0 210.0 0.26 -11.1
75.0 210.0 0.29 -11.2
80.0 210.0 0.31 -9.9
85.0 210.0 0.30 -7.3
90.0 210.0 0.00 0.0
0.0 220.0 0.04 48.5
5.0 220.0 0.14 55.4
10.0 220.0 0.19 64.8
15.0 220.0 0.15 75.4
20.0 220.0 0.01 84.5
25.0 220.0 0.20 -88.5
30.0 220.0 0.48 -81.4
35.0 220.0 0.80 -54.6
40.0 220.0 0.60 -10.8
45.0 220.0 0.34 -5.3
50.0 220.0 0.14 -4.4
55.0 220.0 0.00 -4.9
60.0 220.0 0.11 -5.8
65.0 220.0 0.19 -6.7
70.0 220.0 0.24 -7.0
75.0 220.0 0.27 -6.7
80.0 220.0 0.28 -5.4
85.0 220.0 0.27 -3.4
90.0 220.0 0.00 0.0
0.0 230.0 0.04 38.5
5.0 230.0 0.17 47.0
10.0 230.0 0.23 58.9
15.0 230.0 0.17 72.5
20.0 230.0 0.01 83.5
25.0 230.0 0.28 -88.3
30.0 230.0 0.60 -77.2
35.0 230.0 0.77 -32.2
40.0 230.0 0.51 -10.5
45.0 230.0 0.30 -6.3
50.0 230.0 0.15 -5.1
55.0 230.0 0.03 -4.8
60.0 230.0 0.07 -4.9
65.0 230.0 0.14 -4.9
70.0 230.0 0.18 -4.6
75.0 230.0 0.21 -3.9
80.0 230.0 0.22 -2.7
85.0 230.0 0.22 -1.1
90.0 230.0 0.00 0.0
0.0 240.0 0.04 28.5
5.0 240.0 0.19 38.3
10.0 240.0 0.26 52.6
15.0 240.0 0.18 68.8
20.0 240.0 0.05 80.8
25.0 240.0 0.35 89.6
30.0 240.0 0.70 -75.5
35.0 240.0 0.73 -23.8
40.0 240.0 0.48 -10.9
45.0 240.0 0.30 -7.7
50.0 240.0 0.17 -6.5
55.0 240.0 0.06 -5.9
60.0 240.0 0.02 -5.5
65.0 240.0 0.08 -5.1
70.0 240.0 0.12 -4.5
75.0 240.0 0.15 -3.6
80.0 240.0 0.16 -2.5
85.0 240.0 0.16 -1.1
90.0 240.0 0.00 0.0
0.0 250.0 0.04 18.5
5.0 250.0 0.21 29.2
10.0 250.0 0.30 45.5
15.0 250.0 0.19 63.9
20.0 250.0 0.07 76.2
25.0 250.0 0.41 84.5
30.0 250.0 0.78 -79.2
35.0 250.0 0.72 -19.8
40.0 250.0 0.48 -11.5
45.0 250.0 0.32 -9.2
50.0 250.0 0.20 -8.1
55.0 250.0 0.10 -7.4
60.0 250.0 0.03 -6.9
65.0 250.0 0.03 -6.3
70.0 250.0 0.07 -5.6
75.0 250.0 0.10 -4.7
80.0 250.0 0.11 -3.6
85.0 250.0 0.12 -2.4
90.0 250.0 0.00 0.0
0.0 260.0 0.04 8.5
5.0 260.0 0.22 19.7
10.0 260.0 0.33 37.3
15.0 260.0 0.21 57.5
20.0 260.0 0.08 69.7
25.0 260.0 0.43 76.7
30.0 260.0 0.83 86.6
35.0 260.0 0.75 -16.2
40.0 260.0 0.50 -11.9
45.0 260.0 0.34 -10.4
50.0 260.0 0.23 -9.6
55.0 260.0 0.14 -9.0
60.0 260.0 0.07 -8.4
65.0 260.0 0.01 -7.8
70.0 260.0 0.03 -7.0
75.0 260.0 0.06 -6.1
80.0 260.0 0.08 -5.1
85.0 260.0 0.08 -3.9
90.0 260.0 0.00 0.0
0.0 270.0 0.04 -1.5
5.0 270.0 0.23 9.8
10.0 270.0 0.35 27.9
15.0 270.0 0.25 49.4
20.0 270.0 0.04 61.8
25.0 270.0 0.40 67.3
30.0 270.0 0.79 66.4
35.0 270.0 0.79 -9.3
40.0 270.0 0.54 -11.6
45.0 270.0 0.38 -11.4
50.0 270.0 0.26 -10.9
55.0 270.0 0.17 -10.4
60.0 270.0 0.11 -9.9
65.0 270.0 0.05 -9.3
70.0 270.0 0.01 -8.5
75.0 270.0 0.02 -7.7
80.0 270.0 0.04 -6.6
85.0 270.0 0.05 -5.5
90.0 270.0 0.00 0.0
0.0 280.0 0.04 -11.5
5.0 280.0 0.23 -0.5
10.0 280.0 0.38 16.9
15.0 280.0 0.31 39.5
20.0 280.0 0.03 52.8
25.0 280.0 0.31 57.7
30.0 280.0 0.66 54.2
35.0 280.0 0.82 7.0
40.0 280.0 0.59 -9.7
45.0 280.0 0.43 -11.8
50.0 280.0 0.31 -12.1
55.0 280.0 0.22 -11.9
60.0 280.0 0.15 -11.5
65.0 280.0 0.10 -11.0
70.0 280.0 0.06 -10.3
75.0 280.0 0.02 -9.5
80.0 280.0 0.00 -8.5
85.0 280.0 0.02 -7.4
90.0 280.0 0.00 0.0
0.0 290.0 0.04 -21.5
5.0 290.0 0.23 -11.2
10.0 290.0 0.40 4.4
15.0 290.0 0.38 27.4
20.0 290.0 0.14 42.8
25.0 290.0 0.17 48.6
30.0 290.0 0.49 47.0
35.0 290.0 0.74 26.4
40.0 290.0 0.66 -3.9
45.0 290.0 0.49 -11.3
50.0 290.0 0.37 -13.2
55.0 290.0 0.28 -13.7
60.0 290.0 0.21 -13.7
65.0 290.0 0.15 -13.4
70.0 290.0 0.11 -12.9
75.0 290.0 0.07 -12.2
80.0 290.0 0.04 -11.2
85.0 290.0 0.01 -10.1
90.0 290.0 0.00 0.0
0.0 300.0 0.04 -31.5
5.0 300.0 0.22 -22.2
10.0 300.0 0.40 -9.4
15.0 300.0 0.46 11.8
20.0 300.0 0.30 31.1
25.0 300.0 0.03 39.7
30.0 300.0 0.27 41.2
35.0 300.0 0.55 34.5
40.0 300.0 0.68 10.9
45.0 300.0 0.58 -8.0
50.0 300.0 0.46 -14.1
55.0 300.0 0.36 -16.3
60.0 300.0 0.28 -17.1
65.0 300.0 0.21 -17.3
70.0 300.0 0.16 -17.0
75.0 300.0 0.12 -16.4
80.0 300.0 0.07 -15.4
85.0 300.0 0.03 -14.1
90.0 300.0 0.00 0.0
0.0 310.0 0.04 -41.5
5.0 310.0 0.21 -33.5
10.0 310.0 0.37 -23.9
15.0 310.0 0.51 -8.1
20.0 310.0 0.49 14.7
25.0 310.0 0.29 29.6
30.0 310.0 0.02 35.8
35.0 310.0 0.27 36.3
40.0 310.0 0.55 29.2
45.0 310.0 0.69 5.8
50.0 310.0 0.59 -13.8
55.0 310.0 0.47 -20.6
60.0 310.0 0.36 -23.1
65.0 310.0 0.28 -24.0
70.0 310.0 0.21 -24.0
75.0 310.0 0.15 -23.4
80.0 310.0 0.09 -22.2
85.0 310.0 0.04 -20.4
90.0 310.0 0.00 0.0
0.0 320.0 0.04 -51.5
5.0 320.0 0.18 -44.8
10.0 320.0 0.33 -38.2
15.0 320.0 0.49 -29.6
20.0 320.0 0.63 -14.0
25.0 320.0 0.62 12.6
30.0 320.0 0.41 30.0
35.0 320.0 0.12 37.2
40.0 320.0 0.21 39.6
45.0 320.0 0.57 37.2
50.0 320.0 0.85 -0.8
55.0 320.0 0.63 -31.4
60.0 320.0 0.44 -34.7
65.0 320.0 0.31 -35.2
70.0 320.0 0.21 -34.7
75.0 320.0 0.12 -33.5
80.0 320.0 0.05 -31.6
85.0 320.0 0.01 -28.9
90.0 320.0 0.00 0.0
0.0 330.0 0.04 -61.5
5.0 330.0 0.15 -56.2
10.0 330.0 0.27 -51.9
15.0 330.0 0.40 -48.2
20.0 330.0 0.54 -45.2
25.0 330.0 0.72 -42.7
30.0 330.0 1.00 19.1
35.0 330.0 0.63 50.9
40.0 330.0 0.26 53.3
45.0 330.0 0.14 57.3
50.0 330.0 0.56 70.2
55.0 330.0 0.64 -68.2
60.0 330.0 0.41 -52.8
65.0 330.0 0.24 -48.1
70.0 330.0 0.11 -45.3
75.0 330.0 0.01 -42.8
80.0 330.0 0.07 -39.9
85.0 330.0 0.15 -36.3
90.0 330.0 0.00 0.0
0.0 340.0 0.04 -71.5
5.0 340.0 0.12 -67.7
10.0 340.0 0.20 -64.9
15.0 340.0 0.28 -63.3
20.0 340.0 0.36 -63.5
25.0 340.0 0.43 -66.1
30.0 340.0 0.49 -72.6
35.0 340.0 0.50 -84.0
40.0 340.0 0.38 84.5
45.0 340.0 0.14 79.9
50.0 340.0 0.14 84.6
55.0 340.0 0.30 -80.2
60.0 340.0 0.24 -65.3
65.0 340.0 0.12 -57.6
70.0 340.0 0.01 -53.3
75.0 340.0 0.09 -50.0
80.0 340.0 0.18 -46.7
85.0 340.0 0.26 -42.6
90.0 340.0 0.00 0.0
0.0 350.0 0.04 -81.5
5.0 350.0 0.09 -79.1
10.0 350.0 0.13 -77.3
15.0 350.0 0.16 -76.4
20.0 350.0 0.19 -76.4
25.0 350.0 0.21 -77.4
30.0 350.0 0.22 -79.5
35.0 350.0 0.21 -82.3
40.0 350.0 0.16 -85.3
45.0 350.0 0.09 -87.3
50.0 350.0 0.02 -86.1
55.0 350.0 0.09 -80.8
60.0 350.0 0.09 -73.8
65.0 350.0 0.04 -68.4
70.0 350.0 0.04 -64.9
75.0 350.0 0.12 -62.4
80.0 350.0 0.19 -60.0
85.0 350.0 0.28 -57.3
90.0 350.0 0.00 0.0
0.0 360.0 0.04 88.5
5.0 360.0 0.05 89.4
10.0 360.0 0.05 -89.5
15.0 360.0 0.05 -88.5
20.0 360.0 0.04 -87.7
25.0 360.0 0.03 -86.9
30.0 360.0 0.02 -86.2
35.0 360.0 0.01 -85.6
40.0 360.0 0.00 -84.9
45.0 360.0 0.00 -84.1
50.0 360.0 0.01 -83.5
55.0 360.0 0.03 -83.3
60.0 360.0 0.05 -83.7
65.0 360.0 0.06 -84.3
70.0 360.0 0.07 -84.8
75.0 360.0 0.08 -85.0
80.0 360.0 0.09 -85.1
85.0 360.0 0.10 -85.2
90.0 360.0 0.00 0.0
0.0 370.0 0.04 78.5
5.0 370.0 0.01 78.0
10.0 370.0 0.03 78.3
15.0 370.0 0.07 79.4
20.0 370.0 0.12 81.2
25.0 370.0 0.16 83.9
30.0 370.0 0.18 87.4
35.0 370.0 0.18 -88.4
40.0 370.0 0.15 -84.0
45.0 370.0 0.06 -80.8
50.0 370.0 0.07 -80.8
55.0 370.0 0.18 -85.8
60.0 370.0 0.23 85.5
65.0 370.0 0.18 77.9
70.0 370.0 0.10 73.1
75.0 370.0 0.02 70.2
80.0 370.0 0.06 68.1
85.0 370.0 0.13 66.2
90.0 370.0 0.00 0.0
0.0 380.0 0.04 68.5
5.0 380.0 0.02 66.5
10.0 380.0 0.10 65.8
15.0 380.0 0.19 66.5
20.0 380.0 0.28 69.0
25.0 380.0 0.38 74.0
30.0 380.0 0.44 82.9
35.0 380.0 0.42 -84.8
40.0 380.0 0.29 -74.4
45.0 380.0 0.06 -69.9
50.0 380.0 0.22 -72.5
55.0 380.0 0.44 -86.7
60.0 380.0 0.43 72.7
65.0 380.0 0.28 62.0
70.0 380.0 0.14 57.1
75.0 380.0 0.03 54.0
80.0 380.0 0.07 51.1
85.0 380.0 0.16 47.8
90.0 380.0 0.00 0.0
0.0 390.0 0.04 58.5
5.0 390.0 0.06 55.0
10.0 390.0 0.17 52.8
15.0 390.0 0.31 52.0
20.0 390.0 0.48 52.7
25.0 390.0 0.69 58.2
30.0 390.0 0.83 -76.9
35.0 390.0 0.52 -54.5
40.0 390.0 0.17 -51.5
45.0 390.0 0.18 -51.5
50.0 390.0 0.57 -55.5
55.0 390.0 0.85 73.9
60.0 390.0 0.56 50.3
65.0 390.0 0.36 47.0
70.0 390.0 0.22 45.2
75.0 390.0 0.10 43.4
80.0 390.0 0.01 41.0
85.0 390.0 0.07 37.9
90.0 390.0 0.00 0.0
0.0 400.0 0.04 48.5
5.0 400.0 0.08 43.4
10.0 400.0 0.23 39.2
15.0 400.0 0.41 34.1
20.0 400.0 0.62 23.2
25.0 400.0 0.70 -12.4
30.0 400.0 0.42 -33.0
35.0 400.0 0.10 -37.5
40.0 400.0 0.22 -37.2
45.0 400.0 0.53 -31.4
50.0 400.0 0.74 -7.2
55.0 400.0 0.65 21.8
60.0 400.0 0.49 29.8
65.0 400.0 0.36 32.3
70.0 400.0 0.26 32.9
75.0 400.0 0.17 32.4
80.0 400.0 0.10 30.9
85.0 400.0 0.03 28.7
90.0 400.0 0.00 0.0
0.0 410.0 0.04 38.5
5.0 410.0 0.11 31.9
10.0 410.0 0.28 24.8
15.0 410.0 0.46 12.8
20.0 410.0 0.52 -11.1
25.0 410.0 0.30 -29.7
30.0 410.0 0.00 -35.6
35.0 410.0 0.29 -34.5
40.0 410.0 0.53 -25.3
45.0 410.0 0.63 -5.6
50.0 410.0 0.56 10.2
55.0 410.0 0.46 17.4
60.0 410.0 0.37 20.6
65.0 410.0 0.29 22.2
70.0 410.0 0.23 22.7
75.0 410.0 0.17 22.4
80.0 410.0 0.11 21.5
85.0 410.0 0.06 19.9
90.0 410.0 0.00 0.0
0.0 420.0 0.04 28.5
5.0 420.0 0.13 20.4
10.0 420.0 0.31 10.2
15.0 420.0 0.43 -8.4
20.0 420.0 0.30 -30.1
25.0 420.0 0.01 -40.0
30.0 420.0 0.31 -40.7
35.0 420.0 0.58 -31.0
40.0 420.0 0.66 -7.4
45.0 420.0 0.55 7.5
50.0 420.0 0.44 12.8
55.0 420.0 0.35 15.0
60.0 420.0 0.28 16.0
65.0 420.0 0.22 16.4
70.0 420.0 0.17 16.3
75.0 420.0 0.13 15.8
80.0 420.0 0.08 15.0
85.0 420.0 0.05 13.8
90.0 420.0 0.00 0.0
0.0 430.0 0.04 18.5
5.0 430.0 0.14 9.2
10.0 430.0 0.31 -4.0
15.0 430.0 0.35 -25.7
20.0 430.0 0.12 -43.3
25.0 430.0 0.21 -50.0
30.0 430.0 0.55 -47.4
35.0 430.0 0.77 -19.4
40.0 430.0 0.63 6.3
45.0 430.0 0.48 11.5
50.0 430.0 0.36 12.9
55.0 430.0 0.27 13.2
60.0 430.0 0.21 13.2
65.0 430.0 0.15 12.9
70.0 430.0 0.11 12.4
75.0 430.0 0.07 11.8
80.0 430.0 0.04 10.9
85.0 430.0 0.01 9.8
90.0 430.0 0.00 0.0
0.0 440.0 0.04 8.5
5.0 440.0 0.15 -1.8
10.0 440.0 0.30 -17.1
15.0 440.0 0.27 -39.3
20.0 440.0 0.00 -54.5
25.0 440.0 0.36 -61.0
30.0 440.0 0.74 -58.9
35.0 440.0 0.82 5.0
40.0 440.0 0.57 12.2
45.0 440.0 0.41 12.6
50.0 440.0 0.30 12.2
55.0 440.0 0.22 11.8
60.0 440.0 0.15 11.2
65.0 440.0 0.10 10.6
70.0 440.0 0.06 10.0
75.0 440.0 0.03 9.2
80.0 440.0 0.00 8.2
85.0 440.0 0.02 7.2
90.0 440.0 0.00 0.0
0.0 450.0 0.04 -1.5
5.0 450.0 0.15 -12.4
10.0 450.0 0.28 -28.9
15.0 450.0 0.21 -50.3
20.0 450.0 0.07 -64.7
25.0 450.0 0.43 -72.8
30.0 450.0 0.83 -83.3
35.0 450.0 0.76 19.3
40.0 450.0 0.52 14.4
45.0 450.0 0.37 12.5
50.0 450.0 0.25 11.4
55.0 450.0 0.17 10.5
60.0 450.0 0.10 9.8
65.0 450.0 0.05 9.0
70.0 450.0 0.01 8.2
75.0 450.0 0.02 7.3
80.0 450.0 0.04 6.3
85.0 450.0 0.05 5.2
90.0 450.0 0.00 0.0
0.0 460.0 0.04 -11.5
5.0 460.0 0.14 -22.6
10.0 460.0 0.26 -39.2
15.0 460.0 0.18 -59.3
20.0 460.0 0.09 -73.5
25.0 460.0 0.43 -83.6
30.0 460.0 0.77 75.4
35.0 460.0 0.70 25.0
40.0 460.0 0.49 15.2
45.0 460.0 0.33 12.0
50.0 460.0 0.22 10.4
55.0 460.0 0.13 9.3
60.0 460.0 0.06 8.5
65.0 460.0 0.01 7.7
70.0 460.0 0.03 6.8
75.0 460.0 0.06 5.9
80.0 460.0 0.08 4.8
85.0 460.0 0.09 3.6
90.0 460.0 0.00 0.0
0.0 470.0 0.04 -21.5
5.0 470.0 0.13 -32.5
10.0 470.0 0.23 -48.1
15.0 470.0 0.16 -66.6
20.0 470.0 0.08 -80.5
25.0 470.0 0.38 88.5
30.0 470.0 0.68 68.6
35.0 470.0 0.67 28.9
40.0 470.0 0.47 15.6
45.0 470.0 0.31 11.2
50.0 470.0 0.19 9.2
55.0 470.0 0.09 8.0
60.0 470.0 0.02 7.2
65.0 470.0 0.04 6.4
70.0 470.0 0.08 5.6
75.0 470.0 0.11 4.6
80.0 470.0 0.12 3.4
85.0 470.0 0.12 2.1
90.0 470.0 0.00 0.0
0.0 480.0 0.04 -31.5
5.0 480.0 0.11 -41.8
10.0 480.0 0.20 -56.0
15.0 480.0 0.15 -72.3
20.0 480.0 0.04 -85.4
25.0 480.0 0.30 84.0
30.0 480.0 0.58 68.3
35.0 480.0 0.66 34.5
40.0 480.0 0.48 16.1
45.0 480.0 0.30 10.2
50.0 480.0 0.17 7.9
55.0 480.0 0.06 6.7
60.0 480.0 0.03 6.0
65.0 480.0 0.09 5.5
70.0 480.0 0.13 4.7
75.0 480.0 0.16 3.7
80.0 480.0 0.17 2.5
85.0 480.0 0.17 1.0
90.0 480.0 0.00 0.0
0.0 490.0 0.04 -41.5
5.0 490.0 0.10 -50.8
10.0 490.0 0.18 -63.0
15.0 490.0 0.15 -76.7
20.0 490.0 0.00 -88.2
25.0 490.0 0.21 82.5
30.0 490.0 0.47 71.4
35.0 490.0 0.66 44.8
40.0 490.0 0.53 17.6
45.0 490.0 0.32 9.4
50.0 490.0 0.15 6.7
55.0 490.0 0.02 5.9
60.0 490.0 0.07 5.7
65.0 490.0 0.15 5.6
70.0 490.0 0.20 5.3
75.0 490.0 0.23 4.4
80.0 490.0 0.24 3.1
85.0 490.0 0.23 1.3
90.0 490.0 0.00 0.0
0.0 500.0 0.04 -51.5
5.0 500.0 0.07 -59.5
10.0 500.0 0.14 -69.4
15.0 500.0 0.14 -80.1
20.0 500.0 0.04 -89.5
25.0 500.0 0.13 83.3
30.0 500.0 0.35 76.3
35.0 500.0 0.63 61.6
40.0 500.0 0.64 22.4
45.0 500.0 0.38 8.7
50.0 500.0 0.16 6.1
55.0 500.0 0.00 6.2
60.0 500.0 0.11 7.1
65.0 500.0 0.19 8.1
70.0 500.0 0.25 8.5
75.0 500.0 0.28 8.0
80.0 500.0 0.29 6.5
85.0 500.0 0.28 4.2
90.0 500.0 0.00 0.0
0.0 510.0 0.04 -61.5
5.0 510.0 0.05 -67.9
10.0 510.0 0.11 -75.4
15.0 510.0 0.11 -83.2
20.0 510.0 0.06 -89.9
25.0 510.0 0.06 85.1
30.0 510.0 0.23 81.5
35.0 510.0 0.49 77.2
40.0 510.0 0.82 47.6
45.0 510.0 0.52 7.2
50.0 510.0 0.22 5.5
55.0 510.0 0.02 7.3
60.0 510.0 0.11 9.8
65.0 510.0 0.20 11.9
70.0 510.0 0.25 13.1
75.0 510.0 0.29 12.9
80.0 510.0 0.30 11.5
85.0 510.0 0.30 8.7
90.0 510.0 0.00 0.0
0.0 520.0 0.04 -71.5
5.0 520.0 0.03 -76.2
10.0 520.0 0.07 -81.3
15.0 520.0 0.08 -86.2
20.0 520.0 0.06 89.6
25.0 520.0 0.01 86.7
30.0 520.0 0.13 85.4
35.0 520.0 0.31 85.6
40.0 520.0 0.61 87.5
45.0 520.0 0.84 -1.5
50.0 520.0 0.37 3.5
55.0 520.0 0.09 8.1
60.0 520.0 0.08 12.6
65.0 520.0 0.18 16.2
70.0 520.0 0.25 18.2
75.0 520.0 0.29 18.6
80.0 520.0 0.31 17.1
85.0 520.0 0.33 13.9
90.0 520.0 0.00 0.0
0.0 530.0 0.04 -81.5
5.0 530.0 0.00 -84.2
10.0 530.0 0.03 -87.0
15.0 530.0 0.05 -89.4
20.0 530.0 0.04 88.7
25.0 530.0 0.02 87.6
30.0 530.0 0.03 87.6
35.0 530.0 0.11 88.9
40.0 530.0 0.25 -88.2
45.0 530.0 0.52 -81.4
50.0 530.0 0.81 -16.1
55.0 530.0 0.28 10.1
60.0 530.0 0.03 19.6
65.0 530.0 0.19 26.7
70.0 530.0 0.28 31.2
75.0 530.0 0.34 33.0
80.0 530.0 0.39 32.0
85.0 530.0 0.43 28.1
90.0 530.0 0.00 0.0
0.0 540.0 0.04 88.5
5.0 540.0 0.03 87.7
10.0 540.0 0.01 87.3
15.0 540.0 0.01 87.2
20.0 540.0 0.02 87.4
25.0 540.0 0.04 87.9
30.0 540.0 0.06 88.5
35.0 540.0 0.08 89.5
40.0 540.0 0.10 -89.0
45.0 540.0 0.13 -86.3
50.0 540.0 0.15 -80.1
55.0 540.0 0.02 -65.2
60.0 540.0 0.39 -87.0
65.0 540.0 0.18 84.6
70.0 540.0 0.10 84.7
75.0 540.0 0.06 85.3
80.0 540.0 0.04 85.6
85.0 540.0 0.02 85.6
90.0 540.0 0.00 0.0
0.0 550.0 0.04 78.5
5.0 550.0 0.06 79.8
10.0 550.0 0.06 81.7
15.0 550.0 0.04 83.9
20.0 550.0 0.00 86.2
25.0 550.0 0.06 88.0
30.0 550.0 0.15 89.3
35.0 550.0 0.28 89.9
40.0 550.0 0.46 89.8
45.0 550.0 0.80 -88.8
50.0 550.0 0.62 -8.0
55.0 550.0 0.19 -11.2
60.0 550.0 0.11 -17.2
65.0 550.0 0.28 -24.1
70.0 550.0 0.37 -29.4
75.0 550.0 0.42 -32.0
80.0 550.0 0.46 -31.2
85.0 550.0 0.49 -27.0
90.0 550.0 0.00 0.0
0.0 560.0 0.04 68.5
5.0 560.0 0.09 71.8
10.0 560.0 0.10 76.1
15.0 560.0 0.08 80.8
20.0 560.0 0.02 85.2
25.0 560.0 0.09 88.7
30.0 560.0 0.25 -89.0
35.0 560.0 0.48 -87.7
40.0 560.0 0.84 -83.8
45.0 560.0 0.65 -3.1
50.0 560.0 0.30 -4.3
55.0 560.0 0.06 -7.2
60.0 560.0 0.11 -10.8
65.0 560.0 0.21 -14.1
70.0 560.0 0.28 -16.2
75.0 560.0 0.32 -16.8
80.0 560.0 0.34 -15.5
85.0 560.0 0.34 -12.4
90.0 560.0 0.00 0.0
0.0 570.0 0.04 58.5
5.0 570.0 0.12 63.7
10.0 570.0 0.15 70.5
15.0 570.0 0.12 78.0
20.0 570.0 0.02 84.8
25.0 570.0 0.14 -90.0
30.0 570.0 0.36 -85.8
35.0 570.0 0.68 -78.8
40.0 570.0 0.78 -14.1
45.0 570.0 0.43 -4.4
50.0 570.0 0.18 -4.3
55.0 570.0 0.00 -5.9
60.0 570.0 0.12 -8.0
65.0 570.0 0.21 -9.9
70.0 570.0 0.26 -11.1
75.0 570.0 0.29 -11.2
80.0 570.0 0.31 -9.9
85.0 570.0 0.30 -7.3
90.0 570.0 0.00 0.0
0.0 580.0 0.04 48.5
5.0 580.0 0.14 55.4
10.0 580.0 0.19 64.8
15.0 580.0 0.15 75.4
20.0 580.0 0.01 84.5
25.0 580.0 0.20 -88.5
30.0 580.0 0.48 -81.4
35.0 580.0 0.80 -54.6
40.0 580.0 0.60 -10.8
45.0 580.0 0.34 -5.3
50.0 580.0 0.14 -4.4
55.0 580.0 0.00 -4.9
60.0 580.0 0.11 -5.8
65.0 580.0 0.19 -6.7
70.0 580.0 0.24 -7.0
75.0 580.0 0.27 -6.7
80.0 580.0 0.28 -5.4
85.0 580.0 0.27 -3.4
90.0 580.0 0.00 0.0
0.0 590.0 0.04 38.5
5.0 590.0 0.17 47.0
10.0 590.0 0.23 58.9
15.0 590.0 0.17 72.5
20.0 590.0 0.01 83.5
25.0 590.0 0.28 -88.3
30.0 590.0 0.60 -77.2
35.0 590.0 0.77 -32.2
40.0 590.0 0.51 -10.5
45.0 590.0 0.30 -6.3
50.0 590.0 0.15 -5.1
55.0 590.0 0.03 -4.8
60.0 590.0 0.07 -4.9
65.0 590.0 0.14 -4.9
70.0 590.0 0.18 -4.6
75.0 590.0 0.21 -3.9
80.0 590.0 0.22 -2.7
85.0 590.0 0.22 -1.1
90.0 590.0 0.00 0.0
0.0 600.0 0.04 28.5
5.0 600.0 0.19 38.3
10.0 600.0 0.26 52.6
15.0 600.0 0.18 68.8
20.0 600.0 0.05 80.8
25.0 600.0 0.35 89.6
30.0 600.0 0.70 -75.5
35.0 600.0 0.73 -23.8
40.0 600.0 0.48 -10.9
45.0 600.0 0.30 -7.7
50.0 600.0 0.17 -6.5
55.0 600.0 0.06 -5.9
60.0 600.0 0.02 -5.5
65.0 600.0 0.08 -5.1
70.0 600.0 0.12 -4.5
75.0 600.0 0.15 -3.6
80.0 600.0 0.16 -2.5
85.0 600.0 0.16 -1.1
90.0 600.0 0.00 0.0
0.0 610.0 0.04 18.5
5.0 610.0 0.21 29.2
10.0 610.0 0.30 45.5
15.0 610.0 0.19 63.9
20.0 610.0 0.07 76.2
25.0 610.0 0.41 84.5
30.0 610.0 0.78 -79.2
35.0 610.0 0.72 -19.8
40.0 610.0 0.48 -11.5
45.0 610.0 0.32 -9.2
50.0 610.0 0.20 -8.1
55.0 610.0 0.10 -7.4
60.0 610.0 0.03 -6.9
65.0 610.0 0.03 -6.3
70.0 610.0 0.07 -5.6
75.0 610.0 0.10 -4.7
80.0 610.0 0.11 -3.6
85.0 610.0 0.12 -2.4
90.0 610.0 0.00 0.0
0.0 620.0 0.04 8.5
5.0 620.0 0.22 19.7
10.0 620.0 0.33 37.3
15.0 620.0 0.21 57.5
20.0 620.0 0.08 69.7
25.0 620.0 0.43 76.7
30.0 620.0 0.83 86.6
35.0 620.0 0.75 -16.2
40.0 620.0 0.50 -11.9
45.0 620.0 0.34 -10.4
50.0 620.0 0.23 -9.6
55.0 620.0 0.14 -9.0
60.0 620.0 0.07 -8.4
65.0 620.0 0.01 -7.8
70.0 620.0 0.03 -7.0
75.0 620.0 0.06 -6.1
80.0 620.0 0.08 -5.1
85.0 620.0 0.08 -3.9
90.0 620.0 0.00 0.0
0.0 630.0 0.04 -1.5
5.0 630.0 0.23 9.8
10.0 630.0 0.35 27.9
15.0 630.0 0.25 49.4
20.0 630.0 0.04 61.8
25.0 630.0 0.40 67.3
30.0 630.0 0.79 66.4
35.0 630.0 0.79 -9.3
40.0 630.0 0.54 -11.6
45.0 630.0 0.38 -11.4
50.0 630.0 0.26 -10.9
55.0 630.0 0.17 -10.4
60.0 630.0 0.11 -9.9
65.0 630.0 0.05 -9.3
70.0 630.0 0.01 -8.5
75.0 630.0 0.02 -7.7
80.0 630.0 0.04 -6.6
85.0 630.0 0.05 -5.5
90.0 630.0 0.00 0.0
0.0 640.0 0.04 -11.5
5.0 640.0 0.23 -0.5
10.0 640.0 0.38 16.9
15.0 640.0 0.31 39.5
20.0 640.0 0.03 52.8
25.0 640.0 0.31 57.7
30.0 640.0 0.66 54.2
35.0 640.0 0.82 7.0
40.0 640.0 0.59 -9.7
45.0 640.0 0.43 -11.8
50.0 640.0 0.31 -12.1
55.0 640.0 0.22 -11.9
60.0 640.0 0.15 -11.5
65.0 640.0 0.10 -11.0
70.0 640.0 0.06 -10.3
75.0 640.0 0.02 -9.5
80.0 640.0 0.00 -8.5
85.0 640.0 0.02 -7.4
90.0 640.0 0.00 0.0
0.0 650.0 0.04 -21.5
5.0 650.0 0.23 -11.2
10.0 650.0 0.40 4.4
15.0 650.0 0.38 27.4
20.0 650.0 0.14 42.8
25.0 650.0 0.17 48.6
30.0 650.0 0.49 47.0
35.0 650.0 0.74 26.4
40.0 650.0 0.66 -3.9
45.0 650.0 0.49 -11.3
50.0 650.0 0.37 -13.2
55.0 650.0 0.28 -13.7
60.0 650.0 0.21 -13.7
65.0 650.0 0.15 -13.4
70.0 650.0 0.11 -12.9
75.0 650.0 0.07 -12.2
80.0 650.0 0.04 -11.2
85.0 650.0 0.01 -10.1
90.0 650.0 0.00 0.0
0.0 660.0 0.04 -31.5
5.0 660.0 0.22 -22.2
10.0 660.0 0.40 -9.4
15.0 660.0 0.46 11.8
20.0 660.0 0.30 31.1
25.0 660.0 0.03 39.7
30.0 660.0 0.27 41.2
35.0 660.0 0.55 34.5
40.0 660.0 0.68 10.9
45.0 660.0 0.58 -8.0
50.0 660.0 0.46 -14.1
55.0 660.0 0.36 -16.3
60.0 660.0 0.28 -17.1
65.0 660.0 0.21 -17.3
70.0 660.0 0.16 -17.0
75.0 660.0 0.12 -16.4
80.0 660.0 0.07 -15.4
85.0 660.0 0.03 -14.1
90.0 660.0 0.00 0.0
0.0 670.0 0.04 -41.5
5.0 670.0 0.21 -33.5
10.0 670.0 0.37 -23.9
15.0 670.0 0.51 -8.1
20.0 670.0 0.49 14.7
25.0 670.0 0.29 29.6
30.0 670.0 0.02 35.8
35.0 670.0 0.27 36.3
40.0 670.0 0.55 29.2
45.0 670.0 0.69 5.8
50.0 670.0 0.59 -13.8
55.0 670.0 0.47 -20.6
60.0 670.0 0.36 -23.1
65.0 670.0 0.28 -24.0
70.0 670.0 0.21 -24.0
75.0 670.0 0.15 -23.4
80.0 670.0 0.09 -22.2
85.0 670.0 0.04 -20.4
90.0 670.0 0.00 0.0
0.0 680.0 0.04 -51.5
5.0 680.0 0.18 -44.8
10.0 680.0 0.33 -38.2
15.0 680.0 0.49 -29.6
20.0 680.0 0.63 -14.0
25.0 680.0 0.62 12.6
30.0 680.0 0.41 30.0
35.0 680.0 0.12 37.2
40.0 680.0 0.21 39.6
45.0 680.0 0.57 37.2
50.0 680.0 0.85 -0.8
55.0 680.0 0.63 -31.4
60.0 680.0 0.44 -34.7
65.0 680.0 0.31 -35.2
70.0 680.0 0.21 -34.7
75.0 680.0 0.12 -33.5
80.0 680.0 0.05 -31.6
85.0 680.0 0.01 -28.9
90.0 680.0 0.00 0.0
0.0 690.0 0.04 -61.5
5.0 690.0 0.15 -56.2
10.0 690.0 0.27 -51.9
15.0 690.0 0.40 -48.2
20.0 690.0 0.54 -45.2
25.0 690.0 0.72 -42.7
30.0 690.0 1.00 19.1
35.0 690.0 0.63 50.9
40.0 690.0 0.26 53.3
45.0 690.0 0.14 57.3
50.0 690.0 0.56 70.2
55.0 690.0 0.64 -68.2
60.0 690.0 0.41 -52.8
65.0 690.0 0.24 -48.1
70.0 690.0 0.11 -45.3
75.0 690.0 0.01 -42.8
80.0 690.0 0.07 -39.9
85.0 690.0 0.15 -36.3
90.0 690.0 0.00 0.0
0.0 700.0 0.04 -71.5
5.0 700.0 0.12 -67.7
10.0 700.0 0.20 -64.9
15.0 700.0 0.28 -63.3
20.0 700.0 0.36 -63.5
25.0 700.0 0.43 -66.1
30.0 700.0 0.49 -72.6
35.0 700.0 0.50 -84.0
40.0 700.0 0.38 84.5
45.0 700.0 0.14 79.9
50.0 700.0 0.14 84.6
55.0 700.0 0.30 -80.2
60.0 700.0 0.24 -65.3
65.0 700.0 0.12 -57.6
70.0 700.0 0.01 -53.3
75.0 700.0 0.09 -50.0
80.0 700.0 0.18 -46.7
85.0 700.0 0.26 -42.6
90.0 700.0 0.00 0.0
0.0 710.0 0.04 -81.5
5.0 710.0 0.09 -79.1
10.0 710.0 0.13 -77.3
15.0 710.0 0.16 -76.4
20.0 710.0 0.19 -76.4
25.0 710.0 0.21 -77.4
30.0 710.0 0.22 -79.5
35.0 710.0 0.21 -82.3
40.0 710.0 0.16 -85.3
45.0 710.0 0.09 -87.3
50.0 710.0 0.02 -86.1
55.0 710.0 0.09 -80.8
60.0 710.0 0.09 -73.8
65.0 710.0 0.04 -68.4
70.0 710.0 0.04 -64.9
75.0 710.0 0.12 -62.4
80.0 710.0 0.19 -60.0
85.0 710.0 0.28 -57.3
90.0 710.0 0.00 0.0
0.0 720.0 0.04 88.5
5.0 720.0 0.05 89.4
10.0 720.0 0.05 -89.5
15.0 720.0 0.05 -88.5
20.0 720.0 0.04 -87.7
25.0 720.0 0.03 -86.9
30.0 720.0 0.02 -86.2
35.0 720.0 0.01 -85.6
40.0 720.0 0.00 -84.9
45.0 720.0 0.00 -84.1
50.0 720.0 0.01 -83.5
55.0 720.0 0.03 -83.3
60.0 720.0 0.05 -83.7
65.0 720.0 0.06 -84.3
70.0 720.0 0.07 -84.8
75.0 720.0 0.08 -85.0
80.0 720.0 0.09 -85.1
85.0 720.0 0.10 -85.2
90.0 720.0 0.00 0.0
