# FGCom-mumble Far-Field Radiation Pattern
# Frequency: 36.0 MHz
# Altitude: 0 m
# Format: Theta Phi Gain_dBi H_Polarization V_Polarization
# Theta: Elevation angle (0-180 degrees)
# Phi: Azimuth angle (0-360 degrees)
# Gain: Antenna gain in dBi
# H_Polarization: Horizontal polarization component
# V_Polarization: Vertical polarization component
0.00 0.00 8.13 0.0 1.0
5.00 0.00 7.99 0.0 1.0
10.00 0.00 7.72 0.0 1.0
15.00 0.00 7.34 0.0 1.0
20.00 0.00 6.84 0.0 1.0
25.00 0.00 6.25 0.0 1.0
30.00 0.00 5.56 0.0 1.0
35.00 0.00 4.77 0.0 1.0
40.00 0.00 3.86 0.0 1.0
45.00 0.00 2.83 0.5 0.5
50.00 0.00 1.71 0.5 0.5
55.00 0.00 0.59 0.5 0.5
60.00 0.00 -0.35 0.5 0.5
65.00 0.00 -1.00 0.5 0.5
70.00 0.00 -1.48 0.5 0.5
75.00 0.00 -2.20 0.5 0.5
80.00 0.00 -3.85 0.5 0.5
85.00 0.00 -8.08 0.5 0.5
0.00 10.00 8.13 0.0 1.0
5.00 10.00 7.97 0.0 1.0
10.00 10.00 7.67 0.0 1.0
15.00 10.00 7.24 0.0 1.0
20.00 10.00 6.68 0.0 1.0
25.00 10.00 6.00 0.0 1.0
30.00 10.00 5.21 0.0 1.0
35.00 10.00 4.28 0.0 1.0
40.00 10.00 3.20 0.0 1.0
45.00 10.00 1.94 0.5 0.5
50.00 10.00 0.52 0.5 0.5
55.00 10.00 -0.91 0.5 0.5
60.00 10.00 -2.03 0.5 0.5
65.00 10.00 -2.55 0.5 0.5
70.00 10.00 -2.66 0.5 0.5
75.00 10.00 -3.00 0.5 0.5
80.00 10.00 -4.38 0.5 0.5
85.00 10.00 -8.45 0.5 0.5
0.00 20.00 8.13 0.0 1.0
5.00 20.00 7.96 0.0 1.0
10.00 20.00 7.64 0.0 1.0
15.00 20.00 7.17 0.0 1.0
20.00 20.00 6.56 0.0 1.0
25.00 20.00 5.83 0.0 1.0
30.00 20.00 4.96 0.0 1.0
35.00 20.00 3.94 0.0 1.0
40.00 20.00 2.73 0.0 1.0
45.00 20.00 1.28 0.5 0.5
50.00 20.00 -0.39 0.5 0.5
55.00 20.00 -2.12 0.5 0.5
60.00 20.00 -3.41 0.5 0.5
65.00 20.00 -3.77 0.5 0.5
70.00 20.00 -3.51 0.5 0.5
75.00 20.00 -3.53 0.5 0.5
80.00 20.00 -4.71 0.5 0.5
85.00 20.00 -8.67 0.5 0.5
0.00 30.00 8.13 0.0 1.0
5.00 30.00 7.95 0.0 1.0
10.00 30.00 7.62 0.0 1.0
15.00 30.00 7.14 0.0 1.0
20.00 30.00 6.52 0.0 1.0
25.00 30.00 5.76 0.0 1.0
30.00 30.00 4.87 0.0 1.0
35.00 30.00 3.82 0.0 1.0
40.00 30.00 2.58 0.0 1.0
45.00 30.00 1.09 0.5 0.5
50.00 30.00 -0.65 0.5 0.5
55.00 30.00 -2.46 0.5 0.5
60.00 30.00 -3.83 0.5 0.5
65.00 30.00 -4.17 0.5 0.5
70.00 30.00 -3.84 0.5 0.5
75.00 30.00 -3.80 0.5 0.5
80.00 30.00 -4.94 0.5 0.5
85.00 30.00 -8.87 0.5 0.5
0.00 40.00 8.13 0.0 1.0
5.00 40.00 7.96 0.0 1.0
10.00 40.00 7.63 0.0 1.0
15.00 40.00 7.15 0.0 1.0
20.00 40.00 6.54 0.0 1.0
25.00 40.00 5.81 0.0 1.0
30.00 40.00 4.95 0.0 1.0
35.00 40.00 3.95 0.0 1.0
40.00 40.00 2.79 0.0 1.0
45.00 40.00 1.43 0.5 0.5
50.00 40.00 -0.11 0.5 0.5
55.00 40.00 -1.71 0.5 0.5
60.00 40.00 -2.99 0.5 0.5
65.00 40.00 -3.55 0.5 0.5
70.00 40.00 -3.58 0.5 0.5
75.00 40.00 -3.80 0.5 0.5
80.00 40.00 -5.09 0.5 0.5
85.00 40.00 -9.11 0.5 0.5
0.00 50.00 8.13 0.0 1.0
5.00 50.00 7.96 0.0 1.0
10.00 50.00 7.65 0.0 1.0
15.00 50.00 7.20 0.0 1.0
20.00 50.00 6.64 0.0 1.0
25.00 50.00 5.96 0.0 1.0
30.00 50.00 5.18 0.0 1.0
35.00 50.00 4.30 0.0 1.0
40.00 50.00 3.30 0.0 1.0
45.00 50.00 2.18 0.5 0.5
50.00 50.00 0.94 0.5 0.5
55.00 50.00 -0.33 0.5 0.5
60.00 50.00 -1.45 0.5 0.5
65.00 50.00 -2.23 0.5 0.5
70.00 50.00 -2.76 0.5 0.5
75.00 50.00 -3.46 0.5 0.5
80.00 50.00 -5.08 0.5 0.5
85.00 50.00 -9.28 0.5 0.5
0.00 60.00 8.13 0.0 1.0
5.00 60.00 7.97 0.0 1.0
10.00 60.00 7.69 0.0 1.0
15.00 60.00 7.29 0.0 1.0
20.00 60.00 6.78 0.0 1.0
25.00 60.00 6.19 0.0 1.0
30.00 60.00 5.52 0.0 1.0
35.00 60.00 4.78 0.0 1.0
40.00 60.00 3.97 0.0 1.0
45.00 60.00 3.09 0.5 0.5
50.00 60.00 2.14 0.5 0.5
55.00 60.00 1.16 0.5 0.5
60.00 60.00 0.20 0.5 0.5
65.00 60.00 -0.69 0.5 0.5
70.00 60.00 -1.56 0.5 0.5
75.00 60.00 -2.69 0.5 0.5
80.00 60.00 -4.68 0.5 0.5
85.00 60.00 -9.13 0.5 0.5
0.00 70.00 8.13 0.0 1.0
5.00 70.00 7.99 0.0 1.0
10.00 70.00 7.74 0.0 1.0
15.00 70.00 7.40 0.0 1.0
20.00 70.00 6.97 0.0 1.0
25.00 70.00 6.47 0.0 1.0
30.00 70.00 5.91 0.0 1.0
35.00 70.00 5.31 0.0 1.0
40.00 70.00 4.67 0.0 1.0
45.00 70.00 3.98 0.5 0.5
50.00 70.00 3.25 0.5 0.5
55.00 70.00 2.48 0.5 0.5
60.00 70.00 1.67 0.5 0.5
65.00 70.00 0.80 0.5 0.5
70.00 70.00 -0.20 0.5 0.5
75.00 70.00 -1.57 0.5 0.5
80.00 70.00 -3.80 0.5 0.5
85.00 70.00 -8.44 0.5 0.5
0.00 80.00 8.13 0.0 1.0
5.00 80.00 8.01 0.0 1.0
10.00 80.00 7.80 0.0 1.0
15.00 80.00 7.52 0.0 1.0
20.00 80.00 7.16 0.0 1.0
25.00 80.00 6.75 0.0 1.0
30.00 80.00 6.30 0.0 1.0
35.00 80.00 5.81 0.0 1.0
40.00 80.00 5.30 0.0 1.0
45.00 80.00 4.75 0.5 0.5
50.00 80.00 4.18 0.5 0.5
55.00 80.00 3.55 0.5 0.5
60.00 80.00 2.87 0.5 0.5
65.00 80.00 2.09 0.5 0.5
70.00 80.00 1.10 0.5 0.5
75.00 80.00 -0.30 0.5 0.5
80.00 80.00 -2.59 0.5 0.5
85.00 80.00 -7.30 0.5 0.5
0.00 90.00 8.13 0.0 1.0
5.00 90.00 8.03 0.0 1.0
10.00 90.00 7.86 0.0 1.0
15.00 90.00 7.63 0.0 1.0
20.00 90.00 7.34 0.0 1.0
25.00 90.00 7.01 0.0 1.0
30.00 90.00 6.64 0.0 1.0
35.00 90.00 6.23 0.0 1.0
40.00 90.00 5.80 0.0 1.0
45.00 90.00 5.35 0.5 0.5
50.00 90.00 4.87 0.5 0.5
55.00 90.00 4.35 0.5 0.5
60.00 90.00 3.79 0.5 0.5
65.00 90.00 3.11 0.5 0.5
70.00 90.00 2.22 0.5 0.5
75.00 90.00 0.89 0.5 0.5
80.00 90.00 -1.36 0.5 0.5
85.00 90.00 -6.03 0.5 0.5
0.00 100.00 8.13 0.0 1.0
5.00 100.00 8.05 0.0 1.0
10.00 100.00 7.92 0.0 1.0
15.00 100.00 7.73 0.0 1.0
20.00 100.00 7.50 0.0 1.0
25.00 100.00 7.22 0.0 1.0
30.00 100.00 6.89 0.0 1.0
35.00 100.00 6.54 0.0 1.0
40.00 100.00 6.15 0.0 1.0
45.00 100.00 5.73 0.5 0.5
50.00 100.00 5.31 0.5 0.5
55.00 100.00 4.87 0.5 0.5
60.00 100.00 4.39 0.5 0.5
65.00 100.00 3.83 0.5 0.5
70.00 100.00 3.05 0.5 0.5
75.00 100.00 1.83 0.5 0.5
80.00 100.00 -0.33 0.5 0.5
85.00 100.00 -4.94 0.5 0.5
0.00 110.00 8.13 0.0 1.0
5.00 110.00 8.07 0.0 1.0
10.00 110.00 7.97 0.0 1.0
15.00 110.00 7.81 0.0 1.0
20.00 110.00 7.61 0.0 1.0
25.00 110.00 7.35 0.0 1.0
30.00 110.00 7.05 0.0 1.0
35.00 110.00 6.70 0.0 1.0
40.00 110.00 6.32 0.0 1.0
45.00 110.00 5.91 0.5 0.5
50.00 110.00 5.50 0.5 0.5
55.00 110.00 5.10 0.5 0.5
60.00 110.00 4.69 0.5 0.5
65.00 110.00 4.23 0.5 0.5
70.00 110.00 3.56 0.5 0.5
75.00 110.00 2.45 0.5 0.5
80.00 110.00 0.38 0.5 0.5
85.00 110.00 -4.18 0.5 0.5
0.00 120.00 8.13 0.0 1.0
5.00 120.00 8.09 0.0 1.0
10.00 120.00 8.00 0.0 1.0
15.00 120.00 7.86 0.0 1.0
20.00 120.00 7.66 0.0 1.0
25.00 120.00 7.41 0.0 1.0
30.00 120.00 7.10 0.0 1.0
35.00 120.00 6.72 0.0 1.0
40.00 120.00 6.31 0.0 1.0
45.00 120.00 5.87 0.5 0.5
50.00 120.00 5.43 0.5 0.5
55.00 120.00 5.04 0.5 0.5
60.00 120.00 4.68 0.5 0.5
65.00 120.00 4.29 0.5 0.5
70.00 120.00 3.72 0.5 0.5
75.00 120.00 2.70 0.5 0.5
80.00 120.00 0.70 0.5 0.5
85.00 120.00 -3.80 0.5 0.5
0.00 130.00 8.13 0.0 1.0
5.00 130.00 8.10 0.0 1.0
10.00 130.00 8.02 0.0 1.0
15.00 130.00 7.88 0.0 1.0
20.00 130.00 7.67 0.0 1.0
25.00 130.00 7.38 0.0 1.0
30.00 130.00 7.03 0.0 1.0
35.00 130.00 6.60 0.0 1.0
40.00 130.00 6.11 0.0 1.0
45.00 130.00 5.61 0.5 0.5
50.00 130.00 5.12 0.5 0.5
55.00 130.00 4.71 0.5 0.5
60.00 130.00 4.37 0.5 0.5
65.00 130.00 4.03 0.5 0.5
70.00 130.00 3.53 0.5 0.5
75.00 130.00 2.58 0.5 0.5
80.00 130.00 0.64 0.5 0.5
85.00 130.00 -3.83 0.5 0.5
0.00 140.00 8.13 0.0 1.0
5.00 140.00 8.11 0.0 1.0
10.00 140.00 8.02 0.0 1.0
15.00 140.00 7.86 0.0 1.0
20.00 140.00 7.61 0.0 1.0
25.00 140.00 7.28 0.0 1.0
30.00 140.00 6.85 0.0 1.0
35.00 140.00 6.33 0.0 1.0
40.00 140.00 5.75 0.0 1.0
45.00 140.00 5.14 0.5 0.5
50.00 140.00 4.57 0.5 0.5
55.00 140.00 4.10 0.5 0.5
60.00 140.00 3.75 0.5 0.5
65.00 140.00 3.45 0.5 0.5
70.00 140.00 3.00 0.5 0.5
75.00 140.00 2.10 0.5 0.5
80.00 140.00 0.20 0.5 0.5
85.00 140.00 -4.24 0.5 0.5
0.00 150.00 8.13 0.0 1.0
5.00 150.00 8.11 0.0 1.0
10.00 150.00 8.01 0.0 1.0
15.00 150.00 7.82 0.0 1.0
20.00 150.00 7.51 0.0 1.0
25.00 150.00 7.10 0.0 1.0
30.00 150.00 6.57 0.0 1.0
35.00 150.00 5.93 0.0 1.0
40.00 150.00 5.21 0.0 1.0
45.00 150.00 4.46 0.5 0.5
50.00 150.00 3.77 0.5 0.5
55.00 150.00 3.22 0.5 0.5
60.00 150.00 2.84 0.5 0.5
65.00 150.00 2.56 0.5 0.5
70.00 150.00 2.16 0.5 0.5
75.00 150.00 1.30 0.5 0.5
80.00 150.00 -0.56 0.5 0.5
85.00 150.00 -4.98 0.5 0.5
0.00 160.00 8.13 0.0 1.0
5.00 160.00 8.12 0.0 1.0
10.00 160.00 8.00 0.0 1.0
15.00 160.00 7.75 0.0 1.0
20.00 160.00 7.38 0.0 1.0
25.00 160.00 6.87 0.0 1.0
30.00 160.00 6.21 0.0 1.0
35.00 160.00 5.42 0.0 1.0
40.00 160.00 4.52 0.0 1.0
45.00 160.00 3.59 0.5 0.5
50.00 160.00 2.72 0.5 0.5
55.00 160.00 2.05 0.5 0.5
60.00 160.00 1.63 0.5 0.5
65.00 160.00 1.37 0.5 0.5
70.00 160.00 1.02 0.5 0.5
75.00 160.00 0.21 0.5 0.5
80.00 160.00 -1.62 0.5 0.5
85.00 160.00 -6.01 0.5 0.5
0.00 170.00 8.13 0.0 1.0
5.00 170.00 8.12 0.0 1.0
10.00 170.00 7.97 0.0 1.0
15.00 170.00 7.68 0.0 1.0
20.00 170.00 7.23 0.0 1.0
25.00 170.00 6.60 0.0 1.0
30.00 170.00 5.80 0.0 1.0
35.00 170.00 4.83 0.0 1.0
40.00 170.00 3.71 0.0 1.0
45.00 170.00 2.52 0.5 0.5
50.00 170.00 1.42 0.5 0.5
55.00 170.00 0.58 0.5 0.5
60.00 170.00 0.11 0.5 0.5
65.00 170.00 -0.11 0.5 0.5
70.00 170.00 -0.38 0.5 0.5
75.00 170.00 -1.11 0.5 0.5
80.00 170.00 -2.88 0.5 0.5
85.00 170.00 -7.23 0.5 0.5
0.00 180.00 8.13 0.0 1.0
5.00 180.00 8.12 0.0 1.0
10.00 180.00 7.95 0.0 1.0
15.00 180.00 7.61 0.0 1.0
20.00 180.00 7.08 0.0 1.0
25.00 180.00 6.34 0.0 1.0
30.00 180.00 5.38 0.0 1.0
35.00 180.00 4.20 0.0 1.0
40.00 180.00 2.81 0.0 1.0
45.00 180.00 1.30 0.5 0.5
50.00 180.00 -0.16 0.5 0.5
55.00 180.00 -1.26 0.5 0.5
60.00 180.00 -1.77 0.5 0.5
65.00 180.00 -1.87 0.5 0.5
70.00 180.00 -1.98 0.5 0.5
75.00 180.00 -2.57 0.5 0.5
80.00 180.00 -4.25 0.5 0.5
85.00 180.00 -8.54 0.5 0.5
0.00 190.00 8.13 0.0 1.0
5.00 190.00 8.12 0.0 1.0
10.00 190.00 7.93 0.0 1.0
15.00 190.00 7.55 0.0 1.0
20.00 190.00 6.95 0.0 1.0
25.00 190.00 6.11 0.0 1.0
30.00 190.00 5.01 0.0 1.0
35.00 190.00 3.61 0.0 1.0
40.00 190.00 1.92 0.0 1.0
45.00 190.00 -0.02 0.5 0.5
50.00 190.00 -2.01 0.5 0.5
55.00 190.00 -3.53 0.5 0.5
60.00 190.00 -4.09 0.5 0.5
65.00 190.00 -3.90 0.5 0.5
70.00 190.00 -3.68 0.5 0.5
75.00 190.00 -4.04 0.5 0.5
80.00 190.00 -5.57 0.5 0.5
85.00 190.00 -9.77 0.5 0.5
0.00 200.00 8.13 0.0 1.0
5.00 200.00 8.12 0.0 1.0
10.00 200.00 7.92 0.0 1.0
15.00 200.00 7.51 0.0 1.0
20.00 200.00 6.86 0.0 1.0
25.00 200.00 5.95 0.0 1.0
30.00 200.00 4.73 0.0 1.0
35.00 200.00 3.16 0.0 1.0
40.00 200.00 1.19 0.0 1.0
45.00 200.00 -1.23 0.5 0.5
50.00 200.00 -3.97 0.5 0.5
55.00 200.00 -6.28 0.5 0.5
60.00 200.00 -6.84 0.5 0.5
65.00 200.00 -6.02 0.5 0.5
70.00 200.00 -5.26 0.5 0.5
75.00 200.00 -5.28 0.5 0.5
80.00 200.00 -6.62 0.5 0.5
85.00 200.00 -10.72 0.5 0.5
0.00 210.00 8.13 0.0 1.0
5.00 210.00 8.12 0.0 1.0
10.00 210.00 7.91 0.0 1.0
15.00 210.00 7.49 0.0 1.0
20.00 210.00 6.83 0.0 1.0
25.00 210.00 5.88 0.0 1.0
30.00 210.00 4.61 0.0 1.0
35.00 210.00 2.95 0.0 1.0
40.00 210.00 0.80 0.0 1.0
45.00 210.00 -1.97 0.5 0.5
50.00 210.00 -5.42 0.5 0.5
55.00 210.00 -8.77 0.5 0.5
60.00 210.00 -9.25 0.5 0.5
65.00 210.00 -7.49 0.5 0.5
70.00 210.00 -6.15 0.5 0.5
75.00 210.00 -5.89 0.5 0.5
80.00 210.00 -7.09 0.5 0.5
85.00 210.00 -11.12 0.5 0.5
0.00 220.00 8.13 0.0 1.0
5.00 220.00 8.12 0.0 1.0
10.00 220.00 7.92 0.0 1.0
15.00 220.00 7.51 0.0 1.0
20.00 220.00 6.86 0.0 1.0
25.00 220.00 5.93 0.0 1.0
30.00 220.00 4.67 0.0 1.0
35.00 220.00 3.03 0.0 1.0
40.00 220.00 0.90 0.0 1.0
45.00 220.00 -1.84 0.5 0.5
50.00 220.00 -5.23 0.5 0.5
55.00 220.00 -8.44 0.5 0.5
60.00 220.00 -8.77 0.5 0.5
65.00 220.00 -7.03 0.5 0.5
70.00 220.00 -5.72 0.5 0.5
75.00 220.00 -5.49 0.5 0.5
80.00 220.00 -6.72 0.5 0.5
85.00 220.00 -10.76 0.5 0.5
0.00 230.00 8.13 0.0 1.0
5.00 230.00 8.12 0.0 1.0
10.00 230.00 7.94 0.0 1.0
15.00 230.00 7.56 0.0 1.0
20.00 230.00 6.94 0.0 1.0
25.00 230.00 6.08 0.0 1.0
30.00 230.00 4.91 0.0 1.0
35.00 230.00 3.40 0.0 1.0
40.00 230.00 1.48 0.0 1.0
45.00 230.00 -0.88 0.5 0.5
50.00 230.00 -3.50 0.5 0.5
55.00 230.00 -5.57 0.5 0.5
60.00 230.00 -5.84 0.5 0.5
65.00 230.00 -4.90 0.5 0.5
70.00 230.00 -4.13 0.5 0.5
75.00 230.00 -4.18 0.5 0.5
80.00 230.00 -5.54 0.5 0.5
85.00 230.00 -9.67 0.5 0.5
0.00 240.00 8.13 0.0 1.0
5.00 240.00 8.13 0.0 1.0
10.00 240.00 7.97 0.0 1.0
15.00 240.00 7.62 0.0 1.0
20.00 240.00 7.08 0.0 1.0
25.00 240.00 6.30 0.0 1.0
30.00 240.00 5.27 0.0 1.0
35.00 240.00 3.96 0.0 1.0
40.00 240.00 2.35 0.0 1.0
45.00 240.00 0.49 0.5 0.5
50.00 240.00 -1.36 0.5 0.5
55.00 240.00 -2.64 0.5 0.5
60.00 240.00 -2.88 0.5 0.5
65.00 240.00 -2.46 0.5 0.5
70.00 240.00 -2.13 0.5 0.5
75.00 240.00 -2.43 0.5 0.5
80.00 240.00 -3.95 0.5 0.5
85.00 240.00 -8.17 0.5 0.5
0.00 250.00 8.13 0.0 1.0
5.00 250.00 8.13 0.0 1.0
10.00 250.00 8.00 0.0 1.0
15.00 250.00 7.71 0.0 1.0
20.00 250.00 7.24 0.0 1.0
25.00 250.00 6.58 0.0 1.0
30.00 250.00 5.70 0.0 1.0
35.00 250.00 4.61 0.0 1.0
40.00 250.00 3.31 0.0 1.0
45.00 250.00 1.89 0.5 0.5
50.00 250.00 0.59 0.5 0.5
55.00 250.00 -0.26 0.5 0.5
60.00 250.00 -0.47 0.5 0.5
65.00 250.00 -0.29 0.5 0.5
70.00 250.00 -0.21 0.5 0.5
75.00 250.00 -0.70 0.5 0.5
80.00 250.00 -2.32 0.5 0.5
85.00 250.00 -6.60 0.5 0.5
0.00 260.00 8.13 0.0 1.0
5.00 260.00 8.14 0.0 1.0
10.00 260.00 8.03 0.0 1.0
15.00 260.00 7.79 0.0 1.0
20.00 260.00 7.40 0.0 1.0
25.00 260.00 6.85 0.0 1.0
30.00 260.00 6.14 0.0 1.0
35.00 260.00 5.25 0.0 1.0
40.00 260.00 4.23 0.0 1.0
45.00 260.00 3.15 0.5 0.5
50.00 260.00 2.20 0.5 0.5
55.00 260.00 1.60 0.5 0.5
60.00 260.00 1.42 0.5 0.5
65.00 260.00 1.47 0.5 0.5
70.00 260.00 1.40 0.5 0.5
75.00 260.00 0.80 0.5 0.5
80.00 260.00 -0.90 0.5 0.5
85.00 260.00 -5.21 0.5 0.5
0.00 270.00 8.13 0.0 1.0
5.00 270.00 8.14 0.0 1.0
10.00 270.00 8.05 0.0 1.0
15.00 270.00 7.86 0.0 1.0
20.00 270.00 7.55 0.0 1.0
25.00 270.00 7.11 0.0 1.0
30.00 270.00 6.53 0.0 1.0
35.00 270.00 5.82 0.0 1.0
40.00 270.00 5.01 0.0 1.0
45.00 270.00 4.19 0.5 0.5
50.00 270.00 3.48 0.5 0.5
55.00 270.00 3.02 0.5 0.5
60.00 270.00 2.85 0.5 0.5
65.00 270.00 2.82 0.5 0.5
70.00 270.00 2.65 0.5 0.5
75.00 270.00 1.96 0.5 0.5
80.00 270.00 0.21 0.5 0.5
85.00 270.00 -4.14 0.5 0.5
0.00 280.00 8.13 0.0 1.0
5.00 280.00 8.13 0.0 1.0
10.00 280.00 8.06 0.0 1.0
15.00 280.00 7.91 0.0 1.0
20.00 280.00 7.66 0.0 1.0
25.00 280.00 7.30 0.0 1.0
30.00 280.00 6.84 0.0 1.0
35.00 280.00 6.27 0.0 1.0
40.00 280.00 5.63 0.0 1.0
45.00 280.00 4.98 0.5 0.5
50.00 280.00 4.42 0.5 0.5
55.00 280.00 4.05 0.5 0.5
60.00 280.00 3.87 0.5 0.5
65.00 280.00 3.77 0.5 0.5
70.00 280.00 3.50 0.5 0.5
75.00 280.00 2.74 0.5 0.5
80.00 280.00 0.94 0.5 0.5
85.00 280.00 -3.45 0.5 0.5
0.00 290.00 8.13 0.0 1.0
5.00 290.00 8.13 0.0 1.0
10.00 290.00 8.06 0.0 1.0
15.00 290.00 7.93 0.0 1.0
20.00 290.00 7.72 0.0 1.0
25.00 290.00 7.43 0.0 1.0
30.00 290.00 7.04 0.0 1.0
35.00 290.00 6.58 0.0 1.0
40.00 290.00 6.05 0.0 1.0
45.00 290.00 5.52 0.5 0.5
50.00 290.00 5.05 0.5 0.5
55.00 290.00 4.71 0.5 0.5
60.00 290.00 4.51 0.5 0.5
65.00 290.00 4.32 0.5 0.5
70.00 290.00 3.97 0.5 0.5
75.00 290.00 3.13 0.5 0.5
80.00 290.00 1.27 0.5 0.5
85.00 290.00 -3.15 0.5 0.5
0.00 300.00 8.13 0.0 1.0
5.00 300.00 8.11 0.0 1.0
10.00 300.00 8.05 0.0 1.0
15.00 300.00 7.92 0.0 1.0
20.00 300.00 7.73 0.0 1.0
25.00 300.00 7.47 0.0 1.0
30.00 300.00 7.13 0.0 1.0
35.00 300.00 6.72 0.0 1.0
40.00 300.00 6.27 0.0 1.0
45.00 300.00 5.81 0.5 0.5
50.00 300.00 5.38 0.5 0.5
55.00 300.00 5.04 0.5 0.5
60.00 300.00 4.78 0.5 0.5
65.00 300.00 4.51 0.5 0.5
70.00 300.00 4.06 0.5 0.5
75.00 300.00 3.14 0.5 0.5
80.00 300.00 1.21 0.5 0.5
85.00 300.00 -3.24 0.5 0.5
0.00 310.00 8.13 0.0 1.0
5.00 310.00 8.10 0.0 1.0
10.00 310.00 8.02 0.0 1.0
15.00 310.00 7.88 0.0 1.0
20.00 310.00 7.68 0.0 1.0
25.00 310.00 7.42 0.0 1.0
30.00 310.00 7.10 0.0 1.0
35.00 310.00 6.71 0.0 1.0
40.00 310.00 6.29 0.0 1.0
45.00 310.00 5.84 0.5 0.5
50.00 310.00 5.42 0.5 0.5
55.00 310.00 5.04 0.5 0.5
60.00 310.00 4.70 0.5 0.5
65.00 310.00 4.33 0.5 0.5
70.00 310.00 3.78 0.5 0.5
75.00 310.00 2.77 0.5 0.5
80.00 310.00 0.79 0.5 0.5
85.00 310.00 -3.71 0.5 0.5
0.00 320.00 8.13 0.0 1.0
5.00 320.00 8.08 0.0 1.0
10.00 320.00 7.97 0.0 1.0
15.00 320.00 7.80 0.0 1.0
20.00 320.00 7.57 0.0 1.0
25.00 320.00 7.29 0.0 1.0
30.00 320.00 6.95 0.0 1.0
35.00 320.00 6.55 0.0 1.0
40.00 320.00 6.11 0.0 1.0
45.00 320.00 5.64 0.5 0.5
50.00 320.00 5.17 0.5 0.5
55.00 320.00 4.72 0.5 0.5
60.00 320.00 4.29 0.5 0.5
65.00 320.00 3.82 0.5 0.5
70.00 320.00 3.17 0.5 0.5
75.00 320.00 2.08 0.5 0.5
80.00 320.00 0.04 0.5 0.5
85.00 320.00 -4.49 0.5 0.5
0.00 330.00 8.13 0.0 1.0
5.00 330.00 8.06 0.0 1.0
10.00 330.00 7.91 0.0 1.0
15.00 330.00 7.70 0.0 1.0
20.00 330.00 7.42 0.0 1.0
25.00 330.00 7.08 0.0 1.0
30.00 330.00 6.69 0.0 1.0
35.00 330.00 6.24 0.0 1.0
40.00 330.00 5.74 0.0 1.0
45.00 330.00 5.21 0.5 0.5
50.00 330.00 4.65 0.5 0.5
55.00 330.00 4.11 0.5 0.5
60.00 330.00 3.57 0.5 0.5
65.00 330.00 3.00 0.5 0.5
70.00 330.00 2.27 0.5 0.5
75.00 330.00 1.13 0.5 0.5
80.00 330.00 -0.94 0.5 0.5
85.00 330.00 -5.49 0.5 0.5
0.00 340.00 8.13 0.0 1.0
5.00 340.00 8.03 0.0 1.0
10.00 340.00 7.85 0.0 1.0
15.00 340.00 7.58 0.0 1.0
20.00 340.00 7.24 0.0 1.0
25.00 340.00 6.83 0.0 1.0
30.00 340.00 6.35 0.0 1.0
35.00 340.00 5.81 0.0 1.0
40.00 340.00 5.21 0.0 1.0
45.00 340.00 4.56 0.5 0.5
50.00 340.00 3.88 0.5 0.5
55.00 340.00 3.19 0.5 0.5
60.00 340.00 2.54 0.5 0.5
65.00 340.00 1.89 0.5 0.5
70.00 340.00 1.13 0.5 0.5
75.00 340.00 0.01 0.5 0.5
80.00 340.00 -2.03 0.5 0.5
85.00 340.00 -6.53 0.5 0.5
0.00 350.00 8.13 0.0 1.0
5.00 350.00 8.01 0.0 1.0
10.00 350.00 7.78 0.0 1.0
15.00 350.00 7.45 0.0 1.0
20.00 350.00 7.04 0.0 1.0
25.00 350.00 6.54 0.0 1.0
30.00 350.00 5.96 0.0 1.0
35.00 350.00 5.30 0.0 1.0
40.00 350.00 4.56 0.0 1.0
45.00 350.00 3.75 0.5 0.5
50.00 350.00 2.88 0.5 0.5
55.00 350.00 2.01 0.5 0.5
60.00 350.00 1.21 0.5 0.5
65.00 350.00 0.53 0.5 0.5
70.00 350.00 -0.16 0.5 0.5
75.00 350.00 -1.15 0.5 0.5
80.00 350.00 -3.05 0.5 0.5
85.00 350.00 -7.45 0.5 0.5
0.00 360.00 8.13 0.0 1.0
5.00 360.00 7.99 0.0 1.0
10.00 360.00 7.72 0.0 1.0
15.00 360.00 7.34 0.0 1.0
20.00 360.00 6.84 0.0 1.0
25.00 360.00 6.25 0.0 1.0
30.00 360.00 5.56 0.0 1.0
35.00 360.00 4.77 0.0 1.0
40.00 360.00 3.86 0.0 1.0
45.00 360.00 2.83 0.5 0.5
50.00 360.00 1.71 0.5 0.5
55.00 360.00 0.59 0.5 0.5
60.00 360.00 -0.35 0.5 0.5
65.00 360.00 -1.00 0.5 0.5
70.00 360.00 -1.48 0.5 0.5
75.00 360.00 -2.20 0.5 0.5
80.00 360.00 -3.85 0.5 0.5
85.00 360.00 -8.08 0.5 0.5
0.00 370.00 8.13 0.0 1.0
5.00 370.00 7.97 0.0 1.0
10.00 370.00 7.67 0.0 1.0
15.00 370.00 7.24 0.0 1.0
20.00 370.00 6.68 0.0 1.0
25.00 370.00 6.00 0.0 1.0
30.00 370.00 5.21 0.0 1.0
35.00 370.00 4.28 0.0 1.0
40.00 370.00 3.20 0.0 1.0
45.00 370.00 1.94 0.5 0.5
50.00 370.00 0.52 0.5 0.5
55.00 370.00 -0.91 0.5 0.5
60.00 370.00 -2.03 0.5 0.5
65.00 370.00 -2.55 0.5 0.5
70.00 370.00 -2.66 0.5 0.5
75.00 370.00 -3.00 0.5 0.5
80.00 370.00 -4.38 0.5 0.5
85.00 370.00 -8.45 0.5 0.5
0.00 380.00 8.13 0.0 1.0
5.00 380.00 7.96 0.0 1.0
10.00 380.00 7.64 0.0 1.0
15.00 380.00 7.17 0.0 1.0
20.00 380.00 6.56 0.0 1.0
25.00 380.00 5.83 0.0 1.0
30.00 380.00 4.96 0.0 1.0
35.00 380.00 3.94 0.0 1.0
40.00 380.00 2.73 0.0 1.0
45.00 380.00 1.28 0.5 0.5
50.00 380.00 -0.39 0.5 0.5
55.00 380.00 -2.12 0.5 0.5
60.00 380.00 -3.41 0.5 0.5
65.00 380.00 -3.77 0.5 0.5
70.00 380.00 -3.51 0.5 0.5
75.00 380.00 -3.53 0.5 0.5
80.00 380.00 -4.71 0.5 0.5
85.00 380.00 -8.67 0.5 0.5
0.00 390.00 8.13 0.0 1.0
5.00 390.00 7.95 0.0 1.0
10.00 390.00 7.62 0.0 1.0
15.00 390.00 7.14 0.0 1.0
20.00 390.00 6.52 0.0 1.0
25.00 390.00 5.76 0.0 1.0
30.00 390.00 4.87 0.0 1.0
35.00 390.00 3.82 0.0 1.0
40.00 390.00 2.58 0.0 1.0
45.00 390.00 1.09 0.5 0.5
50.00 390.00 -0.65 0.5 0.5
55.00 390.00 -2.46 0.5 0.5
60.00 390.00 -3.83 0.5 0.5
65.00 390.00 -4.17 0.5 0.5
70.00 390.00 -3.84 0.5 0.5
75.00 390.00 -3.80 0.5 0.5
80.00 390.00 -4.94 0.5 0.5
85.00 390.00 -8.87 0.5 0.5
0.00 400.00 8.13 0.0 1.0
5.00 400.00 7.96 0.0 1.0
10.00 400.00 7.63 0.0 1.0
15.00 400.00 7.15 0.0 1.0
20.00 400.00 6.54 0.0 1.0
25.00 400.00 5.81 0.0 1.0
30.00 400.00 4.95 0.0 1.0
35.00 400.00 3.95 0.0 1.0
40.00 400.00 2.79 0.0 1.0
45.00 400.00 1.43 0.5 0.5
50.00 400.00 -0.11 0.5 0.5
55.00 400.00 -1.71 0.5 0.5
60.00 400.00 -2.99 0.5 0.5
65.00 400.00 -3.55 0.5 0.5
70.00 400.00 -3.58 0.5 0.5
75.00 400.00 -3.80 0.5 0.5
80.00 400.00 -5.09 0.5 0.5
85.00 400.00 -9.11 0.5 0.5
0.00 410.00 8.13 0.0 1.0
5.00 410.00 7.96 0.0 1.0
10.00 410.00 7.65 0.0 1.0
15.00 410.00 7.20 0.0 1.0
20.00 410.00 6.64 0.0 1.0
25.00 410.00 5.96 0.0 1.0
30.00 410.00 5.18 0.0 1.0
35.00 410.00 4.30 0.0 1.0
40.00 410.00 3.30 0.0 1.0
45.00 410.00 2.18 0.5 0.5
50.00 410.00 0.94 0.5 0.5
55.00 410.00 -0.33 0.5 0.5
60.00 410.00 -1.45 0.5 0.5
65.00 410.00 -2.23 0.5 0.5
70.00 410.00 -2.76 0.5 0.5
75.00 410.00 -3.46 0.5 0.5
80.00 410.00 -5.08 0.5 0.5
85.00 410.00 -9.28 0.5 0.5
0.00 420.00 8.13 0.0 1.0
5.00 420.00 7.97 0.0 1.0
10.00 420.00 7.69 0.0 1.0
15.00 420.00 7.29 0.0 1.0
20.00 420.00 6.78 0.0 1.0
25.00 420.00 6.19 0.0 1.0
30.00 420.00 5.52 0.0 1.0
35.00 420.00 4.78 0.0 1.0
40.00 420.00 3.97 0.0 1.0
45.00 420.00 3.09 0.5 0.5
50.00 420.00 2.14 0.5 0.5
55.00 420.00 1.16 0.5 0.5
60.00 420.00 0.20 0.5 0.5
65.00 420.00 -0.69 0.5 0.5
70.00 420.00 -1.56 0.5 0.5
75.00 420.00 -2.69 0.5 0.5
80.00 420.00 -4.68 0.5 0.5
85.00 420.00 -9.13 0.5 0.5
0.00 430.00 8.13 0.0 1.0
5.00 430.00 7.99 0.0 1.0
10.00 430.00 7.74 0.0 1.0
15.00 430.00 7.40 0.0 1.0
20.00 430.00 6.97 0.0 1.0
25.00 430.00 6.47 0.0 1.0
30.00 430.00 5.91 0.0 1.0
35.00 430.00 5.31 0.0 1.0
40.00 430.00 4.67 0.0 1.0
45.00 430.00 3.98 0.5 0.5
50.00 430.00 3.25 0.5 0.5
55.00 430.00 2.48 0.5 0.5
60.00 430.00 1.67 0.5 0.5
65.00 430.00 0.80 0.5 0.5
70.00 430.00 -0.20 0.5 0.5
75.00 430.00 -1.57 0.5 0.5
80.00 430.00 -3.80 0.5 0.5
85.00 430.00 -8.44 0.5 0.5
0.00 440.00 8.13 0.0 1.0
5.00 440.00 8.01 0.0 1.0
10.00 440.00 7.80 0.0 1.0
15.00 440.00 7.52 0.0 1.0
20.00 440.00 7.16 0.0 1.0
25.00 440.00 6.75 0.0 1.0
30.00 440.00 6.30 0.0 1.0
35.00 440.00 5.81 0.0 1.0
40.00 440.00 5.30 0.0 1.0
45.00 440.00 4.75 0.5 0.5
50.00 440.00 4.18 0.5 0.5
55.00 440.00 3.55 0.5 0.5
60.00 440.00 2.87 0.5 0.5
65.00 440.00 2.09 0.5 0.5
70.00 440.00 1.10 0.5 0.5
75.00 440.00 -0.30 0.5 0.5
80.00 440.00 -2.59 0.5 0.5
85.00 440.00 -7.30 0.5 0.5
0.00 450.00 8.13 0.0 1.0
5.00 450.00 8.03 0.0 1.0
10.00 450.00 7.86 0.0 1.0
15.00 450.00 7.63 0.0 1.0
20.00 450.00 7.34 0.0 1.0
25.00 450.00 7.01 0.0 1.0
30.00 450.00 6.64 0.0 1.0
35.00 450.00 6.23 0.0 1.0
40.00 450.00 5.80 0.0 1.0
45.00 450.00 5.35 0.5 0.5
50.00 450.00 4.87 0.5 0.5
55.00 450.00 4.35 0.5 0.5
60.00 450.00 3.79 0.5 0.5
65.00 450.00 3.11 0.5 0.5
70.00 450.00 2.22 0.5 0.5
75.00 450.00 0.89 0.5 0.5
80.00 450.00 -1.36 0.5 0.5
85.00 450.00 -6.03 0.5 0.5
0.00 460.00 8.13 0.0 1.0
5.00 460.00 8.05 0.0 1.0
10.00 460.00 7.92 0.0 1.0
15.00 460.00 7.73 0.0 1.0
20.00 460.00 7.50 0.0 1.0
25.00 460.00 7.22 0.0 1.0
30.00 460.00 6.89 0.0 1.0
35.00 460.00 6.54 0.0 1.0
40.00 460.00 6.15 0.0 1.0
45.00 460.00 5.73 0.5 0.5
50.00 460.00 5.31 0.5 0.5
55.00 460.00 4.87 0.5 0.5
60.00 460.00 4.39 0.5 0.5
65.00 460.00 3.83 0.5 0.5
70.00 460.00 3.05 0.5 0.5
75.00 460.00 1.83 0.5 0.5
80.00 460.00 -0.33 0.5 0.5
85.00 460.00 -4.94 0.5 0.5
0.00 470.00 8.13 0.0 1.0
5.00 470.00 8.07 0.0 1.0
10.00 470.00 7.97 0.0 1.0
15.00 470.00 7.81 0.0 1.0
20.00 470.00 7.61 0.0 1.0
25.00 470.00 7.35 0.0 1.0
30.00 470.00 7.05 0.0 1.0
35.00 470.00 6.70 0.0 1.0
40.00 470.00 6.32 0.0 1.0
45.00 470.00 5.91 0.5 0.5
50.00 470.00 5.50 0.5 0.5
55.00 470.00 5.10 0.5 0.5
60.00 470.00 4.69 0.5 0.5
65.00 470.00 4.23 0.5 0.5
70.00 470.00 3.56 0.5 0.5
75.00 470.00 2.45 0.5 0.5
80.00 470.00 0.38 0.5 0.5
85.00 470.00 -4.18 0.5 0.5
0.00 480.00 8.13 0.0 1.0
5.00 480.00 8.09 0.0 1.0
10.00 480.00 8.00 0.0 1.0
15.00 480.00 7.86 0.0 1.0
20.00 480.00 7.66 0.0 1.0
25.00 480.00 7.41 0.0 1.0
30.00 480.00 7.10 0.0 1.0
35.00 480.00 6.72 0.0 1.0
40.00 480.00 6.31 0.0 1.0
45.00 480.00 5.87 0.5 0.5
50.00 480.00 5.43 0.5 0.5
55.00 480.00 5.04 0.5 0.5
60.00 480.00 4.68 0.5 0.5
65.00 480.00 4.29 0.5 0.5
70.00 480.00 3.72 0.5 0.5
75.00 480.00 2.70 0.5 0.5
80.00 480.00 0.70 0.5 0.5
85.00 480.00 -3.80 0.5 0.5
0.00 490.00 8.13 0.0 1.0
5.00 490.00 8.10 0.0 1.0
10.00 490.00 8.02 0.0 1.0
15.00 490.00 7.88 0.0 1.0
20.00 490.00 7.67 0.0 1.0
25.00 490.00 7.38 0.0 1.0
30.00 490.00 7.03 0.0 1.0
35.00 490.00 6.60 0.0 1.0
40.00 490.00 6.11 0.0 1.0
45.00 490.00 5.61 0.5 0.5
50.00 490.00 5.12 0.5 0.5
55.00 490.00 4.71 0.5 0.5
60.00 490.00 4.37 0.5 0.5
65.00 490.00 4.03 0.5 0.5
70.00 490.00 3.53 0.5 0.5
75.00 490.00 2.58 0.5 0.5
80.00 490.00 0.64 0.5 0.5
85.00 490.00 -3.83 0.5 0.5
0.00 500.00 8.13 0.0 1.0
5.00 500.00 8.11 0.0 1.0
10.00 500.00 8.02 0.0 1.0
15.00 500.00 7.86 0.0 1.0
20.00 500.00 7.61 0.0 1.0
25.00 500.00 7.28 0.0 1.0
30.00 500.00 6.85 0.0 1.0
35.00 500.00 6.33 0.0 1.0
40.00 500.00 5.75 0.0 1.0
45.00 500.00 5.14 0.5 0.5
50.00 500.00 4.57 0.5 0.5
55.00 500.00 4.10 0.5 0.5
60.00 500.00 3.75 0.5 0.5
65.00 500.00 3.45 0.5 0.5
70.00 500.00 3.00 0.5 0.5
75.00 500.00 2.10 0.5 0.5
80.00 500.00 0.20 0.5 0.5
85.00 500.00 -4.24 0.5 0.5
0.00 510.00 8.13 0.0 1.0
5.00 510.00 8.11 0.0 1.0
10.00 510.00 8.01 0.0 1.0
15.00 510.00 7.82 0.0 1.0
20.00 510.00 7.51 0.0 1.0
25.00 510.00 7.10 0.0 1.0
30.00 510.00 6.57 0.0 1.0
35.00 510.00 5.93 0.0 1.0
40.00 510.00 5.21 0.0 1.0
45.00 510.00 4.46 0.5 0.5
50.00 510.00 3.77 0.5 0.5
55.00 510.00 3.22 0.5 0.5
60.00 510.00 2.84 0.5 0.5
65.00 510.00 2.56 0.5 0.5
70.00 510.00 2.16 0.5 0.5
75.00 510.00 1.30 0.5 0.5
80.00 510.00 -0.56 0.5 0.5
85.00 510.00 -4.98 0.5 0.5
0.00 520.00 8.13 0.0 1.0
5.00 520.00 8.12 0.0 1.0
10.00 520.00 8.00 0.0 1.0
15.00 520.00 7.75 0.0 1.0
20.00 520.00 7.38 0.0 1.0
25.00 520.00 6.87 0.0 1.0
30.00 520.00 6.21 0.0 1.0
35.00 520.00 5.42 0.0 1.0
40.00 520.00 4.52 0.0 1.0
45.00 520.00 3.59 0.5 0.5
50.00 520.00 2.72 0.5 0.5
55.00 520.00 2.05 0.5 0.5
60.00 520.00 1.63 0.5 0.5
65.00 520.00 1.37 0.5 0.5
70.00 520.00 1.02 0.5 0.5
75.00 520.00 0.21 0.5 0.5
80.00 520.00 -1.62 0.5 0.5
85.00 520.00 -6.01 0.5 0.5
0.00 530.00 8.13 0.0 1.0
5.00 530.00 8.12 0.0 1.0
10.00 530.00 7.97 0.0 1.0
15.00 530.00 7.68 0.0 1.0
20.00 530.00 7.23 0.0 1.0
25.00 530.00 6.60 0.0 1.0
30.00 530.00 5.80 0.0 1.0
35.00 530.00 4.83 0.0 1.0
40.00 530.00 3.71 0.0 1.0
45.00 530.00 2.52 0.5 0.5
50.00 530.00 1.42 0.5 0.5
55.00 530.00 0.58 0.5 0.5
60.00 530.00 0.11 0.5 0.5
65.00 530.00 -0.11 0.5 0.5
70.00 530.00 -0.38 0.5 0.5
75.00 530.00 -1.11 0.5 0.5
80.00 530.00 -2.88 0.5 0.5
85.00 530.00 -7.23 0.5 0.5
0.00 540.00 8.13 0.0 1.0
5.00 540.00 8.12 0.0 1.0
10.00 540.00 7.95 0.0 1.0
15.00 540.00 7.61 0.0 1.0
20.00 540.00 7.08 0.0 1.0
25.00 540.00 6.34 0.0 1.0
30.00 540.00 5.38 0.0 1.0
35.00 540.00 4.20 0.0 1.0
40.00 540.00 2.81 0.0 1.0
45.00 540.00 1.30 0.5 0.5
50.00 540.00 -0.16 0.5 0.5
55.00 540.00 -1.26 0.5 0.5
60.00 540.00 -1.77 0.5 0.5
65.00 540.00 -1.87 0.5 0.5
70.00 540.00 -1.98 0.5 0.5
75.00 540.00 -2.57 0.5 0.5
80.00 540.00 -4.25 0.5 0.5
85.00 540.00 -8.54 0.5 0.5
0.00 550.00 8.13 0.0 1.0
5.00 550.00 8.12 0.0 1.0
10.00 550.00 7.93 0.0 1.0
15.00 550.00 7.55 0.0 1.0
20.00 550.00 6.95 0.0 1.0
25.00 550.00 6.11 0.0 1.0
30.00 550.00 5.01 0.0 1.0
35.00 550.00 3.61 0.0 1.0
40.00 550.00 1.92 0.0 1.0
45.00 550.00 -0.02 0.5 0.5
50.00 550.00 -2.01 0.5 0.5
55.00 550.00 -3.53 0.5 0.5
60.00 550.00 -4.09 0.5 0.5
65.00 550.00 -3.90 0.5 0.5
70.00 550.00 -3.68 0.5 0.5
75.00 550.00 -4.04 0.5 0.5
80.00 550.00 -5.57 0.5 0.5
85.00 550.00 -9.77 0.5 0.5
0.00 560.00 8.13 0.0 1.0
5.00 560.00 8.12 0.0 1.0
10.00 560.00 7.92 0.0 1.0
15.00 560.00 7.51 0.0 1.0
20.00 560.00 6.86 0.0 1.0
25.00 560.00 5.95 0.0 1.0
30.00 560.00 4.73 0.0 1.0
35.00 560.00 3.16 0.0 1.0
40.00 560.00 1.19 0.0 1.0
45.00 560.00 -1.23 0.5 0.5
50.00 560.00 -3.97 0.5 0.5
55.00 560.00 -6.28 0.5 0.5
60.00 560.00 -6.84 0.5 0.5
65.00 560.00 -6.02 0.5 0.5
70.00 560.00 -5.26 0.5 0.5
75.00 560.00 -5.28 0.5 0.5
80.00 560.00 -6.62 0.5 0.5
85.00 560.00 -10.72 0.5 0.5
0.00 570.00 8.13 0.0 1.0
5.00 570.00 8.12 0.0 1.0
10.00 570.00 7.91 0.0 1.0
15.00 570.00 7.49 0.0 1.0
20.00 570.00 6.83 0.0 1.0
25.00 570.00 5.88 0.0 1.0
30.00 570.00 4.61 0.0 1.0
35.00 570.00 2.95 0.0 1.0
40.00 570.00 0.80 0.0 1.0
45.00 570.00 -1.97 0.5 0.5
50.00 570.00 -5.42 0.5 0.5
55.00 570.00 -8.77 0.5 0.5
60.00 570.00 -9.25 0.5 0.5
65.00 570.00 -7.49 0.5 0.5
70.00 570.00 -6.15 0.5 0.5
75.00 570.00 -5.89 0.5 0.5
80.00 570.00 -7.09 0.5 0.5
85.00 570.00 -11.12 0.5 0.5
0.00 580.00 8.13 0.0 1.0
5.00 580.00 8.12 0.0 1.0
10.00 580.00 7.92 0.0 1.0
15.00 580.00 7.51 0.0 1.0
20.00 580.00 6.86 0.0 1.0
25.00 580.00 5.93 0.0 1.0
30.00 580.00 4.67 0.0 1.0
35.00 580.00 3.03 0.0 1.0
40.00 580.00 0.90 0.0 1.0
45.00 580.00 -1.84 0.5 0.5
50.00 580.00 -5.23 0.5 0.5
55.00 580.00 -8.44 0.5 0.5
60.00 580.00 -8.77 0.5 0.5
65.00 580.00 -7.03 0.5 0.5
70.00 580.00 -5.72 0.5 0.5
75.00 580.00 -5.49 0.5 0.5
80.00 580.00 -6.72 0.5 0.5
85.00 580.00 -10.76 0.5 0.5
0.00 590.00 8.13 0.0 1.0
5.00 590.00 8.12 0.0 1.0
10.00 590.00 7.94 0.0 1.0
15.00 590.00 7.56 0.0 1.0
20.00 590.00 6.94 0.0 1.0
25.00 590.00 6.08 0.0 1.0
30.00 590.00 4.91 0.0 1.0
35.00 590.00 3.40 0.0 1.0
40.00 590.00 1.48 0.0 1.0
45.00 590.00 -0.88 0.5 0.5
50.00 590.00 -3.50 0.5 0.5
55.00 590.00 -5.57 0.5 0.5
60.00 590.00 -5.84 0.5 0.5
65.00 590.00 -4.90 0.5 0.5
70.00 590.00 -4.13 0.5 0.5
75.00 590.00 -4.18 0.5 0.5
80.00 590.00 -5.54 0.5 0.5
85.00 590.00 -9.67 0.5 0.5
0.00 600.00 8.13 0.0 1.0
5.00 600.00 8.13 0.0 1.0
10.00 600.00 7.97 0.0 1.0
15.00 600.00 7.62 0.0 1.0
20.00 600.00 7.08 0.0 1.0
25.00 600.00 6.30 0.0 1.0
30.00 600.00 5.27 0.0 1.0
35.00 600.00 3.96 0.0 1.0
40.00 600.00 2.35 0.0 1.0
45.00 600.00 0.49 0.5 0.5
50.00 600.00 -1.36 0.5 0.5
55.00 600.00 -2.64 0.5 0.5
60.00 600.00 -2.88 0.5 0.5
65.00 600.00 -2.46 0.5 0.5
70.00 600.00 -2.13 0.5 0.5
75.00 600.00 -2.43 0.5 0.5
80.00 600.00 -3.95 0.5 0.5
85.00 600.00 -8.17 0.5 0.5
0.00 610.00 8.13 0.0 1.0
5.00 610.00 8.13 0.0 1.0
10.00 610.00 8.00 0.0 1.0
15.00 610.00 7.71 0.0 1.0
20.00 610.00 7.24 0.0 1.0
25.00 610.00 6.58 0.0 1.0
30.00 610.00 5.70 0.0 1.0
35.00 610.00 4.61 0.0 1.0
40.00 610.00 3.31 0.0 1.0
45.00 610.00 1.89 0.5 0.5
50.00 610.00 0.59 0.5 0.5
55.00 610.00 -0.26 0.5 0.5
60.00 610.00 -0.47 0.5 0.5
65.00 610.00 -0.29 0.5 0.5
70.00 610.00 -0.21 0.5 0.5
75.00 610.00 -0.70 0.5 0.5
80.00 610.00 -2.32 0.5 0.5
85.00 610.00 -6.60 0.5 0.5
0.00 620.00 8.13 0.0 1.0
5.00 620.00 8.14 0.0 1.0
10.00 620.00 8.03 0.0 1.0
15.00 620.00 7.79 0.0 1.0
20.00 620.00 7.40 0.0 1.0
25.00 620.00 6.85 0.0 1.0
30.00 620.00 6.14 0.0 1.0
35.00 620.00 5.25 0.0 1.0
40.00 620.00 4.23 0.0 1.0
45.00 620.00 3.15 0.5 0.5
50.00 620.00 2.20 0.5 0.5
55.00 620.00 1.60 0.5 0.5
60.00 620.00 1.42 0.5 0.5
65.00 620.00 1.47 0.5 0.5
70.00 620.00 1.40 0.5 0.5
75.00 620.00 0.80 0.5 0.5
80.00 620.00 -0.90 0.5 0.5
85.00 620.00 -5.21 0.5 0.5
0.00 630.00 8.13 0.0 1.0
5.00 630.00 8.14 0.0 1.0
10.00 630.00 8.05 0.0 1.0
15.00 630.00 7.86 0.0 1.0
20.00 630.00 7.55 0.0 1.0
25.00 630.00 7.11 0.0 1.0
30.00 630.00 6.53 0.0 1.0
35.00 630.00 5.82 0.0 1.0
40.00 630.00 5.01 0.0 1.0
45.00 630.00 4.19 0.5 0.5
50.00 630.00 3.48 0.5 0.5
55.00 630.00 3.02 0.5 0.5
60.00 630.00 2.85 0.5 0.5
65.00 630.00 2.82 0.5 0.5
70.00 630.00 2.65 0.5 0.5
75.00 630.00 1.96 0.5 0.5
80.00 630.00 0.21 0.5 0.5
85.00 630.00 -4.14 0.5 0.5
0.00 640.00 8.13 0.0 1.0
5.00 640.00 8.13 0.0 1.0
10.00 640.00 8.06 0.0 1.0
15.00 640.00 7.91 0.0 1.0
20.00 640.00 7.66 0.0 1.0
25.00 640.00 7.30 0.0 1.0
30.00 640.00 6.84 0.0 1.0
35.00 640.00 6.27 0.0 1.0
40.00 640.00 5.63 0.0 1.0
45.00 640.00 4.98 0.5 0.5
50.00 640.00 4.42 0.5 0.5
55.00 640.00 4.05 0.5 0.5
60.00 640.00 3.87 0.5 0.5
65.00 640.00 3.77 0.5 0.5
70.00 640.00 3.50 0.5 0.5
75.00 640.00 2.74 0.5 0.5
80.00 640.00 0.94 0.5 0.5
85.00 640.00 -3.45 0.5 0.5
0.00 650.00 8.13 0.0 1.0
5.00 650.00 8.13 0.0 1.0
10.00 650.00 8.06 0.0 1.0
15.00 650.00 7.93 0.0 1.0
20.00 650.00 7.72 0.0 1.0
25.00 650.00 7.43 0.0 1.0
30.00 650.00 7.04 0.0 1.0
35.00 650.00 6.58 0.0 1.0
40.00 650.00 6.05 0.0 1.0
45.00 650.00 5.52 0.5 0.5
50.00 650.00 5.05 0.5 0.5
55.00 650.00 4.71 0.5 0.5
60.00 650.00 4.51 0.5 0.5
65.00 650.00 4.32 0.5 0.5
70.00 650.00 3.97 0.5 0.5
75.00 650.00 3.13 0.5 0.5
80.00 650.00 1.27 0.5 0.5
85.00 650.00 -3.15 0.5 0.5
0.00 660.00 8.13 0.0 1.0
5.00 660.00 8.11 0.0 1.0
10.00 660.00 8.05 0.0 1.0
15.00 660.00 7.92 0.0 1.0
20.00 660.00 7.73 0.0 1.0
25.00 660.00 7.47 0.0 1.0
30.00 660.00 7.13 0.0 1.0
35.00 660.00 6.72 0.0 1.0
40.00 660.00 6.27 0.0 1.0
45.00 660.00 5.81 0.5 0.5
50.00 660.00 5.38 0.5 0.5
55.00 660.00 5.04 0.5 0.5
60.00 660.00 4.78 0.5 0.5
65.00 660.00 4.51 0.5 0.5
70.00 660.00 4.06 0.5 0.5
75.00 660.00 3.14 0.5 0.5
80.00 660.00 1.21 0.5 0.5
85.00 660.00 -3.24 0.5 0.5
0.00 670.00 8.13 0.0 1.0
5.00 670.00 8.10 0.0 1.0
10.00 670.00 8.02 0.0 1.0
15.00 670.00 7.88 0.0 1.0
20.00 670.00 7.68 0.0 1.0
25.00 670.00 7.42 0.0 1.0
30.00 670.00 7.10 0.0 1.0
35.00 670.00 6.71 0.0 1.0
40.00 670.00 6.29 0.0 1.0
45.00 670.00 5.84 0.5 0.5
50.00 670.00 5.42 0.5 0.5
55.00 670.00 5.04 0.5 0.5
60.00 670.00 4.70 0.5 0.5
65.00 670.00 4.33 0.5 0.5
70.00 670.00 3.78 0.5 0.5
75.00 670.00 2.77 0.5 0.5
80.00 670.00 0.79 0.5 0.5
85.00 670.00 -3.71 0.5 0.5
0.00 680.00 8.13 0.0 1.0
5.00 680.00 8.08 0.0 1.0
10.00 680.00 7.97 0.0 1.0
15.00 680.00 7.80 0.0 1.0
20.00 680.00 7.57 0.0 1.0
25.00 680.00 7.29 0.0 1.0
30.00 680.00 6.95 0.0 1.0
35.00 680.00 6.55 0.0 1.0
40.00 680.00 6.11 0.0 1.0
45.00 680.00 5.64 0.5 0.5
50.00 680.00 5.17 0.5 0.5
55.00 680.00 4.72 0.5 0.5
60.00 680.00 4.29 0.5 0.5
65.00 680.00 3.82 0.5 0.5
70.00 680.00 3.17 0.5 0.5
75.00 680.00 2.08 0.5 0.5
80.00 680.00 0.04 0.5 0.5
85.00 680.00 -4.49 0.5 0.5
0.00 690.00 8.13 0.0 1.0
5.00 690.00 8.06 0.0 1.0
10.00 690.00 7.91 0.0 1.0
15.00 690.00 7.70 0.0 1.0
20.00 690.00 7.42 0.0 1.0
25.00 690.00 7.08 0.0 1.0
30.00 690.00 6.69 0.0 1.0
35.00 690.00 6.24 0.0 1.0
40.00 690.00 5.74 0.0 1.0
45.00 690.00 5.21 0.5 0.5
50.00 690.00 4.65 0.5 0.5
55.00 690.00 4.11 0.5 0.5
60.00 690.00 3.57 0.5 0.5
65.00 690.00 3.00 0.5 0.5
70.00 690.00 2.27 0.5 0.5
75.00 690.00 1.13 0.5 0.5
80.00 690.00 -0.94 0.5 0.5
85.00 690.00 -5.49 0.5 0.5
0.00 700.00 8.13 0.0 1.0
5.00 700.00 8.03 0.0 1.0
10.00 700.00 7.85 0.0 1.0
15.00 700.00 7.58 0.0 1.0
20.00 700.00 7.24 0.0 1.0
25.00 700.00 6.83 0.0 1.0
30.00 700.00 6.35 0.0 1.0
35.00 700.00 5.81 0.0 1.0
40.00 700.00 5.21 0.0 1.0
45.00 700.00 4.56 0.5 0.5
50.00 700.00 3.88 0.5 0.5
55.00 700.00 3.19 0.5 0.5
60.00 700.00 2.54 0.5 0.5
65.00 700.00 1.89 0.5 0.5
70.00 700.00 1.13 0.5 0.5
75.00 700.00 0.01 0.5 0.5
80.00 700.00 -2.03 0.5 0.5
85.00 700.00 -6.53 0.5 0.5
0.00 710.00 8.13 0.0 1.0
5.00 710.00 8.01 0.0 1.0
10.00 710.00 7.78 0.0 1.0
15.00 710.00 7.45 0.0 1.0
20.00 710.00 7.04 0.0 1.0
25.00 710.00 6.54 0.0 1.0
30.00 710.00 5.96 0.0 1.0
35.00 710.00 5.30 0.0 1.0
40.00 710.00 4.56 0.0 1.0
45.00 710.00 3.75 0.5 0.5
50.00 710.00 2.88 0.5 0.5
55.00 710.00 2.01 0.5 0.5
60.00 710.00 1.21 0.5 0.5
65.00 710.00 0.53 0.5 0.5
70.00 710.00 -0.16 0.5 0.5
75.00 710.00 -1.15 0.5 0.5
80.00 710.00 -3.05 0.5 0.5
85.00 710.00 -7.45 0.5 0.5
0.00 720.00 8.13 0.0 1.0
5.00 720.00 7.99 0.0 1.0
10.00 720.00 7.72 0.0 1.0
15.00 720.00 7.34 0.0 1.0
20.00 720.00 6.84 0.0 1.0
25.00 720.00 6.25 0.0 1.0
30.00 720.00 5.56 0.0 1.0
35.00 720.00 4.77 0.0 1.0
40.00 720.00 3.86 0.0 1.0
45.00 720.00 2.83 0.5 0.5
50.00 720.00 1.71 0.5 0.5
55.00 720.00 0.59 0.5 0.5
60.00 720.00 -0.35 0.5 0.5
65.00 720.00 -1.00 0.5 0.5
70.00 720.00 -1.48 0.5 0.5
75.00 720.00 -2.20 0.5 0.5
80.00 720.00 -3.85 0.5 0.5
85.00 720.00 -8.08 0.5 0.5
