# FGCom-mumble Far-Field Radiation Pattern
# Frequency: 130.0 MHz
# Altitude: 12000 m
# Format: Theta Phi Gain_dBi H_Polarization V_Polarization
# Theta: Elevation angle (0-180 degrees)
# Phi: Azimuth angle (0-360 degrees)
# Gain: Antenna gain in dBi
# H_Polarization: Horizontal polarization component
# V_Polarization: Vertical polarization component
0.00 0.00 64.74 0.0 1.0
5.00 0.00 89.09 0.0 1.0
10.00 0.00 97.33 0.0 1.0
15.00 0.00 97.45 0.0 1.0
20.00 0.00 83.33 0.0 1.0
25.00 0.00 93.50 0.0 1.0
30.00 0.00 81.55 0.0 1.0
35.00 0.00 95.75 0.0 1.0
40.00 0.00 89.04 0.0 1.0
45.00 0.00 92.92 0.5 0.5
50.00 0.00 89.38 0.5 0.5
55.00 0.00 97.38 0.5 0.5
60.00 0.00 98.37 0.5 0.5
65.00 0.00 103.64 0.5 0.5
70.00 0.00 89.88 0.5 0.5
75.00 0.00 99.65 0.5 0.5
80.00 0.00 95.11 0.5 0.5
85.00 0.00 98.83 0.5 0.5
90.00 0.00 81.88 0.5 0.5
95.00 0.00 94.87 0.5 0.5
100.00 0.00 95.13 0.5 0.5
105.00 0.00 103.48 0.5 0.5
110.00 0.00 87.64 0.5 0.5
115.00 0.00 101.90 0.5 0.5
120.00 0.00 92.38 0.5 0.5
125.00 0.00 97.27 0.5 0.5
130.00 0.00 93.10 0.5 0.5
135.00 0.00 93.98 0.5 0.5
140.00 0.00 98.69 1.0 0.0
145.00 0.00 94.79 1.0 0.0
150.00 0.00 87.14 1.0 0.0
155.00 0.00 95.68 1.0 0.0
160.00 0.00 99.84 1.0 0.0
165.00 0.00 96.23 1.0 0.0
170.00 0.00 79.37 1.0 0.0
175.00 0.00 80.89 1.0 0.0
180.00 0.00 63.67 1.0 0.0
0.00 10.00 64.74 0.0 1.0
5.00 10.00 88.36 0.0 1.0
10.00 10.00 96.85 0.0 1.0
15.00 10.00 97.37 0.0 1.0
20.00 10.00 85.07 0.0 1.0
25.00 10.00 93.70 0.0 1.0
30.00 10.00 88.87 0.0 1.0
35.00 10.00 94.32 0.0 1.0
40.00 10.00 92.43 0.0 1.0
45.00 10.00 92.26 0.5 0.5
50.00 10.00 83.38 0.5 0.5
55.00 10.00 94.69 0.5 0.5
60.00 10.00 96.08 0.5 0.5
65.00 10.00 102.53 0.5 0.5
70.00 10.00 92.47 0.5 0.5
75.00 10.00 102.70 0.5 0.5
80.00 10.00 95.24 0.5 0.5
85.00 10.00 102.36 0.5 0.5
90.00 10.00 88.17 0.5 0.5
95.00 10.00 101.91 0.5 0.5
100.00 10.00 95.22 0.5 0.5
105.00 10.00 103.68 0.5 0.5
110.00 10.00 85.56 0.5 0.5
115.00 10.00 101.69 0.5 0.5
120.00 10.00 92.38 0.5 0.5
125.00 10.00 93.57 0.5 0.5
130.00 10.00 87.91 0.5 0.5
135.00 10.00 93.90 0.5 0.5
140.00 10.00 98.96 1.0 0.0
145.00 10.00 95.09 1.0 0.0
150.00 10.00 91.12 1.0 0.0
155.00 10.00 97.62 1.0 0.0
160.00 10.00 99.97 1.0 0.0
165.00 10.00 95.99 1.0 0.0
170.00 10.00 79.14 1.0 0.0
175.00 10.00 80.69 1.0 0.0
180.00 10.00 63.67 1.0 0.0
0.00 20.00 64.74 0.0 1.0
5.00 20.00 87.11 0.0 1.0
10.00 20.00 95.95 0.0 1.0
15.00 20.00 96.86 0.0 1.0
20.00 20.00 87.79 0.0 1.0
25.00 20.00 94.38 0.0 1.0
30.00 20.00 94.59 0.0 1.0
35.00 20.00 88.72 0.0 1.0
40.00 20.00 94.45 0.0 1.0
45.00 20.00 89.33 0.5 0.5
50.00 20.00 94.21 0.5 0.5
55.00 20.00 88.15 0.5 0.5
60.00 20.00 89.23 0.5 0.5
65.00 20.00 99.10 0.5 0.5
70.00 20.00 87.77 0.5 0.5
75.00 20.00 102.26 0.5 0.5
80.00 20.00 91.21 0.5 0.5
85.00 20.00 101.74 0.5 0.5
90.00 20.00 92.77 0.5 0.5
95.00 20.00 103.90 0.5 0.5
100.00 20.00 90.83 0.5 0.5
105.00 20.00 101.73 0.5 0.5
110.00 20.00 85.03 0.5 0.5
115.00 20.00 97.44 0.5 0.5
120.00 20.00 91.50 0.5 0.5
125.00 20.00 88.41 0.5 0.5
130.00 20.00 85.55 0.5 0.5
135.00 20.00 93.97 0.5 0.5
140.00 20.00 97.85 1.0 0.0
145.00 20.00 94.55 1.0 0.0
150.00 20.00 95.07 1.0 0.0
155.00 20.00 99.66 1.0 0.0
160.00 20.00 100.45 1.0 0.0
165.00 20.00 95.29 1.0 0.0
170.00 20.00 78.38 1.0 0.0
175.00 20.00 80.28 1.0 0.0
180.00 20.00 63.67 1.0 0.0
0.00 30.00 64.74 0.0 1.0
5.00 30.00 85.25 0.0 1.0
10.00 30.00 94.40 0.0 1.0
15.00 30.00 95.86 0.0 1.0
20.00 30.00 89.17 0.0 1.0
25.00 30.00 94.71 0.0 1.0
30.00 30.00 98.46 0.0 1.0
35.00 30.00 88.24 0.0 1.0
40.00 30.00 92.98 0.0 1.0
45.00 30.00 84.58 0.5 0.5
50.00 30.00 96.78 0.5 0.5
55.00 30.00 83.09 0.5 0.5
60.00 30.00 94.89 0.5 0.5
65.00 30.00 89.70 0.5 0.5
70.00 30.00 91.56 0.5 0.5
75.00 30.00 91.97 0.5 0.5
80.00 30.00 87.04 0.5 0.5
85.00 30.00 96.62 0.5 0.5
90.00 30.00 77.49 0.5 0.5
95.00 30.00 96.32 0.5 0.5
100.00 30.00 87.12 0.5 0.5
105.00 30.00 94.47 0.5 0.5
110.00 30.00 92.10 0.5 0.5
115.00 30.00 88.32 0.5 0.5
120.00 30.00 88.94 0.5 0.5
125.00 30.00 97.66 0.5 0.5
130.00 30.00 94.13 0.5 0.5
135.00 30.00 88.34 0.5 0.5
140.00 30.00 93.57 1.0 0.0
145.00 30.00 92.66 1.0 0.0
150.00 30.00 97.73 1.0 0.0
155.00 30.00 101.31 1.0 0.0
160.00 30.00 100.55 1.0 0.0
165.00 30.00 94.18 1.0 0.0
170.00 30.00 76.55 1.0 0.0
175.00 30.00 79.62 1.0 0.0
180.00 30.00 63.67 1.0 0.0
0.00 40.00 64.74 0.0 1.0
5.00 40.00 82.64 0.0 1.0
10.00 40.00 92.00 0.0 1.0
15.00 40.00 93.93 0.0 1.0
20.00 40.00 88.58 0.0 1.0
25.00 40.00 94.38 0.0 1.0
30.00 40.00 100.54 0.0 1.0
35.00 40.00 97.49 0.0 1.0
40.00 40.00 84.91 0.0 1.0
45.00 40.00 91.28 0.5 0.5
50.00 40.00 92.78 0.5 0.5
55.00 40.00 93.42 0.5 0.5
60.00 40.00 96.50 0.5 0.5
65.00 40.00 97.85 0.5 0.5
70.00 40.00 91.35 0.5 0.5
75.00 40.00 93.65 0.5 0.5
80.00 40.00 93.96 0.5 0.5
85.00 40.00 95.15 0.5 0.5
90.00 40.00 93.86 0.5 0.5
95.00 40.00 93.36 0.5 0.5
100.00 40.00 93.90 0.5 0.5
105.00 40.00 97.36 0.5 0.5
110.00 40.00 89.77 0.5 0.5
115.00 40.00 95.22 0.5 0.5
120.00 40.00 86.07 0.5 0.5
125.00 40.00 96.67 0.5 0.5
130.00 40.00 94.04 0.5 0.5
135.00 40.00 88.95 0.5 0.5
140.00 40.00 88.43 1.0 0.0
145.00 40.00 88.95 1.0 0.0
150.00 40.00 99.05 1.0 0.0
155.00 40.00 101.98 1.0 0.0
160.00 40.00 99.85 1.0 0.0
165.00 40.00 92.32 1.0 0.0
170.00 40.00 73.89 1.0 0.0
175.00 40.00 78.64 1.0 0.0
180.00 40.00 63.67 1.0 0.0
0.00 50.00 64.74 0.0 1.0
5.00 50.00 78.99 0.0 1.0
10.00 50.00 88.37 0.0 1.0
15.00 50.00 90.46 0.0 1.0
20.00 50.00 85.92 0.0 1.0
25.00 50.00 93.81 0.0 1.0
30.00 50.00 100.83 0.0 1.0
35.00 50.00 100.27 0.0 1.0
40.00 50.00 81.29 0.0 1.0
45.00 50.00 99.20 0.5 0.5
50.00 50.00 94.10 0.5 0.5
55.00 50.00 95.17 0.5 0.5
60.00 50.00 95.09 0.5 0.5
65.00 50.00 93.57 0.5 0.5
70.00 50.00 89.89 0.5 0.5
75.00 50.00 93.13 0.5 0.5
80.00 50.00 88.86 0.5 0.5
85.00 50.00 97.74 0.5 0.5
90.00 50.00 87.91 0.5 0.5
95.00 50.00 92.17 0.5 0.5
100.00 50.00 88.17 0.5 0.5
105.00 50.00 96.49 0.5 0.5
110.00 50.00 92.37 0.5 0.5
115.00 50.00 90.04 0.5 0.5
120.00 50.00 96.40 0.5 0.5
125.00 50.00 95.58 0.5 0.5
130.00 50.00 85.87 0.5 0.5
135.00 50.00 100.06 0.5 0.5
140.00 50.00 100.56 1.0 0.0
145.00 50.00 88.32 1.0 0.0
150.00 50.00 99.00 1.0 0.0
155.00 50.00 101.27 1.0 0.0
160.00 50.00 97.88 1.0 0.0
165.00 50.00 89.03 1.0 0.0
170.00 50.00 72.76 1.0 0.0
175.00 50.00 77.20 1.0 0.0
180.00 50.00 63.67 1.0 0.0
0.00 60.00 64.74 0.0 1.0
5.00 60.00 73.87 0.0 1.0
10.00 60.00 82.82 0.0 1.0
15.00 60.00 84.38 0.0 1.0
20.00 60.00 82.65 0.0 1.0
25.00 60.00 92.56 0.0 1.0
30.00 60.00 99.32 0.0 1.0
35.00 60.00 99.72 0.0 1.0
40.00 60.00 84.92 0.0 1.0
45.00 60.00 101.52 0.5 0.5
50.00 60.00 102.71 0.5 0.5
55.00 60.00 91.96 0.5 0.5
60.00 60.00 102.18 0.5 0.5
65.00 60.00 89.91 0.5 0.5
70.00 60.00 100.46 0.5 0.5
75.00 60.00 91.37 0.5 0.5
80.00 60.00 101.29 0.5 0.5
85.00 60.00 94.60 0.5 0.5
90.00 60.00 98.69 0.5 0.5
95.00 60.00 91.05 0.5 0.5
100.00 60.00 100.85 0.5 0.5
105.00 60.00 95.86 0.5 0.5
110.00 60.00 99.03 0.5 0.5
115.00 60.00 98.34 0.5 0.5
120.00 60.00 98.23 0.5 0.5
125.00 60.00 101.16 0.5 0.5
130.00 60.00 86.44 0.5 0.5
135.00 60.00 102.67 0.5 0.5
140.00 60.00 101.26 1.0 0.0
145.00 60.00 83.51 1.0 0.0
150.00 60.00 97.57 1.0 0.0
155.00 60.00 98.50 1.0 0.0
160.00 60.00 93.71 1.0 0.0
165.00 60.00 82.99 1.0 0.0
170.00 60.00 73.73 1.0 0.0
175.00 60.00 75.03 1.0 0.0
180.00 60.00 63.67 1.0 0.0
0.00 70.00 64.74 0.0 1.0
5.00 70.00 67.11 0.0 1.0
10.00 70.00 73.65 0.0 1.0
15.00 70.00 72.91 0.0 1.0
20.00 70.00 79.48 0.0 1.0
25.00 70.00 88.60 0.0 1.0
30.00 70.00 94.39 0.0 1.0
35.00 70.00 95.17 0.0 1.0
40.00 70.00 87.35 0.0 1.0
45.00 70.00 93.88 0.5 0.5
50.00 70.00 96.61 0.5 0.5
55.00 70.00 82.15 0.5 0.5
60.00 70.00 98.82 0.5 0.5
65.00 70.00 87.86 0.5 0.5
70.00 70.00 100.27 0.5 0.5
75.00 70.00 96.03 0.5 0.5
80.00 70.00 98.68 0.5 0.5
85.00 70.00 94.13 0.5 0.5
90.00 70.00 99.98 0.5 0.5
95.00 70.00 97.06 0.5 0.5
100.00 70.00 97.96 0.5 0.5
105.00 70.00 94.48 0.5 0.5
110.00 70.00 98.43 0.5 0.5
115.00 70.00 97.87 0.5 0.5
120.00 70.00 92.99 0.5 0.5
125.00 70.00 97.77 0.5 0.5
130.00 70.00 83.86 0.5 0.5
135.00 70.00 95.07 0.5 0.5
140.00 70.00 90.99 1.0 0.0
145.00 70.00 87.01 1.0 0.0
150.00 70.00 93.08 1.0 0.0
155.00 70.00 91.84 1.0 0.0
160.00 70.00 85.36 1.0 0.0
165.00 70.00 71.63 1.0 0.0
170.00 70.00 73.22 1.0 0.0
175.00 70.00 71.44 1.0 0.0
180.00 70.00 63.67 1.0 0.0
0.00 80.00 64.74 0.0 1.0
5.00 80.00 62.47 0.0 1.0
10.00 80.00 65.17 0.0 1.0
15.00 80.00 69.83 0.0 1.0
20.00 80.00 68.64 0.0 1.0
25.00 80.00 78.98 0.0 1.0
30.00 80.00 80.77 0.0 1.0
35.00 80.00 83.30 0.0 1.0
40.00 80.00 82.40 0.0 1.0
45.00 80.00 81.63 0.5 0.5
50.00 80.00 82.68 0.5 0.5
55.00 80.00 86.11 0.5 0.5
60.00 80.00 86.75 0.5 0.5
65.00 80.00 84.82 0.5 0.5
70.00 80.00 81.98 0.5 0.5
75.00 80.00 84.09 0.5 0.5
80.00 80.00 86.58 0.5 0.5
85.00 80.00 83.49 0.5 0.5
90.00 80.00 78.99 0.5 0.5
95.00 80.00 84.73 0.5 0.5
100.00 80.00 88.09 0.5 0.5
105.00 80.00 84.82 0.5 0.5
110.00 80.00 79.11 0.5 0.5
115.00 80.00 83.32 0.5 0.5
120.00 80.00 87.47 0.5 0.5
125.00 80.00 86.36 0.5 0.5
130.00 80.00 83.12 0.5 0.5
135.00 80.00 80.50 0.5 0.5
140.00 80.00 83.20 1.0 0.0
145.00 80.00 82.58 1.0 0.0
150.00 80.00 82.16 1.0 0.0
155.00 80.00 77.31 1.0 0.0
160.00 80.00 76.21 1.0 0.0
165.00 80.00 69.18 1.0 0.0
170.00 80.00 69.33 1.0 0.0
175.00 80.00 64.13 1.0 0.0
180.00 80.00 63.67 1.0 0.0
0.00 90.00 64.74 0.0 1.0
5.00 90.00 64.80 0.0 1.0
10.00 90.00 73.28 0.0 1.0
15.00 90.00 77.12 0.0 1.0
20.00 90.00 81.15 0.0 1.0
25.00 90.00 77.03 0.0 1.0
30.00 90.00 77.98 0.0 1.0
35.00 90.00 87.82 0.0 1.0
40.00 90.00 88.80 0.0 1.0
45.00 90.00 83.34 0.5 0.5
50.00 90.00 92.66 0.5 0.5
55.00 90.00 89.52 0.5 0.5
60.00 90.00 89.87 0.5 0.5
65.00 90.00 92.54 0.5 0.5
70.00 90.00 91.44 0.5 0.5
75.00 90.00 95.51 0.5 0.5
80.00 90.00 85.37 0.5 0.5
85.00 90.00 94.81 0.5 0.5
90.00 90.00 90.52 0.5 0.5
95.00 90.00 96.12 0.5 0.5
100.00 90.00 84.56 0.5 0.5
105.00 90.00 94.69 0.5 0.5
110.00 90.00 88.28 0.5 0.5
115.00 90.00 95.35 0.5 0.5
120.00 90.00 82.35 0.5 0.5
125.00 90.00 92.04 0.5 0.5
130.00 90.00 88.88 0.5 0.5
135.00 90.00 86.54 0.5 0.5
140.00 90.00 90.00 1.0 0.0
145.00 90.00 85.08 1.0 0.0
150.00 90.00 74.30 1.0 0.0
155.00 90.00 82.42 1.0 0.0
160.00 90.00 82.75 1.0 0.0
165.00 90.00 79.49 1.0 0.0
170.00 90.00 74.54 1.0 0.0
175.00 90.00 63.64 1.0 0.0
180.00 90.00 63.67 1.0 0.0
0.00 100.00 64.74 0.0 1.0
5.00 100.00 71.53 0.0 1.0
10.00 100.00 82.09 0.0 1.0
15.00 100.00 87.97 0.0 1.0
20.00 100.00 89.99 0.0 1.0
25.00 100.00 84.50 0.0 1.0
30.00 100.00 90.65 0.0 1.0
35.00 100.00 98.17 0.0 1.0
40.00 100.00 96.41 0.0 1.0
45.00 100.00 91.93 0.5 0.5
50.00 100.00 102.23 0.5 0.5
55.00 100.00 97.06 0.5 0.5
60.00 100.00 98.66 0.5 0.5
65.00 100.00 99.05 0.5 0.5
70.00 100.00 98.31 0.5 0.5
75.00 100.00 102.65 0.5 0.5
80.00 100.00 92.97 0.5 0.5
85.00 100.00 100.54 0.5 0.5
90.00 100.00 96.34 0.5 0.5
95.00 100.00 103.00 0.5 0.5
100.00 100.00 91.79 0.5 0.5
105.00 100.00 100.76 0.5 0.5
110.00 100.00 93.96 0.5 0.5
115.00 100.00 103.22 0.5 0.5
120.00 100.00 88.96 0.5 0.5
125.00 100.00 100.93 0.5 0.5
130.00 100.00 95.32 0.5 0.5
135.00 100.00 96.95 0.5 0.5
140.00 100.00 100.77 1.0 0.0
145.00 100.00 94.60 1.0 0.0
150.00 100.00 85.23 1.0 0.0
155.00 100.00 93.46 1.0 0.0
160.00 100.00 92.50 1.0 0.0
165.00 100.00 88.29 1.0 0.0
170.00 100.00 82.06 1.0 0.0
175.00 100.00 72.18 1.0 0.0
180.00 100.00 63.67 1.0 0.0
0.00 110.00 64.74 0.0 1.0
5.00 110.00 77.28 0.0 1.0
10.00 110.00 88.25 0.0 1.0
15.00 110.00 93.97 0.0 1.0
20.00 110.00 95.32 0.0 1.0
25.00 110.00 88.62 0.0 1.0
30.00 110.00 94.70 0.0 1.0
35.00 110.00 101.38 0.0 1.0
40.00 110.00 98.86 0.0 1.0
45.00 110.00 91.90 0.5 0.5
50.00 110.00 101.28 0.5 0.5
55.00 110.00 96.08 0.5 0.5
60.00 110.00 93.87 0.5 0.5
65.00 110.00 98.14 0.5 0.5
70.00 110.00 84.85 0.5 0.5
75.00 110.00 91.93 0.5 0.5
80.00 110.00 78.22 0.5 0.5
85.00 110.00 95.78 0.5 0.5
90.00 110.00 93.26 0.5 0.5
95.00 110.00 88.30 0.5 0.5
100.00 110.00 80.72 0.5 0.5
105.00 110.00 96.52 0.5 0.5
110.00 110.00 90.48 0.5 0.5
115.00 110.00 95.94 0.5 0.5
120.00 110.00 87.73 0.5 0.5
125.00 110.00 99.13 0.5 0.5
130.00 110.00 97.42 0.5 0.5
135.00 110.00 96.96 0.5 0.5
140.00 110.00 103.15 1.0 0.0
145.00 110.00 98.43 1.0 0.0
150.00 110.00 88.70 1.0 0.0
155.00 110.00 98.25 1.0 0.0
160.00 110.00 97.67 1.0 0.0
165.00 110.00 93.42 1.0 0.0
170.00 110.00 86.73 1.0 0.0
175.00 110.00 76.62 1.0 0.0
180.00 110.00 63.67 1.0 0.0
0.00 120.00 64.74 0.0 1.0
5.00 120.00 81.41 0.0 1.0
10.00 120.00 92.33 0.0 1.0
15.00 120.00 97.53 0.0 1.0
20.00 120.00 98.15 0.0 1.0
25.00 120.00 89.79 0.0 1.0
30.00 120.00 95.52 0.0 1.0
35.00 120.00 101.09 0.0 1.0
40.00 120.00 99.00 0.0 1.0
45.00 120.00 89.59 0.5 0.5
50.00 120.00 79.64 0.5 0.5
55.00 120.00 90.79 0.5 0.5
60.00 120.00 94.75 0.5 0.5
65.00 120.00 89.12 0.5 0.5
70.00 120.00 96.71 0.5 0.5
75.00 120.00 88.27 0.5 0.5
80.00 120.00 97.50 0.5 0.5
85.00 120.00 94.81 0.5 0.5
90.00 120.00 94.52 0.5 0.5
95.00 120.00 89.89 0.5 0.5
100.00 120.00 97.39 0.5 0.5
105.00 120.00 94.51 0.5 0.5
110.00 120.00 95.83 0.5 0.5
115.00 120.00 91.77 0.5 0.5
120.00 120.00 93.78 0.5 0.5
125.00 120.00 88.06 0.5 0.5
130.00 120.00 96.17 0.5 0.5
135.00 120.00 81.40 0.5 0.5
140.00 120.00 98.55 1.0 0.0
145.00 120.00 97.40 1.0 0.0
150.00 120.00 88.74 1.0 0.0
155.00 120.00 100.16 1.0 0.0
160.00 120.00 100.48 1.0 0.0
165.00 120.00 96.69 1.0 0.0
170.00 120.00 89.84 1.0 0.0
175.00 120.00 79.48 1.0 0.0
180.00 120.00 63.67 1.0 0.0
0.00 130.00 64.74 0.0 1.0
5.00 130.00 84.36 0.0 1.0
10.00 130.00 94.98 0.0 1.0
15.00 130.00 99.56 0.0 1.0
20.00 130.00 99.34 0.0 1.0
25.00 130.00 90.02 0.0 1.0
30.00 130.00 93.55 0.0 1.0
35.00 130.00 96.90 0.0 1.0
40.00 130.00 94.64 0.0 1.0
45.00 130.00 94.96 0.5 0.5
50.00 130.00 93.40 0.5 0.5
55.00 130.00 87.86 0.5 0.5
60.00 130.00 98.03 0.5 0.5
65.00 130.00 92.65 0.5 0.5
70.00 130.00 89.82 0.5 0.5
75.00 130.00 93.50 0.5 0.5
80.00 130.00 91.41 0.5 0.5
85.00 130.00 88.93 0.5 0.5
90.00 130.00 87.11 0.5 0.5
95.00 130.00 92.32 0.5 0.5
100.00 130.00 91.27 0.5 0.5
105.00 130.00 91.11 0.5 0.5
110.00 130.00 87.21 0.5 0.5
115.00 130.00 94.15 0.5 0.5
120.00 130.00 93.08 0.5 0.5
125.00 130.00 98.77 0.5 0.5
130.00 130.00 85.67 0.5 0.5
135.00 130.00 94.99 0.5 0.5
140.00 130.00 85.32 1.0 0.0
145.00 130.00 94.97 1.0 0.0
150.00 130.00 85.83 1.0 0.0
155.00 130.00 100.54 1.0 0.0
160.00 130.00 102.03 1.0 0.0
165.00 130.00 98.75 1.0 0.0
170.00 130.00 91.97 1.0 0.0
175.00 130.00 81.51 1.0 0.0
180.00 130.00 63.67 1.0 0.0
0.00 140.00 64.74 0.0 1.0
5.00 140.00 86.47 0.0 1.0
10.00 140.00 96.70 0.0 1.0
15.00 140.00 100.58 0.0 1.0
20.00 140.00 99.40 0.0 1.0
25.00 140.00 90.24 0.0 1.0
30.00 140.00 86.34 0.0 1.0
35.00 140.00 83.68 0.0 1.0
40.00 140.00 81.82 0.0 1.0
45.00 140.00 93.63 0.5 0.5
50.00 140.00 96.14 0.5 0.5
55.00 140.00 91.15 0.5 0.5
60.00 140.00 88.29 0.5 0.5
65.00 140.00 77.78 0.5 0.5
70.00 140.00 95.52 0.5 0.5
75.00 140.00 88.73 0.5 0.5
80.00 140.00 101.64 0.5 0.5
85.00 140.00 91.60 0.5 0.5
90.00 140.00 101.12 0.5 0.5
95.00 140.00 92.90 0.5 0.5
100.00 140.00 101.39 0.5 0.5
105.00 140.00 91.22 0.5 0.5
110.00 140.00 95.46 0.5 0.5
115.00 140.00 83.11 0.5 0.5
120.00 140.00 92.67 0.5 0.5
125.00 140.00 92.62 0.5 0.5
130.00 140.00 86.60 0.5 0.5
135.00 140.00 95.54 0.5 0.5
140.00 140.00 88.86 1.0 0.0
145.00 140.00 93.07 1.0 0.0
150.00 140.00 85.94 1.0 0.0
155.00 140.00 99.21 1.0 0.0
160.00 140.00 102.48 1.0 0.0
165.00 140.00 99.99 1.0 0.0
170.00 140.00 93.55 1.0 0.0
175.00 140.00 83.04 1.0 0.0
180.00 140.00 63.67 1.0 0.0
0.00 150.00 64.74 0.0 1.0
5.00 150.00 87.92 0.0 1.0
10.00 150.00 97.81 0.0 1.0
15.00 150.00 101.16 0.0 1.0
20.00 150.00 99.48 0.0 1.0
25.00 150.00 92.19 0.0 1.0
30.00 150.00 87.64 0.0 1.0
35.00 150.00 92.93 0.0 1.0
40.00 150.00 85.99 0.0 1.0
45.00 150.00 91.68 0.5 0.5
50.00 150.00 92.23 0.5 0.5
55.00 150.00 93.60 0.5 0.5
60.00 150.00 98.78 0.5 0.5
65.00 150.00 80.53 0.5 0.5
70.00 150.00 103.06 0.5 0.5
75.00 150.00 95.39 0.5 0.5
80.00 150.00 102.09 0.5 0.5
85.00 150.00 92.55 0.5 0.5
90.00 150.00 102.99 0.5 0.5
95.00 150.00 95.99 0.5 0.5
100.00 150.00 101.94 0.5 0.5
105.00 150.00 93.34 0.5 0.5
110.00 150.00 102.28 0.5 0.5
115.00 150.00 96.51 0.5 0.5
120.00 150.00 97.86 0.5 0.5
125.00 150.00 88.23 0.5 0.5
130.00 150.00 85.93 0.5 0.5
135.00 150.00 94.39 0.5 0.5
140.00 150.00 95.04 1.0 0.0
145.00 150.00 90.30 1.0 0.0
150.00 150.00 90.33 1.0 0.0
155.00 150.00 96.85 1.0 0.0
160.00 150.00 102.53 1.0 0.0
165.00 150.00 100.92 1.0 0.0
170.00 150.00 94.82 1.0 0.0
175.00 150.00 84.16 1.0 0.0
180.00 150.00 63.67 1.0 0.0
0.00 160.00 64.74 0.0 1.0
5.00 160.00 88.81 0.0 1.0
10.00 160.00 98.41 0.0 1.0
15.00 160.00 101.37 0.0 1.0
20.00 160.00 99.33 0.0 1.0
25.00 160.00 92.54 0.0 1.0
30.00 160.00 91.37 0.0 1.0
35.00 160.00 95.10 0.0 1.0
40.00 160.00 87.54 0.0 1.0
45.00 160.00 84.90 0.5 0.5
50.00 160.00 84.69 0.5 0.5
55.00 160.00 93.79 0.5 0.5
60.00 160.00 101.44 0.5 0.5
65.00 160.00 84.32 0.5 0.5
70.00 160.00 103.01 0.5 0.5
75.00 160.00 92.41 0.5 0.5
80.00 160.00 101.02 0.5 0.5
85.00 160.00 94.17 0.5 0.5
90.00 160.00 97.61 0.5 0.5
95.00 160.00 88.48 0.5 0.5
100.00 160.00 101.18 0.5 0.5
105.00 160.00 96.22 0.5 0.5
110.00 160.00 101.94 0.5 0.5
115.00 160.00 98.31 0.5 0.5
120.00 160.00 99.17 0.5 0.5
125.00 160.00 95.17 0.5 0.5
130.00 160.00 90.68 0.5 0.5
135.00 160.00 89.12 0.5 0.5
140.00 160.00 96.18 1.0 0.0
145.00 160.00 88.58 1.0 0.0
150.00 160.00 93.60 1.0 0.0
155.00 160.00 93.31 1.0 0.0
160.00 160.00 102.11 1.0 0.0
165.00 160.00 101.39 1.0 0.0
170.00 160.00 95.63 1.0 0.0
175.00 160.00 84.90 1.0 0.0
180.00 160.00 63.67 1.0 0.0
0.00 170.00 64.74 0.0 1.0
5.00 170.00 89.21 0.0 1.0
10.00 170.00 98.54 0.0 1.0
15.00 170.00 101.28 0.0 1.0
20.00 170.00 99.38 0.0 1.0
25.00 170.00 93.53 0.0 1.0
30.00 170.00 93.23 0.0 1.0
35.00 170.00 95.35 0.0 1.0
40.00 170.00 89.37 0.0 1.0
45.00 170.00 85.97 0.5 0.5
50.00 170.00 89.63 0.5 0.5
55.00 170.00 93.51 0.5 0.5
60.00 170.00 102.73 0.5 0.5
65.00 170.00 90.17 0.5 0.5
70.00 170.00 101.98 0.5 0.5
75.00 170.00 90.98 0.5 0.5
80.00 170.00 97.88 0.5 0.5
85.00 170.00 88.77 0.5 0.5
90.00 170.00 78.10 0.5 0.5
95.00 170.00 83.68 0.5 0.5
100.00 170.00 98.05 0.5 0.5
105.00 170.00 95.24 0.5 0.5
110.00 170.00 100.95 0.5 0.5
115.00 170.00 97.64 0.5 0.5
120.00 170.00 100.20 0.5 0.5
125.00 170.00 97.33 0.5 0.5
130.00 170.00 92.36 0.5 0.5
135.00 170.00 85.70 0.5 0.5
140.00 170.00 95.73 1.0 0.0
145.00 170.00 85.76 1.0 0.0
150.00 170.00 93.66 1.0 0.0
155.00 170.00 91.53 1.0 0.0
160.00 170.00 101.78 1.0 0.0
165.00 170.00 101.45 1.0 0.0
170.00 170.00 95.89 1.0 0.0
175.00 170.00 85.21 1.0 0.0
180.00 170.00 63.67 1.0 0.0
0.00 180.00 64.74 0.0 1.0
5.00 180.00 89.13 0.0 1.0
10.00 180.00 98.28 0.0 1.0
15.00 180.00 101.21 0.0 1.0
20.00 180.00 99.68 0.0 1.0
25.00 180.00 93.27 0.0 1.0
30.00 180.00 91.84 0.0 1.0
35.00 180.00 94.88 0.0 1.0
40.00 180.00 91.04 0.0 1.0
45.00 180.00 86.89 0.5 0.5
50.00 180.00 87.64 0.5 0.5
55.00 180.00 93.85 0.5 0.5
60.00 180.00 102.88 0.5 0.5
65.00 180.00 90.87 0.5 0.5
70.00 180.00 102.35 0.5 0.5
75.00 180.00 93.28 0.5 0.5
80.00 180.00 98.38 0.5 0.5
85.00 180.00 85.75 0.5 0.5
90.00 180.00 96.88 0.5 0.5
95.00 180.00 91.98 0.5 0.5
100.00 180.00 98.47 0.5 0.5
105.00 180.00 94.53 0.5 0.5
110.00 180.00 101.50 0.5 0.5
115.00 180.00 97.28 0.5 0.5
120.00 180.00 100.56 0.5 0.5
125.00 180.00 97.28 0.5 0.5
130.00 180.00 92.50 0.5 0.5
135.00 180.00 86.20 0.5 0.5
140.00 180.00 95.50 1.0 0.0
145.00 180.00 83.04 1.0 0.0
150.00 180.00 93.47 1.0 0.0
155.00 180.00 91.43 1.0 0.0
160.00 180.00 101.92 1.0 0.0
165.00 180.00 101.53 1.0 0.0
170.00 180.00 95.76 1.0 0.0
175.00 180.00 85.05 1.0 0.0
180.00 180.00 63.67 1.0 0.0
0.00 190.00 64.74 0.0 1.0
5.00 190.00 88.59 0.0 1.0
10.00 190.00 97.72 0.0 1.0
15.00 190.00 100.99 0.0 1.0
20.00 190.00 99.64 0.0 1.0
25.00 190.00 93.42 0.0 1.0
30.00 190.00 89.90 0.0 1.0
35.00 190.00 91.28 0.0 1.0
40.00 190.00 90.91 0.0 1.0
45.00 190.00 88.88 0.5 0.5
50.00 190.00 82.44 0.5 0.5
55.00 190.00 92.62 0.5 0.5
60.00 190.00 101.31 0.5 0.5
65.00 190.00 90.81 0.5 0.5
70.00 190.00 102.47 0.5 0.5
75.00 190.00 93.78 0.5 0.5
80.00 190.00 101.66 0.5 0.5
85.00 190.00 91.34 0.5 0.5
90.00 190.00 102.37 0.5 0.5
95.00 190.00 95.94 0.5 0.5
100.00 190.00 101.54 0.5 0.5
105.00 190.00 95.68 0.5 0.5
110.00 190.00 101.64 0.5 0.5
115.00 190.00 94.99 0.5 0.5
120.00 190.00 99.56 0.5 0.5
125.00 190.00 92.83 0.5 0.5
130.00 190.00 93.38 0.5 0.5
135.00 190.00 90.67 0.5 0.5
140.00 190.00 96.02 1.0 0.0
145.00 190.00 85.75 1.0 0.0
150.00 190.00 91.66 1.0 0.0
155.00 190.00 94.13 1.0 0.0
160.00 190.00 102.09 1.0 0.0
165.00 190.00 101.51 1.0 0.0
170.00 190.00 95.35 1.0 0.0
175.00 190.00 84.41 1.0 0.0
180.00 190.00 63.67 1.0 0.0
0.00 200.00 64.74 0.0 1.0
5.00 200.00 87.56 0.0 1.0
10.00 200.00 96.85 0.0 1.0
15.00 200.00 100.32 0.0 1.0
20.00 200.00 99.62 0.0 1.0
25.00 200.00 93.12 0.0 1.0
30.00 200.00 85.05 0.0 1.0
35.00 200.00 82.92 0.0 1.0
40.00 200.00 87.51 0.0 1.0
45.00 200.00 94.24 0.5 0.5
50.00 200.00 91.43 0.5 0.5
55.00 200.00 87.17 0.5 0.5
60.00 200.00 94.06 0.5 0.5
65.00 200.00 90.15 0.5 0.5
70.00 200.00 99.40 0.5 0.5
75.00 200.00 85.28 0.5 0.5
80.00 200.00 102.96 0.5 0.5
85.00 200.00 94.53 0.5 0.5
90.00 200.00 102.28 0.5 0.5
95.00 200.00 92.69 0.5 0.5
100.00 200.00 102.72 0.5 0.5
105.00 200.00 95.75 0.5 0.5
110.00 200.00 98.67 0.5 0.5
115.00 200.00 86.74 0.5 0.5
120.00 200.00 94.62 0.5 0.5
125.00 200.00 91.70 0.5 0.5
130.00 200.00 93.70 0.5 0.5
135.00 200.00 95.87 0.5 0.5
140.00 200.00 94.94 1.0 0.0
145.00 200.00 89.25 1.0 0.0
150.00 200.00 89.72 1.0 0.0
155.00 200.00 97.04 1.0 0.0
160.00 200.00 102.51 1.0 0.0
165.00 200.00 101.13 1.0 0.0
170.00 200.00 94.59 1.0 0.0
175.00 200.00 83.25 1.0 0.0
180.00 200.00 63.67 1.0 0.0
0.00 210.00 64.74 0.0 1.0
5.00 210.00 85.99 0.0 1.0
10.00 210.00 95.53 0.0 1.0
15.00 210.00 99.14 0.0 1.0
20.00 210.00 99.11 0.0 1.0
25.00 210.00 92.08 0.0 1.0
30.00 210.00 87.06 0.0 1.0
35.00 210.00 93.61 0.0 1.0
40.00 210.00 93.10 0.0 1.0
45.00 210.00 97.16 0.5 0.5
50.00 210.00 95.87 0.5 0.5
55.00 210.00 86.22 0.5 0.5
60.00 210.00 96.31 0.5 0.5
65.00 210.00 93.52 0.5 0.5
70.00 210.00 89.42 0.5 0.5
75.00 210.00 90.24 0.5 0.5
80.00 210.00 97.74 0.5 0.5
85.00 210.00 90.93 0.5 0.5
90.00 210.00 95.09 0.5 0.5
95.00 210.00 86.33 0.5 0.5
100.00 210.00 97.75 0.5 0.5
105.00 210.00 89.99 0.5 0.5
110.00 210.00 90.83 0.5 0.5
115.00 210.00 90.15 0.5 0.5
120.00 210.00 89.98 0.5 0.5
125.00 210.00 99.10 0.5 0.5
130.00 210.00 90.89 0.5 0.5
135.00 210.00 97.60 0.5 0.5
140.00 210.00 89.40 1.0 0.0
145.00 210.00 94.93 1.0 0.0
150.00 210.00 82.52 1.0 0.0
155.00 210.00 99.36 1.0 0.0
160.00 210.00 102.85 1.0 0.0
165.00 210.00 100.21 1.0 0.0
170.00 210.00 93.26 1.0 0.0
175.00 210.00 81.52 1.0 0.0
180.00 210.00 63.67 1.0 0.0
0.00 220.00 64.74 0.0 1.0
5.00 220.00 83.80 0.0 1.0
10.00 220.00 93.60 0.0 1.0
15.00 220.00 97.36 0.0 1.0
20.00 220.00 97.60 0.0 1.0
25.00 220.00 91.65 0.0 1.0
30.00 220.00 93.81 0.0 1.0
35.00 220.00 98.98 0.0 1.0
40.00 220.00 98.06 0.0 1.0
45.00 220.00 95.07 0.5 0.5
50.00 220.00 91.38 0.5 0.5
55.00 220.00 89.32 0.5 0.5
60.00 220.00 98.56 0.5 0.5
65.00 220.00 93.07 0.5 0.5
70.00 220.00 93.48 0.5 0.5
75.00 220.00 89.18 0.5 0.5
80.00 220.00 95.61 0.5 0.5
85.00 220.00 95.15 0.5 0.5
90.00 220.00 88.59 0.5 0.5
95.00 220.00 91.47 0.5 0.5
100.00 220.00 95.20 0.5 0.5
105.00 220.00 96.18 0.5 0.5
110.00 220.00 91.12 0.5 0.5
115.00 220.00 92.23 0.5 0.5
120.00 220.00 95.33 0.5 0.5
125.00 220.00 94.87 0.5 0.5
130.00 220.00 94.25 0.5 0.5
135.00 220.00 93.71 0.5 0.5
140.00 220.00 95.88 1.0 0.0
145.00 220.00 98.02 1.0 0.0
150.00 220.00 86.36 1.0 0.0
155.00 220.00 101.04 1.0 0.0
160.00 220.00 102.39 1.0 0.0
165.00 220.00 98.51 1.0 0.0
170.00 220.00 91.10 1.0 0.0
175.00 220.00 79.05 1.0 0.0
180.00 220.00 63.67 1.0 0.0
0.00 230.00 64.74 0.0 1.0
5.00 230.00 80.87 0.0 1.0
10.00 230.00 90.84 0.0 1.0
15.00 230.00 94.81 0.0 1.0
20.00 230.00 95.01 0.0 1.0
25.00 230.00 90.22 0.0 1.0
30.00 230.00 97.56 0.0 1.0
35.00 230.00 101.70 0.0 1.0
40.00 230.00 99.06 0.0 1.0
45.00 230.00 91.36 0.5 0.5
50.00 230.00 97.38 0.5 0.5
55.00 230.00 93.01 0.5 0.5
60.00 230.00 86.29 0.5 0.5
65.00 230.00 94.67 0.5 0.5
70.00 230.00 93.85 0.5 0.5
75.00 230.00 80.33 0.5 0.5
80.00 230.00 94.67 0.5 0.5
85.00 230.00 84.86 0.5 0.5
90.00 230.00 95.24 0.5 0.5
95.00 230.00 74.84 0.5 0.5
100.00 230.00 94.92 0.5 0.5
105.00 230.00 86.85 0.5 0.5
110.00 230.00 95.46 0.5 0.5
115.00 230.00 81.88 0.5 0.5
120.00 230.00 88.89 0.5 0.5
125.00 230.00 95.83 0.5 0.5
130.00 230.00 98.17 0.5 0.5
135.00 230.00 94.45 0.5 0.5
140.00 230.00 102.49 1.0 0.0
145.00 230.00 98.45 1.0 0.0
150.00 230.00 93.76 1.0 0.0
155.00 230.00 100.94 1.0 0.0
160.00 230.00 100.43 1.0 0.0
165.00 230.00 95.49 1.0 0.0
170.00 230.00 87.67 1.0 0.0
175.00 230.00 75.55 1.0 0.0
180.00 230.00 63.67 1.0 0.0
0.00 240.00 64.74 0.0 1.0
5.00 240.00 77.05 0.0 1.0
10.00 240.00 86.91 0.0 1.0
15.00 240.00 91.17 0.0 1.0
20.00 240.00 91.78 0.0 1.0
25.00 240.00 85.07 0.0 1.0
30.00 240.00 96.26 0.0 1.0
35.00 240.00 101.51 0.0 1.0
40.00 240.00 99.10 0.0 1.0
45.00 240.00 91.86 0.5 0.5
50.00 240.00 102.65 0.5 0.5
55.00 240.00 96.70 0.5 0.5
60.00 240.00 99.44 0.5 0.5
65.00 240.00 100.69 0.5 0.5
70.00 240.00 94.09 0.5 0.5
75.00 240.00 99.78 0.5 0.5
80.00 240.00 92.61 0.5 0.5
85.00 240.00 101.37 0.5 0.5
90.00 240.00 86.96 0.5 0.5
95.00 240.00 99.35 0.5 0.5
100.00 240.00 91.39 0.5 0.5
105.00 240.00 101.75 0.5 0.5
110.00 240.00 88.27 0.5 0.5
115.00 240.00 101.48 0.5 0.5
120.00 240.00 83.29 0.5 0.5
125.00 240.00 101.75 0.5 0.5
130.00 240.00 97.30 0.5 0.5
135.00 240.00 97.09 0.5 0.5
140.00 240.00 101.91 1.0 0.0
145.00 240.00 95.43 1.0 0.0
150.00 240.00 93.28 1.0 0.0
155.00 240.00 97.51 1.0 0.0
160.00 240.00 95.81 1.0 0.0
165.00 240.00 90.05 1.0 0.0
170.00 240.00 82.13 1.0 0.0
175.00 240.00 70.44 1.0 0.0
180.00 240.00 63.67 1.0 0.0
0.00 250.00 64.74 0.0 1.0
5.00 250.00 72.58 0.0 1.0
10.00 250.00 81.38 0.0 1.0
15.00 250.00 85.74 0.0 1.0
20.00 250.00 88.13 0.0 1.0
25.00 250.00 83.13 0.0 1.0
30.00 250.00 84.70 0.0 1.0
35.00 250.00 94.48 0.0 1.0
40.00 250.00 94.26 0.0 1.0
45.00 250.00 82.19 0.5 0.5
50.00 250.00 97.22 0.5 0.5
55.00 250.00 93.28 0.5 0.5
60.00 250.00 97.12 0.5 0.5
65.00 250.00 97.74 0.5 0.5
70.00 250.00 95.02 0.5 0.5
75.00 250.00 99.88 0.5 0.5
80.00 250.00 93.33 0.5 0.5
85.00 250.00 99.66 0.5 0.5
90.00 250.00 93.21 0.5 0.5
95.00 250.00 100.12 0.5 0.5
100.00 250.00 93.55 0.5 0.5
105.00 250.00 99.93 0.5 0.5
110.00 250.00 89.27 0.5 0.5
115.00 250.00 100.00 0.5 0.5
120.00 250.00 88.96 0.5 0.5
125.00 250.00 98.80 0.5 0.5
130.00 250.00 94.32 0.5 0.5
135.00 250.00 89.52 0.5 0.5
140.00 250.00 94.99 1.0 0.0
145.00 250.00 89.02 1.0 0.0
150.00 250.00 82.28 1.0 0.0
155.00 250.00 86.61 1.0 0.0
160.00 250.00 85.29 1.0 0.0
165.00 250.00 79.30 1.0 0.0
170.00 250.00 72.11 1.0 0.0
175.00 250.00 64.93 1.0 0.0
180.00 250.00 63.67 1.0 0.0
0.00 260.00 64.74 0.0 1.0
5.00 260.00 69.12 0.0 1.0
10.00 260.00 74.88 0.0 1.0
15.00 260.00 78.17 0.0 1.0
20.00 260.00 81.94 0.0 1.0
25.00 260.00 81.96 0.0 1.0
30.00 260.00 82.91 0.0 1.0
35.00 260.00 79.15 0.0 1.0
40.00 260.00 79.02 0.0 1.0
45.00 260.00 79.81 0.5 0.5
50.00 260.00 82.05 0.5 0.5
55.00 260.00 83.08 0.5 0.5
60.00 260.00 80.10 0.5 0.5
65.00 260.00 75.19 0.5 0.5
70.00 260.00 77.02 0.5 0.5
75.00 260.00 83.70 0.5 0.5
80.00 260.00 81.61 0.5 0.5
85.00 260.00 73.80 0.5 0.5
90.00 260.00 79.05 0.5 0.5
95.00 260.00 84.70 0.5 0.5
100.00 260.00 81.36 0.5 0.5
105.00 260.00 75.23 0.5 0.5
110.00 260.00 80.57 0.5 0.5
115.00 260.00 83.60 0.5 0.5
120.00 260.00 81.05 0.5 0.5
125.00 260.00 75.72 0.5 0.5
130.00 260.00 76.74 0.5 0.5
135.00 260.00 82.33 0.5 0.5
140.00 260.00 82.73 1.0 0.0
145.00 260.00 83.41 1.0 0.0
150.00 260.00 79.74 1.0 0.0
155.00 260.00 79.34 1.0 0.0
160.00 260.00 75.80 1.0 0.0
165.00 260.00 75.34 1.0 0.0
170.00 260.00 71.87 1.0 0.0
175.00 260.00 68.15 1.0 0.0
180.00 260.00 63.67 1.0 0.0
0.00 270.00 64.74 0.0 1.0
5.00 270.00 69.71 0.0 1.0
10.00 270.00 73.97 0.0 1.0
15.00 270.00 76.02 0.0 1.0
20.00 270.00 70.56 0.0 1.0
25.00 270.00 76.26 0.0 1.0
30.00 270.00 84.36 0.0 1.0
35.00 270.00 85.46 0.0 1.0
40.00 270.00 81.75 0.0 1.0
45.00 270.00 91.21 0.5 0.5
50.00 270.00 92.12 0.5 0.5
55.00 270.00 79.27 0.5 0.5
60.00 270.00 93.57 0.5 0.5
65.00 270.00 85.82 0.5 0.5
70.00 270.00 95.04 0.5 0.5
75.00 270.00 89.27 0.5 0.5
80.00 270.00 94.30 0.5 0.5
85.00 270.00 90.76 0.5 0.5
90.00 270.00 95.01 0.5 0.5
95.00 270.00 89.70 0.5 0.5
100.00 270.00 94.43 0.5 0.5
105.00 270.00 91.06 0.5 0.5
110.00 270.00 93.89 0.5 0.5
115.00 270.00 91.96 0.5 0.5
120.00 270.00 88.71 0.5 0.5
125.00 270.00 91.74 0.5 0.5
130.00 270.00 85.24 0.5 0.5
135.00 270.00 92.01 0.5 0.5
140.00 270.00 88.24 1.0 0.0
145.00 270.00 75.48 1.0 0.0
150.00 270.00 83.97 1.0 0.0
155.00 270.00 81.43 1.0 0.0
160.00 270.00 75.34 1.0 0.0
165.00 270.00 74.46 1.0 0.0
170.00 270.00 76.25 1.0 0.0
175.00 270.00 72.29 1.0 0.0
180.00 270.00 63.67 1.0 0.0
0.00 280.00 64.74 0.0 1.0
5.00 280.00 73.86 0.0 1.0
10.00 280.00 81.03 0.0 1.0
15.00 280.00 83.85 0.0 1.0
20.00 280.00 77.10 0.0 1.0
25.00 280.00 87.16 0.0 1.0
30.00 280.00 96.34 0.0 1.0
35.00 280.00 98.07 0.0 1.0
40.00 280.00 88.45 0.0 1.0
45.00 280.00 98.83 0.5 0.5
50.00 280.00 100.71 0.5 0.5
55.00 280.00 87.07 0.5 0.5
60.00 280.00 102.70 0.5 0.5
65.00 280.00 93.75 0.5 0.5
70.00 280.00 101.23 0.5 0.5
75.00 280.00 94.69 0.5 0.5
80.00 280.00 101.94 0.5 0.5
85.00 280.00 97.77 0.5 0.5
90.00 280.00 100.37 0.5 0.5
95.00 280.00 95.45 0.5 0.5
100.00 280.00 101.73 0.5 0.5
105.00 280.00 98.64 0.5 0.5
110.00 280.00 99.43 0.5 0.5
115.00 280.00 98.84 0.5 0.5
120.00 280.00 97.72 0.5 0.5
125.00 280.00 101.87 0.5 0.5
130.00 280.00 85.84 0.5 0.5
135.00 280.00 100.27 0.5 0.5
140.00 280.00 98.27 1.0 0.0
145.00 280.00 75.46 1.0 0.0
150.00 280.00 94.71 1.0 0.0
155.00 280.00 94.52 1.0 0.0
160.00 280.00 88.52 1.0 0.0
165.00 280.00 76.43 1.0 0.0
170.00 280.00 77.46 1.0 0.0
175.00 280.00 75.16 1.0 0.0
180.00 280.00 63.67 1.0 0.0
0.00 290.00 64.74 0.0 1.0
5.00 290.00 78.41 0.0 1.0
10.00 290.00 87.23 0.0 1.0
15.00 290.00 90.56 0.0 1.0
20.00 290.00 85.81 0.0 1.0
25.00 290.00 91.58 0.0 1.0
30.00 290.00 100.60 0.0 1.0
35.00 290.00 101.59 0.0 1.0
40.00 290.00 88.96 0.0 1.0
45.00 290.00 99.51 0.5 0.5
50.00 290.00 98.90 0.5 0.5
55.00 290.00 93.49 0.5 0.5
60.00 290.00 99.57 0.5 0.5
65.00 290.00 73.60 0.5 0.5
70.00 290.00 95.24 0.5 0.5
75.00 290.00 87.32 0.5 0.5
80.00 290.00 94.70 0.5 0.5
85.00 290.00 84.62 0.5 0.5
90.00 290.00 92.73 0.5 0.5
95.00 290.00 88.80 0.5 0.5
100.00 290.00 94.90 0.5 0.5
105.00 290.00 70.50 0.5 0.5
110.00 290.00 95.08 0.5 0.5
115.00 290.00 87.61 0.5 0.5
120.00 290.00 97.80 0.5 0.5
125.00 290.00 99.86 0.5 0.5
130.00 290.00 79.69 0.5 0.5
135.00 290.00 100.87 0.5 0.5
140.00 290.00 100.01 1.0 0.0
145.00 290.00 86.11 1.0 0.0
150.00 290.00 98.81 1.0 0.0
155.00 290.00 99.52 1.0 0.0
160.00 290.00 94.76 1.0 0.0
165.00 290.00 84.16 1.0 0.0
170.00 290.00 78.02 1.0 0.0
175.00 290.00 77.30 1.0 0.0
180.00 290.00 63.67 1.0 0.0
0.00 300.00 64.74 0.0 1.0
5.00 300.00 82.12 0.0 1.0
10.00 300.00 91.40 0.0 1.0
15.00 300.00 94.50 0.0 1.0
20.00 300.00 89.38 0.0 1.0
25.00 300.00 95.47 0.0 1.0
30.00 300.00 102.47 0.0 1.0
35.00 300.00 101.34 0.0 1.0
40.00 300.00 85.02 0.0 1.0
45.00 300.00 94.98 0.5 0.5
50.00 300.00 72.14 0.5 0.5
55.00 300.00 93.37 0.5 0.5
60.00 300.00 89.80 0.5 0.5
65.00 300.00 97.17 0.5 0.5
70.00 300.00 86.18 0.5 0.5
75.00 300.00 95.23 0.5 0.5
80.00 300.00 92.81 0.5 0.5
85.00 300.00 98.16 0.5 0.5
90.00 300.00 87.59 0.5 0.5
95.00 300.00 95.25 0.5 0.5
100.00 300.00 91.97 0.5 0.5
105.00 300.00 98.45 0.5 0.5
110.00 300.00 80.87 0.5 0.5
115.00 300.00 95.22 0.5 0.5
120.00 300.00 87.26 0.5 0.5
125.00 300.00 87.94 0.5 0.5
130.00 300.00 91.91 0.5 0.5
135.00 300.00 94.89 0.5 0.5
140.00 300.00 92.74 1.0 0.0
145.00 300.00 91.02 1.0 0.0
150.00 300.00 101.08 1.0 0.0
155.00 300.00 102.14 1.0 0.0
160.00 300.00 98.29 1.0 0.0
165.00 300.00 88.75 1.0 0.0
170.00 300.00 78.48 1.0 0.0
175.00 300.00 78.86 1.0 0.0
180.00 300.00 63.67 1.0 0.0
0.00 310.00 64.74 0.0 1.0
5.00 310.00 84.91 0.0 1.0
10.00 310.00 94.16 0.0 1.0
15.00 310.00 96.42 0.0 1.0
20.00 310.00 89.70 0.0 1.0
25.00 310.00 97.41 0.0 1.0
30.00 310.00 101.64 0.0 1.0
35.00 310.00 95.29 0.0 1.0
40.00 310.00 93.58 0.0 1.0
45.00 310.00 89.64 0.5 0.5
50.00 310.00 94.40 0.5 0.5
55.00 310.00 87.19 0.5 0.5
60.00 310.00 96.43 0.5 0.5
65.00 310.00 90.97 0.5 0.5
70.00 310.00 93.20 0.5 0.5
75.00 310.00 80.85 0.5 0.5
80.00 310.00 86.33 0.5 0.5
85.00 310.00 88.53 0.5 0.5
90.00 310.00 90.49 0.5 0.5
95.00 310.00 78.93 0.5 0.5
100.00 310.00 86.33 0.5 0.5
105.00 310.00 81.08 0.5 0.5
110.00 310.00 92.13 0.5 0.5
115.00 310.00 94.38 0.5 0.5
120.00 310.00 85.47 0.5 0.5
125.00 310.00 98.87 0.5 0.5
130.00 310.00 96.90 0.5 0.5
135.00 310.00 84.69 0.5 0.5
140.00 310.00 79.06 1.0 0.0
145.00 310.00 92.39 1.0 0.0
150.00 310.00 100.76 1.0 0.0
155.00 310.00 103.09 1.0 0.0
160.00 310.00 100.39 1.0 0.0
165.00 310.00 91.77 1.0 0.0
170.00 310.00 77.95 1.0 0.0
175.00 310.00 79.90 1.0 0.0
180.00 310.00 63.67 1.0 0.0
0.00 320.00 64.74 0.0 1.0
5.00 320.00 86.93 0.0 1.0
10.00 320.00 95.95 0.0 1.0
15.00 320.00 97.26 0.0 1.0
20.00 320.00 87.28 0.0 1.0
25.00 320.00 97.70 0.0 1.0
30.00 320.00 97.93 0.0 1.0
35.00 320.00 88.72 0.0 1.0
40.00 320.00 97.75 0.0 1.0
45.00 320.00 90.13 0.5 0.5
50.00 320.00 97.80 0.5 0.5
55.00 320.00 83.09 0.5 0.5
60.00 320.00 77.41 0.5 0.5
65.00 320.00 96.07 0.5 0.5
70.00 320.00 90.04 0.5 0.5
75.00 320.00 100.26 0.5 0.5
80.00 320.00 77.26 0.5 0.5
85.00 320.00 100.72 0.5 0.5
90.00 320.00 92.42 0.5 0.5
95.00 320.00 102.39 0.5 0.5
100.00 320.00 76.88 0.5 0.5
105.00 320.00 99.62 0.5 0.5
110.00 320.00 90.43 0.5 0.5
115.00 320.00 91.08 0.5 0.5
120.00 320.00 83.80 0.5 0.5
125.00 320.00 88.61 0.5 0.5
130.00 320.00 90.31 0.5 0.5
135.00 320.00 92.02 0.5 0.5
140.00 320.00 92.32 1.0 0.0
145.00 320.00 90.10 1.0 0.0
150.00 320.00 97.42 1.0 0.0
155.00 320.00 102.09 1.0 0.0
160.00 320.00 101.14 1.0 0.0
165.00 320.00 93.93 1.0 0.0
170.00 320.00 76.53 1.0 0.0
175.00 320.00 80.49 1.0 0.0
180.00 320.00 63.67 1.0 0.0
0.00 330.00 64.74 0.0 1.0
5.00 330.00 88.28 0.0 1.0
10.00 330.00 97.02 0.0 1.0
15.00 330.00 97.54 0.0 1.0
20.00 330.00 84.70 0.0 1.0
25.00 330.00 96.15 0.0 1.0
30.00 330.00 90.19 0.0 1.0
35.00 330.00 96.62 0.0 1.0
40.00 330.00 96.21 0.0 1.0
45.00 330.00 94.46 0.5 0.5
50.00 330.00 94.15 0.5 0.5
55.00 330.00 91.77 0.5 0.5
60.00 330.00 89.39 0.5 0.5
65.00 330.00 99.15 0.5 0.5
70.00 330.00 96.62 0.5 0.5
75.00 330.00 104.10 0.5 0.5
80.00 330.00 86.91 0.5 0.5
85.00 330.00 102.06 0.5 0.5
90.00 330.00 93.08 0.5 0.5
95.00 330.00 103.65 0.5 0.5
100.00 330.00 86.14 0.5 0.5
105.00 330.00 101.94 0.5 0.5
110.00 330.00 90.43 0.5 0.5
115.00 330.00 102.45 0.5 0.5
120.00 330.00 93.09 0.5 0.5
125.00 330.00 90.51 0.5 0.5
130.00 330.00 89.96 0.5 0.5
135.00 330.00 96.22 0.5 0.5
140.00 330.00 97.49 1.0 0.0
145.00 330.00 90.18 1.0 0.0
150.00 330.00 92.05 1.0 0.0
155.00 330.00 100.02 1.0 0.0
160.00 330.00 101.19 1.0 0.0
165.00 330.00 95.48 1.0 0.0
170.00 330.00 77.44 1.0 0.0
175.00 330.00 80.78 1.0 0.0
180.00 330.00 63.67 1.0 0.0
0.00 340.00 64.74 0.0 1.0
5.00 340.00 89.06 0.0 1.0
10.00 340.00 97.53 0.0 1.0
15.00 340.00 97.41 0.0 1.0
20.00 340.00 81.95 0.0 1.0
25.00 340.00 94.79 0.0 1.0
30.00 340.00 81.16 0.0 1.0
35.00 340.00 97.22 0.0 1.0
40.00 340.00 91.15 0.0 1.0
45.00 340.00 94.88 0.5 0.5
50.00 340.00 88.63 0.5 0.5
55.00 340.00 97.76 0.5 0.5
60.00 340.00 93.35 0.5 0.5
65.00 340.00 101.43 0.5 0.5
70.00 340.00 92.98 0.5 0.5
75.00 340.00 100.54 0.5 0.5
80.00 340.00 95.62 0.5 0.5
85.00 340.00 102.46 0.5 0.5
90.00 340.00 87.53 0.5 0.5
95.00 340.00 95.60 0.5 0.5
100.00 340.00 95.01 0.5 0.5
105.00 340.00 103.61 0.5 0.5
110.00 340.00 83.83 0.5 0.5
115.00 340.00 103.45 0.5 0.5
120.00 340.00 94.68 0.5 0.5
125.00 340.00 94.37 0.5 0.5
130.00 340.00 93.94 0.5 0.5
135.00 340.00 96.27 0.5 0.5
140.00 340.00 99.07 1.0 0.0
145.00 340.00 92.76 1.0 0.0
150.00 340.00 85.41 1.0 0.0
155.00 340.00 97.15 1.0 0.0
160.00 340.00 100.45 1.0 0.0
165.00 340.00 95.99 1.0 0.0
170.00 340.00 79.18 1.0 0.0
175.00 340.00 80.90 1.0 0.0
180.00 340.00 63.67 1.0 0.0
0.00 350.00 64.74 0.0 1.0
5.00 350.00 89.32 0.0 1.0
10.00 350.00 97.58 0.0 1.0
15.00 350.00 97.25 0.0 1.0
20.00 350.00 80.36 0.0 1.0
25.00 350.00 93.27 0.0 1.0
30.00 350.00 75.36 0.0 1.0
35.00 350.00 96.32 0.0 1.0
40.00 350.00 87.10 0.0 1.0
45.00 350.00 93.77 0.5 0.5
50.00 350.00 91.99 0.5 0.5
55.00 350.00 98.50 0.5 0.5
60.00 350.00 97.54 0.5 0.5
65.00 350.00 103.34 0.5 0.5
70.00 350.00 86.16 0.5 0.5
75.00 350.00 96.95 0.5 0.5
80.00 350.00 95.97 0.5 0.5
85.00 350.00 97.36 0.5 0.5
90.00 350.00 88.37 0.5 0.5
95.00 350.00 87.79 0.5 0.5
100.00 350.00 95.48 0.5 0.5
105.00 350.00 103.43 0.5 0.5
110.00 350.00 87.23 0.5 0.5
115.00 350.00 102.07 0.5 0.5
120.00 350.00 92.77 0.5 0.5
125.00 350.00 96.93 0.5 0.5
130.00 350.00 94.09 0.5 0.5
135.00 350.00 95.03 0.5 0.5
140.00 350.00 99.06 1.0 0.0
145.00 350.00 94.01 1.0 0.0
150.00 350.00 83.92 1.0 0.0
155.00 350.00 95.67 1.0 0.0
160.00 350.00 99.99 1.0 0.0
165.00 350.00 96.09 1.0 0.0
170.00 350.00 79.59 1.0 0.0
175.00 350.00 80.94 1.0 0.0
180.00 350.00 63.67 1.0 0.0
0.00 360.00 64.74 0.0 1.0
5.00 360.00 89.09 0.0 1.0
10.00 360.00 97.33 0.0 1.0
15.00 360.00 97.45 0.0 1.0
20.00 360.00 83.33 0.0 1.0
25.00 360.00 93.50 0.0 1.0
30.00 360.00 81.55 0.0 1.0
35.00 360.00 95.75 0.0 1.0
40.00 360.00 89.04 0.0 1.0
45.00 360.00 92.92 0.5 0.5
50.00 360.00 89.38 0.5 0.5
55.00 360.00 97.38 0.5 0.5
60.00 360.00 98.37 0.5 0.5
65.00 360.00 103.64 0.5 0.5
70.00 360.00 89.88 0.5 0.5
75.00 360.00 99.65 0.5 0.5
80.00 360.00 95.11 0.5 0.5
85.00 360.00 98.83 0.5 0.5
90.00 360.00 81.88 0.5 0.5
95.00 360.00 94.87 0.5 0.5
100.00 360.00 95.13 0.5 0.5
105.00 360.00 103.48 0.5 0.5
110.00 360.00 87.64 0.5 0.5
115.00 360.00 101.90 0.5 0.5
120.00 360.00 92.38 0.5 0.5
125.00 360.00 97.27 0.5 0.5
130.00 360.00 93.10 0.5 0.5
135.00 360.00 93.98 0.5 0.5
140.00 360.00 98.69 1.0 0.0
145.00 360.00 94.79 1.0 0.0
150.00 360.00 87.14 1.0 0.0
155.00 360.00 95.68 1.0 0.0
160.00 360.00 99.84 1.0 0.0
165.00 360.00 96.23 1.0 0.0
170.00 360.00 79.37 1.0 0.0
175.00 360.00 80.89 1.0 0.0
180.00 360.00 63.67 1.0 0.0
0.00 370.00 64.74 0.0 1.0
5.00 370.00 88.36 0.0 1.0
10.00 370.00 96.85 0.0 1.0
15.00 370.00 97.37 0.0 1.0
20.00 370.00 85.07 0.0 1.0
25.00 370.00 93.70 0.0 1.0
30.00 370.00 88.87 0.0 1.0
35.00 370.00 94.32 0.0 1.0
40.00 370.00 92.43 0.0 1.0
45.00 370.00 92.26 0.5 0.5
50.00 370.00 83.38 0.5 0.5
55.00 370.00 94.69 0.5 0.5
60.00 370.00 96.08 0.5 0.5
65.00 370.00 102.53 0.5 0.5
70.00 370.00 92.47 0.5 0.5
75.00 370.00 102.70 0.5 0.5
80.00 370.00 95.24 0.5 0.5
85.00 370.00 102.36 0.5 0.5
90.00 370.00 88.17 0.5 0.5
95.00 370.00 101.91 0.5 0.5
100.00 370.00 95.22 0.5 0.5
105.00 370.00 103.68 0.5 0.5
110.00 370.00 85.56 0.5 0.5
115.00 370.00 101.69 0.5 0.5
120.00 370.00 92.38 0.5 0.5
125.00 370.00 93.57 0.5 0.5
130.00 370.00 87.91 0.5 0.5
135.00 370.00 93.90 0.5 0.5
140.00 370.00 98.96 1.0 0.0
145.00 370.00 95.09 1.0 0.0
150.00 370.00 91.12 1.0 0.0
155.00 370.00 97.62 1.0 0.0
160.00 370.00 99.97 1.0 0.0
165.00 370.00 95.99 1.0 0.0
170.00 370.00 79.14 1.0 0.0
175.00 370.00 80.69 1.0 0.0
180.00 370.00 63.67 1.0 0.0
0.00 380.00 64.74 0.0 1.0
5.00 380.00 87.11 0.0 1.0
10.00 380.00 95.95 0.0 1.0
15.00 380.00 96.86 0.0 1.0
20.00 380.00 87.79 0.0 1.0
25.00 380.00 94.38 0.0 1.0
30.00 380.00 94.59 0.0 1.0
35.00 380.00 88.72 0.0 1.0
40.00 380.00 94.45 0.0 1.0
45.00 380.00 89.33 0.5 0.5
50.00 380.00 94.21 0.5 0.5
55.00 380.00 88.15 0.5 0.5
60.00 380.00 89.23 0.5 0.5
65.00 380.00 99.10 0.5 0.5
70.00 380.00 87.77 0.5 0.5
75.00 380.00 102.26 0.5 0.5
80.00 380.00 91.21 0.5 0.5
85.00 380.00 101.74 0.5 0.5
90.00 380.00 92.77 0.5 0.5
95.00 380.00 103.90 0.5 0.5
100.00 380.00 90.83 0.5 0.5
105.00 380.00 101.73 0.5 0.5
110.00 380.00 85.03 0.5 0.5
115.00 380.00 97.44 0.5 0.5
120.00 380.00 91.50 0.5 0.5
125.00 380.00 88.41 0.5 0.5
130.00 380.00 85.55 0.5 0.5
135.00 380.00 93.97 0.5 0.5
140.00 380.00 97.85 1.0 0.0
145.00 380.00 94.55 1.0 0.0
150.00 380.00 95.07 1.0 0.0
155.00 380.00 99.66 1.0 0.0
160.00 380.00 100.45 1.0 0.0
165.00 380.00 95.29 1.0 0.0
170.00 380.00 78.38 1.0 0.0
175.00 380.00 80.28 1.0 0.0
180.00 380.00 63.67 1.0 0.0
0.00 390.00 64.74 0.0 1.0
5.00 390.00 85.25 0.0 1.0
10.00 390.00 94.40 0.0 1.0
15.00 390.00 95.86 0.0 1.0
20.00 390.00 89.17 0.0 1.0
25.00 390.00 94.71 0.0 1.0
30.00 390.00 98.46 0.0 1.0
35.00 390.00 88.24 0.0 1.0
40.00 390.00 92.98 0.0 1.0
45.00 390.00 84.58 0.5 0.5
50.00 390.00 96.78 0.5 0.5
55.00 390.00 83.09 0.5 0.5
60.00 390.00 94.89 0.5 0.5
65.00 390.00 89.70 0.5 0.5
70.00 390.00 91.56 0.5 0.5
75.00 390.00 91.97 0.5 0.5
80.00 390.00 87.04 0.5 0.5
85.00 390.00 96.62 0.5 0.5
90.00 390.00 77.49 0.5 0.5
95.00 390.00 96.32 0.5 0.5
100.00 390.00 87.12 0.5 0.5
105.00 390.00 94.47 0.5 0.5
110.00 390.00 92.10 0.5 0.5
115.00 390.00 88.32 0.5 0.5
120.00 390.00 88.94 0.5 0.5
125.00 390.00 97.66 0.5 0.5
130.00 390.00 94.13 0.5 0.5
135.00 390.00 88.34 0.5 0.5
140.00 390.00 93.57 1.0 0.0
145.00 390.00 92.66 1.0 0.0
150.00 390.00 97.73 1.0 0.0
155.00 390.00 101.31 1.0 0.0
160.00 390.00 100.55 1.0 0.0
165.00 390.00 94.18 1.0 0.0
170.00 390.00 76.55 1.0 0.0
175.00 390.00 79.62 1.0 0.0
180.00 390.00 63.67 1.0 0.0
0.00 400.00 64.74 0.0 1.0
5.00 400.00 82.64 0.0 1.0
10.00 400.00 92.00 0.0 1.0
15.00 400.00 93.93 0.0 1.0
20.00 400.00 88.58 0.0 1.0
25.00 400.00 94.38 0.0 1.0
30.00 400.00 100.54 0.0 1.0
35.00 400.00 97.49 0.0 1.0
40.00 400.00 84.91 0.0 1.0
45.00 400.00 91.28 0.5 0.5
50.00 400.00 92.78 0.5 0.5
55.00 400.00 93.42 0.5 0.5
60.00 400.00 96.50 0.5 0.5
65.00 400.00 97.85 0.5 0.5
70.00 400.00 91.35 0.5 0.5
75.00 400.00 93.65 0.5 0.5
80.00 400.00 93.96 0.5 0.5
85.00 400.00 95.15 0.5 0.5
90.00 400.00 93.86 0.5 0.5
95.00 400.00 93.36 0.5 0.5
100.00 400.00 93.90 0.5 0.5
105.00 400.00 97.36 0.5 0.5
110.00 400.00 89.77 0.5 0.5
115.00 400.00 95.22 0.5 0.5
120.00 400.00 86.07 0.5 0.5
125.00 400.00 96.67 0.5 0.5
130.00 400.00 94.04 0.5 0.5
135.00 400.00 88.95 0.5 0.5
140.00 400.00 88.43 1.0 0.0
145.00 400.00 88.95 1.0 0.0
150.00 400.00 99.05 1.0 0.0
155.00 400.00 101.98 1.0 0.0
160.00 400.00 99.85 1.0 0.0
165.00 400.00 92.32 1.0 0.0
170.00 400.00 73.89 1.0 0.0
175.00 400.00 78.64 1.0 0.0
180.00 400.00 63.67 1.0 0.0
0.00 410.00 64.74 0.0 1.0
5.00 410.00 78.99 0.0 1.0
10.00 410.00 88.37 0.0 1.0
15.00 410.00 90.46 0.0 1.0
20.00 410.00 85.92 0.0 1.0
25.00 410.00 93.81 0.0 1.0
30.00 410.00 100.83 0.0 1.0
35.00 410.00 100.27 0.0 1.0
40.00 410.00 81.29 0.0 1.0
45.00 410.00 99.20 0.5 0.5
50.00 410.00 94.10 0.5 0.5
55.00 410.00 95.17 0.5 0.5
60.00 410.00 95.09 0.5 0.5
65.00 410.00 93.57 0.5 0.5
70.00 410.00 89.89 0.5 0.5
75.00 410.00 93.13 0.5 0.5
80.00 410.00 88.86 0.5 0.5
85.00 410.00 97.74 0.5 0.5
90.00 410.00 87.91 0.5 0.5
95.00 410.00 92.17 0.5 0.5
100.00 410.00 88.17 0.5 0.5
105.00 410.00 96.49 0.5 0.5
110.00 410.00 92.37 0.5 0.5
115.00 410.00 90.04 0.5 0.5
120.00 410.00 96.40 0.5 0.5
125.00 410.00 95.58 0.5 0.5
130.00 410.00 85.87 0.5 0.5
135.00 410.00 100.06 0.5 0.5
140.00 410.00 100.56 1.0 0.0
145.00 410.00 88.32 1.0 0.0
150.00 410.00 99.00 1.0 0.0
155.00 410.00 101.27 1.0 0.0
160.00 410.00 97.88 1.0 0.0
165.00 410.00 89.03 1.0 0.0
170.00 410.00 72.76 1.0 0.0
175.00 410.00 77.20 1.0 0.0
180.00 410.00 63.67 1.0 0.0
0.00 420.00 64.74 0.0 1.0
5.00 420.00 73.87 0.0 1.0
10.00 420.00 82.82 0.0 1.0
15.00 420.00 84.38 0.0 1.0
20.00 420.00 82.65 0.0 1.0
25.00 420.00 92.56 0.0 1.0
30.00 420.00 99.32 0.0 1.0
35.00 420.00 99.72 0.0 1.0
40.00 420.00 84.92 0.0 1.0
45.00 420.00 101.52 0.5 0.5
50.00 420.00 102.71 0.5 0.5
55.00 420.00 91.96 0.5 0.5
60.00 420.00 102.18 0.5 0.5
65.00 420.00 89.91 0.5 0.5
70.00 420.00 100.46 0.5 0.5
75.00 420.00 91.37 0.5 0.5
80.00 420.00 101.29 0.5 0.5
85.00 420.00 94.60 0.5 0.5
90.00 420.00 98.69 0.5 0.5
95.00 420.00 91.05 0.5 0.5
100.00 420.00 100.85 0.5 0.5
105.00 420.00 95.86 0.5 0.5
110.00 420.00 99.03 0.5 0.5
115.00 420.00 98.34 0.5 0.5
120.00 420.00 98.23 0.5 0.5
125.00 420.00 101.16 0.5 0.5
130.00 420.00 86.44 0.5 0.5
135.00 420.00 102.67 0.5 0.5
140.00 420.00 101.26 1.0 0.0
145.00 420.00 83.51 1.0 0.0
150.00 420.00 97.57 1.0 0.0
155.00 420.00 98.50 1.0 0.0
160.00 420.00 93.71 1.0 0.0
165.00 420.00 82.99 1.0 0.0
170.00 420.00 73.73 1.0 0.0
175.00 420.00 75.03 1.0 0.0
180.00 420.00 63.67 1.0 0.0
0.00 430.00 64.74 0.0 1.0
5.00 430.00 67.11 0.0 1.0
10.00 430.00 73.65 0.0 1.0
15.00 430.00 72.91 0.0 1.0
20.00 430.00 79.48 0.0 1.0
25.00 430.00 88.60 0.0 1.0
30.00 430.00 94.39 0.0 1.0
35.00 430.00 95.17 0.0 1.0
40.00 430.00 87.35 0.0 1.0
45.00 430.00 93.88 0.5 0.5
50.00 430.00 96.61 0.5 0.5
55.00 430.00 82.15 0.5 0.5
60.00 430.00 98.82 0.5 0.5
65.00 430.00 87.86 0.5 0.5
70.00 430.00 100.27 0.5 0.5
75.00 430.00 96.03 0.5 0.5
80.00 430.00 98.68 0.5 0.5
85.00 430.00 94.13 0.5 0.5
90.00 430.00 99.98 0.5 0.5
95.00 430.00 97.06 0.5 0.5
100.00 430.00 97.96 0.5 0.5
105.00 430.00 94.48 0.5 0.5
110.00 430.00 98.43 0.5 0.5
115.00 430.00 97.87 0.5 0.5
120.00 430.00 92.99 0.5 0.5
125.00 430.00 97.77 0.5 0.5
130.00 430.00 83.86 0.5 0.5
135.00 430.00 95.07 0.5 0.5
140.00 430.00 90.99 1.0 0.0
145.00 430.00 87.01 1.0 0.0
150.00 430.00 93.08 1.0 0.0
155.00 430.00 91.84 1.0 0.0
160.00 430.00 85.36 1.0 0.0
165.00 430.00 71.63 1.0 0.0
170.00 430.00 73.22 1.0 0.0
175.00 430.00 71.44 1.0 0.0
180.00 430.00 63.67 1.0 0.0
0.00 440.00 64.74 0.0 1.0
5.00 440.00 62.47 0.0 1.0
10.00 440.00 65.17 0.0 1.0
15.00 440.00 69.83 0.0 1.0
20.00 440.00 68.64 0.0 1.0
25.00 440.00 78.98 0.0 1.0
30.00 440.00 80.77 0.0 1.0
35.00 440.00 83.30 0.0 1.0
40.00 440.00 82.40 0.0 1.0
45.00 440.00 81.63 0.5 0.5
50.00 440.00 82.68 0.5 0.5
55.00 440.00 86.11 0.5 0.5
60.00 440.00 86.75 0.5 0.5
65.00 440.00 84.82 0.5 0.5
70.00 440.00 81.98 0.5 0.5
75.00 440.00 84.09 0.5 0.5
80.00 440.00 86.58 0.5 0.5
85.00 440.00 83.49 0.5 0.5
90.00 440.00 78.99 0.5 0.5
95.00 440.00 84.73 0.5 0.5
100.00 440.00 88.09 0.5 0.5
105.00 440.00 84.82 0.5 0.5
110.00 440.00 79.11 0.5 0.5
115.00 440.00 83.32 0.5 0.5
120.00 440.00 87.47 0.5 0.5
125.00 440.00 86.36 0.5 0.5
130.00 440.00 83.12 0.5 0.5
135.00 440.00 80.50 0.5 0.5
140.00 440.00 83.20 1.0 0.0
145.00 440.00 82.58 1.0 0.0
150.00 440.00 82.16 1.0 0.0
155.00 440.00 77.31 1.0 0.0
160.00 440.00 76.21 1.0 0.0
165.00 440.00 69.18 1.0 0.0
170.00 440.00 69.33 1.0 0.0
175.00 440.00 64.13 1.0 0.0
180.00 440.00 63.67 1.0 0.0
0.00 450.00 64.74 0.0 1.0
5.00 450.00 64.80 0.0 1.0
10.00 450.00 73.28 0.0 1.0
15.00 450.00 77.12 0.0 1.0
20.00 450.00 81.15 0.0 1.0
25.00 450.00 77.03 0.0 1.0
30.00 450.00 77.98 0.0 1.0
35.00 450.00 87.82 0.0 1.0
40.00 450.00 88.80 0.0 1.0
45.00 450.00 83.34 0.5 0.5
50.00 450.00 92.66 0.5 0.5
55.00 450.00 89.52 0.5 0.5
60.00 450.00 89.87 0.5 0.5
65.00 450.00 92.54 0.5 0.5
70.00 450.00 91.44 0.5 0.5
75.00 450.00 95.51 0.5 0.5
80.00 450.00 85.37 0.5 0.5
85.00 450.00 94.81 0.5 0.5
90.00 450.00 90.52 0.5 0.5
95.00 450.00 96.12 0.5 0.5
100.00 450.00 84.56 0.5 0.5
105.00 450.00 94.69 0.5 0.5
110.00 450.00 88.28 0.5 0.5
115.00 450.00 95.35 0.5 0.5
120.00 450.00 82.35 0.5 0.5
125.00 450.00 92.04 0.5 0.5
130.00 450.00 88.88 0.5 0.5
135.00 450.00 86.54 0.5 0.5
140.00 450.00 90.00 1.0 0.0
145.00 450.00 85.08 1.0 0.0
150.00 450.00 74.30 1.0 0.0
155.00 450.00 82.42 1.0 0.0
160.00 450.00 82.75 1.0 0.0
165.00 450.00 79.49 1.0 0.0
170.00 450.00 74.54 1.0 0.0
175.00 450.00 63.64 1.0 0.0
180.00 450.00 63.67 1.0 0.0
0.00 460.00 64.74 0.0 1.0
5.00 460.00 71.53 0.0 1.0
10.00 460.00 82.09 0.0 1.0
15.00 460.00 87.97 0.0 1.0
20.00 460.00 89.99 0.0 1.0
25.00 460.00 84.50 0.0 1.0
30.00 460.00 90.65 0.0 1.0
35.00 460.00 98.17 0.0 1.0
40.00 460.00 96.41 0.0 1.0
45.00 460.00 91.93 0.5 0.5
50.00 460.00 102.23 0.5 0.5
55.00 460.00 97.06 0.5 0.5
60.00 460.00 98.66 0.5 0.5
65.00 460.00 99.05 0.5 0.5
70.00 460.00 98.31 0.5 0.5
75.00 460.00 102.65 0.5 0.5
80.00 460.00 92.97 0.5 0.5
85.00 460.00 100.54 0.5 0.5
90.00 460.00 96.34 0.5 0.5
95.00 460.00 103.00 0.5 0.5
100.00 460.00 91.79 0.5 0.5
105.00 460.00 100.76 0.5 0.5
110.00 460.00 93.96 0.5 0.5
115.00 460.00 103.22 0.5 0.5
120.00 460.00 88.96 0.5 0.5
125.00 460.00 100.93 0.5 0.5
130.00 460.00 95.32 0.5 0.5
135.00 460.00 96.95 0.5 0.5
140.00 460.00 100.77 1.0 0.0
145.00 460.00 94.60 1.0 0.0
150.00 460.00 85.23 1.0 0.0
155.00 460.00 93.46 1.0 0.0
160.00 460.00 92.50 1.0 0.0
165.00 460.00 88.29 1.0 0.0
170.00 460.00 82.06 1.0 0.0
175.00 460.00 72.18 1.0 0.0
180.00 460.00 63.67 1.0 0.0
0.00 470.00 64.74 0.0 1.0
5.00 470.00 77.28 0.0 1.0
10.00 470.00 88.25 0.0 1.0
15.00 470.00 93.97 0.0 1.0
20.00 470.00 95.32 0.0 1.0
25.00 470.00 88.62 0.0 1.0
30.00 470.00 94.70 0.0 1.0
35.00 470.00 101.38 0.0 1.0
40.00 470.00 98.86 0.0 1.0
45.00 470.00 91.90 0.5 0.5
50.00 470.00 101.28 0.5 0.5
55.00 470.00 96.08 0.5 0.5
60.00 470.00 93.87 0.5 0.5
65.00 470.00 98.14 0.5 0.5
70.00 470.00 84.85 0.5 0.5
75.00 470.00 91.93 0.5 0.5
80.00 470.00 78.22 0.5 0.5
85.00 470.00 95.78 0.5 0.5
90.00 470.00 93.26 0.5 0.5
95.00 470.00 88.30 0.5 0.5
100.00 470.00 80.72 0.5 0.5
105.00 470.00 96.52 0.5 0.5
110.00 470.00 90.48 0.5 0.5
115.00 470.00 95.94 0.5 0.5
120.00 470.00 87.73 0.5 0.5
125.00 470.00 99.13 0.5 0.5
130.00 470.00 97.42 0.5 0.5
135.00 470.00 96.96 0.5 0.5
140.00 470.00 103.15 1.0 0.0
145.00 470.00 98.43 1.0 0.0
150.00 470.00 88.70 1.0 0.0
155.00 470.00 98.25 1.0 0.0
160.00 470.00 97.67 1.0 0.0
165.00 470.00 93.42 1.0 0.0
170.00 470.00 86.73 1.0 0.0
175.00 470.00 76.62 1.0 0.0
180.00 470.00 63.67 1.0 0.0
0.00 480.00 64.74 0.0 1.0
5.00 480.00 81.41 0.0 1.0
10.00 480.00 92.33 0.0 1.0
15.00 480.00 97.53 0.0 1.0
20.00 480.00 98.15 0.0 1.0
25.00 480.00 89.79 0.0 1.0
30.00 480.00 95.52 0.0 1.0
35.00 480.00 101.09 0.0 1.0
40.00 480.00 99.00 0.0 1.0
45.00 480.00 89.59 0.5 0.5
50.00 480.00 79.64 0.5 0.5
55.00 480.00 90.79 0.5 0.5
60.00 480.00 94.75 0.5 0.5
65.00 480.00 89.12 0.5 0.5
70.00 480.00 96.71 0.5 0.5
75.00 480.00 88.27 0.5 0.5
80.00 480.00 97.50 0.5 0.5
85.00 480.00 94.81 0.5 0.5
90.00 480.00 94.52 0.5 0.5
95.00 480.00 89.89 0.5 0.5
100.00 480.00 97.39 0.5 0.5
105.00 480.00 94.51 0.5 0.5
110.00 480.00 95.83 0.5 0.5
115.00 480.00 91.77 0.5 0.5
120.00 480.00 93.78 0.5 0.5
125.00 480.00 88.06 0.5 0.5
130.00 480.00 96.17 0.5 0.5
135.00 480.00 81.40 0.5 0.5
140.00 480.00 98.55 1.0 0.0
145.00 480.00 97.40 1.0 0.0
150.00 480.00 88.74 1.0 0.0
155.00 480.00 100.16 1.0 0.0
160.00 480.00 100.48 1.0 0.0
165.00 480.00 96.69 1.0 0.0
170.00 480.00 89.84 1.0 0.0
175.00 480.00 79.48 1.0 0.0
180.00 480.00 63.67 1.0 0.0
0.00 490.00 64.74 0.0 1.0
5.00 490.00 84.36 0.0 1.0
10.00 490.00 94.98 0.0 1.0
15.00 490.00 99.56 0.0 1.0
20.00 490.00 99.34 0.0 1.0
25.00 490.00 90.02 0.0 1.0
30.00 490.00 93.55 0.0 1.0
35.00 490.00 96.90 0.0 1.0
40.00 490.00 94.64 0.0 1.0
45.00 490.00 94.96 0.5 0.5
50.00 490.00 93.40 0.5 0.5
55.00 490.00 87.86 0.5 0.5
60.00 490.00 98.03 0.5 0.5
65.00 490.00 92.65 0.5 0.5
70.00 490.00 89.82 0.5 0.5
75.00 490.00 93.50 0.5 0.5
80.00 490.00 91.41 0.5 0.5
85.00 490.00 88.93 0.5 0.5
90.00 490.00 87.11 0.5 0.5
95.00 490.00 92.32 0.5 0.5
100.00 490.00 91.27 0.5 0.5
105.00 490.00 91.11 0.5 0.5
110.00 490.00 87.21 0.5 0.5
115.00 490.00 94.15 0.5 0.5
120.00 490.00 93.08 0.5 0.5
125.00 490.00 98.77 0.5 0.5
130.00 490.00 85.67 0.5 0.5
135.00 490.00 94.99 0.5 0.5
140.00 490.00 85.32 1.0 0.0
145.00 490.00 94.97 1.0 0.0
150.00 490.00 85.83 1.0 0.0
155.00 490.00 100.54 1.0 0.0
160.00 490.00 102.03 1.0 0.0
165.00 490.00 98.75 1.0 0.0
170.00 490.00 91.97 1.0 0.0
175.00 490.00 81.51 1.0 0.0
180.00 490.00 63.67 1.0 0.0
0.00 500.00 64.74 0.0 1.0
5.00 500.00 86.47 0.0 1.0
10.00 500.00 96.70 0.0 1.0
15.00 500.00 100.58 0.0 1.0
20.00 500.00 99.40 0.0 1.0
25.00 500.00 90.24 0.0 1.0
30.00 500.00 86.34 0.0 1.0
35.00 500.00 83.68 0.0 1.0
40.00 500.00 81.82 0.0 1.0
45.00 500.00 93.63 0.5 0.5
50.00 500.00 96.14 0.5 0.5
55.00 500.00 91.15 0.5 0.5
60.00 500.00 88.29 0.5 0.5
65.00 500.00 77.78 0.5 0.5
70.00 500.00 95.52 0.5 0.5
75.00 500.00 88.73 0.5 0.5
80.00 500.00 101.64 0.5 0.5
85.00 500.00 91.60 0.5 0.5
90.00 500.00 101.12 0.5 0.5
95.00 500.00 92.90 0.5 0.5
100.00 500.00 101.39 0.5 0.5
105.00 500.00 91.22 0.5 0.5
110.00 500.00 95.46 0.5 0.5
115.00 500.00 83.11 0.5 0.5
120.00 500.00 92.67 0.5 0.5
125.00 500.00 92.62 0.5 0.5
130.00 500.00 86.60 0.5 0.5
135.00 500.00 95.54 0.5 0.5
140.00 500.00 88.86 1.0 0.0
145.00 500.00 93.07 1.0 0.0
150.00 500.00 85.94 1.0 0.0
155.00 500.00 99.21 1.0 0.0
160.00 500.00 102.48 1.0 0.0
165.00 500.00 99.99 1.0 0.0
170.00 500.00 93.55 1.0 0.0
175.00 500.00 83.04 1.0 0.0
180.00 500.00 63.67 1.0 0.0
0.00 510.00 64.74 0.0 1.0
5.00 510.00 87.92 0.0 1.0
10.00 510.00 97.81 0.0 1.0
15.00 510.00 101.16 0.0 1.0
20.00 510.00 99.48 0.0 1.0
25.00 510.00 92.19 0.0 1.0
30.00 510.00 87.64 0.0 1.0
35.00 510.00 92.93 0.0 1.0
40.00 510.00 85.99 0.0 1.0
45.00 510.00 91.68 0.5 0.5
50.00 510.00 92.23 0.5 0.5
55.00 510.00 93.60 0.5 0.5
60.00 510.00 98.78 0.5 0.5
65.00 510.00 80.53 0.5 0.5
70.00 510.00 103.06 0.5 0.5
75.00 510.00 95.39 0.5 0.5
80.00 510.00 102.09 0.5 0.5
85.00 510.00 92.55 0.5 0.5
90.00 510.00 102.99 0.5 0.5
95.00 510.00 95.99 0.5 0.5
100.00 510.00 101.94 0.5 0.5
105.00 510.00 93.34 0.5 0.5
110.00 510.00 102.28 0.5 0.5
115.00 510.00 96.51 0.5 0.5
120.00 510.00 97.86 0.5 0.5
125.00 510.00 88.23 0.5 0.5
130.00 510.00 85.93 0.5 0.5
135.00 510.00 94.39 0.5 0.5
140.00 510.00 95.04 1.0 0.0
145.00 510.00 90.30 1.0 0.0
150.00 510.00 90.33 1.0 0.0
155.00 510.00 96.85 1.0 0.0
160.00 510.00 102.53 1.0 0.0
165.00 510.00 100.92 1.0 0.0
170.00 510.00 94.82 1.0 0.0
175.00 510.00 84.16 1.0 0.0
180.00 510.00 63.67 1.0 0.0
0.00 520.00 64.74 0.0 1.0
5.00 520.00 88.81 0.0 1.0
10.00 520.00 98.41 0.0 1.0
15.00 520.00 101.37 0.0 1.0
20.00 520.00 99.33 0.0 1.0
25.00 520.00 92.54 0.0 1.0
30.00 520.00 91.37 0.0 1.0
35.00 520.00 95.10 0.0 1.0
40.00 520.00 87.54 0.0 1.0
45.00 520.00 84.90 0.5 0.5
50.00 520.00 84.69 0.5 0.5
55.00 520.00 93.79 0.5 0.5
60.00 520.00 101.44 0.5 0.5
65.00 520.00 84.32 0.5 0.5
70.00 520.00 103.01 0.5 0.5
75.00 520.00 92.41 0.5 0.5
80.00 520.00 101.02 0.5 0.5
85.00 520.00 94.17 0.5 0.5
90.00 520.00 97.61 0.5 0.5
95.00 520.00 88.48 0.5 0.5
100.00 520.00 101.18 0.5 0.5
105.00 520.00 96.22 0.5 0.5
110.00 520.00 101.94 0.5 0.5
115.00 520.00 98.31 0.5 0.5
120.00 520.00 99.17 0.5 0.5
125.00 520.00 95.17 0.5 0.5
130.00 520.00 90.68 0.5 0.5
135.00 520.00 89.12 0.5 0.5
140.00 520.00 96.18 1.0 0.0
145.00 520.00 88.58 1.0 0.0
150.00 520.00 93.60 1.0 0.0
155.00 520.00 93.31 1.0 0.0
160.00 520.00 102.11 1.0 0.0
165.00 520.00 101.39 1.0 0.0
170.00 520.00 95.63 1.0 0.0
175.00 520.00 84.90 1.0 0.0
180.00 520.00 63.67 1.0 0.0
0.00 530.00 64.74 0.0 1.0
5.00 530.00 89.21 0.0 1.0
10.00 530.00 98.54 0.0 1.0
15.00 530.00 101.28 0.0 1.0
20.00 530.00 99.38 0.0 1.0
25.00 530.00 93.53 0.0 1.0
30.00 530.00 93.23 0.0 1.0
35.00 530.00 95.35 0.0 1.0
40.00 530.00 89.37 0.0 1.0
45.00 530.00 85.97 0.5 0.5
50.00 530.00 89.63 0.5 0.5
55.00 530.00 93.51 0.5 0.5
60.00 530.00 102.73 0.5 0.5
65.00 530.00 90.17 0.5 0.5
70.00 530.00 101.98 0.5 0.5
75.00 530.00 90.98 0.5 0.5
80.00 530.00 97.88 0.5 0.5
85.00 530.00 88.77 0.5 0.5
90.00 530.00 78.10 0.5 0.5
95.00 530.00 83.68 0.5 0.5
100.00 530.00 98.05 0.5 0.5
105.00 530.00 95.24 0.5 0.5
110.00 530.00 100.95 0.5 0.5
115.00 530.00 97.64 0.5 0.5
120.00 530.00 100.20 0.5 0.5
125.00 530.00 97.33 0.5 0.5
130.00 530.00 92.36 0.5 0.5
135.00 530.00 85.70 0.5 0.5
140.00 530.00 95.73 1.0 0.0
145.00 530.00 85.76 1.0 0.0
150.00 530.00 93.66 1.0 0.0
155.00 530.00 91.53 1.0 0.0
160.00 530.00 101.78 1.0 0.0
165.00 530.00 101.45 1.0 0.0
170.00 530.00 95.89 1.0 0.0
175.00 530.00 85.21 1.0 0.0
180.00 530.00 63.67 1.0 0.0
0.00 540.00 64.74 0.0 1.0
5.00 540.00 89.13 0.0 1.0
10.00 540.00 98.28 0.0 1.0
15.00 540.00 101.21 0.0 1.0
20.00 540.00 99.68 0.0 1.0
25.00 540.00 93.27 0.0 1.0
30.00 540.00 91.84 0.0 1.0
35.00 540.00 94.88 0.0 1.0
40.00 540.00 91.04 0.0 1.0
45.00 540.00 86.89 0.5 0.5
50.00 540.00 87.64 0.5 0.5
55.00 540.00 93.85 0.5 0.5
60.00 540.00 102.88 0.5 0.5
65.00 540.00 90.87 0.5 0.5
70.00 540.00 102.35 0.5 0.5
75.00 540.00 93.28 0.5 0.5
80.00 540.00 98.38 0.5 0.5
85.00 540.00 85.75 0.5 0.5
90.00 540.00 96.88 0.5 0.5
95.00 540.00 91.98 0.5 0.5
100.00 540.00 98.47 0.5 0.5
105.00 540.00 94.53 0.5 0.5
110.00 540.00 101.50 0.5 0.5
115.00 540.00 97.28 0.5 0.5
120.00 540.00 100.56 0.5 0.5
125.00 540.00 97.28 0.5 0.5
130.00 540.00 92.50 0.5 0.5
135.00 540.00 86.20 0.5 0.5
140.00 540.00 95.50 1.0 0.0
145.00 540.00 83.04 1.0 0.0
150.00 540.00 93.47 1.0 0.0
155.00 540.00 91.43 1.0 0.0
160.00 540.00 101.92 1.0 0.0
165.00 540.00 101.53 1.0 0.0
170.00 540.00 95.76 1.0 0.0
175.00 540.00 85.05 1.0 0.0
180.00 540.00 63.67 1.0 0.0
0.00 550.00 64.74 0.0 1.0
5.00 550.00 88.59 0.0 1.0
10.00 550.00 97.72 0.0 1.0
15.00 550.00 100.99 0.0 1.0
20.00 550.00 99.64 0.0 1.0
25.00 550.00 93.42 0.0 1.0
30.00 550.00 89.90 0.0 1.0
35.00 550.00 91.28 0.0 1.0
40.00 550.00 90.91 0.0 1.0
45.00 550.00 88.88 0.5 0.5
50.00 550.00 82.44 0.5 0.5
55.00 550.00 92.62 0.5 0.5
60.00 550.00 101.31 0.5 0.5
65.00 550.00 90.81 0.5 0.5
70.00 550.00 102.47 0.5 0.5
75.00 550.00 93.78 0.5 0.5
80.00 550.00 101.66 0.5 0.5
85.00 550.00 91.34 0.5 0.5
90.00 550.00 102.37 0.5 0.5
95.00 550.00 95.94 0.5 0.5
100.00 550.00 101.54 0.5 0.5
105.00 550.00 95.68 0.5 0.5
110.00 550.00 101.64 0.5 0.5
115.00 550.00 94.99 0.5 0.5
120.00 550.00 99.56 0.5 0.5
125.00 550.00 92.83 0.5 0.5
130.00 550.00 93.38 0.5 0.5
135.00 550.00 90.67 0.5 0.5
140.00 550.00 96.02 1.0 0.0
145.00 550.00 85.75 1.0 0.0
150.00 550.00 91.66 1.0 0.0
155.00 550.00 94.13 1.0 0.0
160.00 550.00 102.09 1.0 0.0
165.00 550.00 101.51 1.0 0.0
170.00 550.00 95.35 1.0 0.0
175.00 550.00 84.41 1.0 0.0
180.00 550.00 63.67 1.0 0.0
0.00 560.00 64.74 0.0 1.0
5.00 560.00 87.56 0.0 1.0
10.00 560.00 96.85 0.0 1.0
15.00 560.00 100.32 0.0 1.0
20.00 560.00 99.62 0.0 1.0
25.00 560.00 93.12 0.0 1.0
30.00 560.00 85.05 0.0 1.0
35.00 560.00 82.92 0.0 1.0
40.00 560.00 87.51 0.0 1.0
45.00 560.00 94.24 0.5 0.5
50.00 560.00 91.43 0.5 0.5
55.00 560.00 87.17 0.5 0.5
60.00 560.00 94.06 0.5 0.5
65.00 560.00 90.15 0.5 0.5
70.00 560.00 99.40 0.5 0.5
75.00 560.00 85.28 0.5 0.5
80.00 560.00 102.96 0.5 0.5
85.00 560.00 94.53 0.5 0.5
90.00 560.00 102.28 0.5 0.5
95.00 560.00 92.69 0.5 0.5
100.00 560.00 102.72 0.5 0.5
105.00 560.00 95.75 0.5 0.5
110.00 560.00 98.67 0.5 0.5
115.00 560.00 86.74 0.5 0.5
120.00 560.00 94.62 0.5 0.5
125.00 560.00 91.70 0.5 0.5
130.00 560.00 93.70 0.5 0.5
135.00 560.00 95.87 0.5 0.5
140.00 560.00 94.94 1.0 0.0
145.00 560.00 89.25 1.0 0.0
150.00 560.00 89.72 1.0 0.0
155.00 560.00 97.04 1.0 0.0
160.00 560.00 102.51 1.0 0.0
165.00 560.00 101.13 1.0 0.0
170.00 560.00 94.59 1.0 0.0
175.00 560.00 83.25 1.0 0.0
180.00 560.00 63.67 1.0 0.0
0.00 570.00 64.74 0.0 1.0
5.00 570.00 85.99 0.0 1.0
10.00 570.00 95.53 0.0 1.0
15.00 570.00 99.14 0.0 1.0
20.00 570.00 99.11 0.0 1.0
25.00 570.00 92.08 0.0 1.0
30.00 570.00 87.06 0.0 1.0
35.00 570.00 93.61 0.0 1.0
40.00 570.00 93.10 0.0 1.0
45.00 570.00 97.16 0.5 0.5
50.00 570.00 95.87 0.5 0.5
55.00 570.00 86.22 0.5 0.5
60.00 570.00 96.31 0.5 0.5
65.00 570.00 93.52 0.5 0.5
70.00 570.00 89.42 0.5 0.5
75.00 570.00 90.24 0.5 0.5
80.00 570.00 97.74 0.5 0.5
85.00 570.00 90.93 0.5 0.5
90.00 570.00 95.09 0.5 0.5
95.00 570.00 86.33 0.5 0.5
100.00 570.00 97.75 0.5 0.5
105.00 570.00 89.99 0.5 0.5
110.00 570.00 90.83 0.5 0.5
115.00 570.00 90.15 0.5 0.5
120.00 570.00 89.98 0.5 0.5
125.00 570.00 99.10 0.5 0.5
130.00 570.00 90.89 0.5 0.5
135.00 570.00 97.60 0.5 0.5
140.00 570.00 89.40 1.0 0.0
145.00 570.00 94.93 1.0 0.0
150.00 570.00 82.52 1.0 0.0
155.00 570.00 99.36 1.0 0.0
160.00 570.00 102.85 1.0 0.0
165.00 570.00 100.21 1.0 0.0
170.00 570.00 93.26 1.0 0.0
175.00 570.00 81.52 1.0 0.0
180.00 570.00 63.67 1.0 0.0
0.00 580.00 64.74 0.0 1.0
5.00 580.00 83.80 0.0 1.0
10.00 580.00 93.60 0.0 1.0
15.00 580.00 97.36 0.0 1.0
20.00 580.00 97.60 0.0 1.0
25.00 580.00 91.65 0.0 1.0
30.00 580.00 93.81 0.0 1.0
35.00 580.00 98.98 0.0 1.0
40.00 580.00 98.06 0.0 1.0
45.00 580.00 95.07 0.5 0.5
50.00 580.00 91.38 0.5 0.5
55.00 580.00 89.32 0.5 0.5
60.00 580.00 98.56 0.5 0.5
65.00 580.00 93.07 0.5 0.5
70.00 580.00 93.48 0.5 0.5
75.00 580.00 89.18 0.5 0.5
80.00 580.00 95.61 0.5 0.5
85.00 580.00 95.15 0.5 0.5
90.00 580.00 88.59 0.5 0.5
95.00 580.00 91.47 0.5 0.5
100.00 580.00 95.20 0.5 0.5
105.00 580.00 96.18 0.5 0.5
110.00 580.00 91.12 0.5 0.5
115.00 580.00 92.23 0.5 0.5
120.00 580.00 95.33 0.5 0.5
125.00 580.00 94.87 0.5 0.5
130.00 580.00 94.25 0.5 0.5
135.00 580.00 93.71 0.5 0.5
140.00 580.00 95.88 1.0 0.0
145.00 580.00 98.02 1.0 0.0
150.00 580.00 86.36 1.0 0.0
155.00 580.00 101.04 1.0 0.0
160.00 580.00 102.39 1.0 0.0
165.00 580.00 98.51 1.0 0.0
170.00 580.00 91.10 1.0 0.0
175.00 580.00 79.05 1.0 0.0
180.00 580.00 63.67 1.0 0.0
0.00 590.00 64.74 0.0 1.0
5.00 590.00 80.87 0.0 1.0
10.00 590.00 90.84 0.0 1.0
15.00 590.00 94.81 0.0 1.0
20.00 590.00 95.01 0.0 1.0
25.00 590.00 90.22 0.0 1.0
30.00 590.00 97.56 0.0 1.0
35.00 590.00 101.70 0.0 1.0
40.00 590.00 99.06 0.0 1.0
45.00 590.00 91.36 0.5 0.5
50.00 590.00 97.38 0.5 0.5
55.00 590.00 93.01 0.5 0.5
60.00 590.00 86.29 0.5 0.5
65.00 590.00 94.67 0.5 0.5
70.00 590.00 93.85 0.5 0.5
75.00 590.00 80.33 0.5 0.5
80.00 590.00 94.67 0.5 0.5
85.00 590.00 84.86 0.5 0.5
90.00 590.00 95.24 0.5 0.5
95.00 590.00 74.84 0.5 0.5
100.00 590.00 94.92 0.5 0.5
105.00 590.00 86.85 0.5 0.5
110.00 590.00 95.46 0.5 0.5
115.00 590.00 81.88 0.5 0.5
120.00 590.00 88.89 0.5 0.5
125.00 590.00 95.83 0.5 0.5
130.00 590.00 98.17 0.5 0.5
135.00 590.00 94.45 0.5 0.5
140.00 590.00 102.49 1.0 0.0
145.00 590.00 98.45 1.0 0.0
150.00 590.00 93.76 1.0 0.0
155.00 590.00 100.94 1.0 0.0
160.00 590.00 100.43 1.0 0.0
165.00 590.00 95.49 1.0 0.0
170.00 590.00 87.67 1.0 0.0
175.00 590.00 75.55 1.0 0.0
180.00 590.00 63.67 1.0 0.0
0.00 600.00 64.74 0.0 1.0
5.00 600.00 77.05 0.0 1.0
10.00 600.00 86.91 0.0 1.0
15.00 600.00 91.17 0.0 1.0
20.00 600.00 91.78 0.0 1.0
25.00 600.00 85.07 0.0 1.0
30.00 600.00 96.26 0.0 1.0
35.00 600.00 101.51 0.0 1.0
40.00 600.00 99.10 0.0 1.0
45.00 600.00 91.86 0.5 0.5
50.00 600.00 102.65 0.5 0.5
55.00 600.00 96.70 0.5 0.5
60.00 600.00 99.44 0.5 0.5
65.00 600.00 100.69 0.5 0.5
70.00 600.00 94.09 0.5 0.5
75.00 600.00 99.78 0.5 0.5
80.00 600.00 92.61 0.5 0.5
85.00 600.00 101.37 0.5 0.5
90.00 600.00 86.96 0.5 0.5
95.00 600.00 99.35 0.5 0.5
100.00 600.00 91.39 0.5 0.5
105.00 600.00 101.75 0.5 0.5
110.00 600.00 88.27 0.5 0.5
115.00 600.00 101.48 0.5 0.5
120.00 600.00 83.29 0.5 0.5
125.00 600.00 101.75 0.5 0.5
130.00 600.00 97.30 0.5 0.5
135.00 600.00 97.09 0.5 0.5
140.00 600.00 101.91 1.0 0.0
145.00 600.00 95.43 1.0 0.0
150.00 600.00 93.28 1.0 0.0
155.00 600.00 97.51 1.0 0.0
160.00 600.00 95.81 1.0 0.0
165.00 600.00 90.05 1.0 0.0
170.00 600.00 82.13 1.0 0.0
175.00 600.00 70.44 1.0 0.0
180.00 600.00 63.67 1.0 0.0
0.00 610.00 64.74 0.0 1.0
5.00 610.00 72.58 0.0 1.0
10.00 610.00 81.38 0.0 1.0
15.00 610.00 85.74 0.0 1.0
20.00 610.00 88.13 0.0 1.0
25.00 610.00 83.13 0.0 1.0
30.00 610.00 84.70 0.0 1.0
35.00 610.00 94.48 0.0 1.0
40.00 610.00 94.26 0.0 1.0
45.00 610.00 82.19 0.5 0.5
50.00 610.00 97.22 0.5 0.5
55.00 610.00 93.28 0.5 0.5
60.00 610.00 97.12 0.5 0.5
65.00 610.00 97.74 0.5 0.5
70.00 610.00 95.02 0.5 0.5
75.00 610.00 99.88 0.5 0.5
80.00 610.00 93.33 0.5 0.5
85.00 610.00 99.66 0.5 0.5
90.00 610.00 93.21 0.5 0.5
95.00 610.00 100.12 0.5 0.5
100.00 610.00 93.55 0.5 0.5
105.00 610.00 99.93 0.5 0.5
110.00 610.00 89.27 0.5 0.5
115.00 610.00 100.00 0.5 0.5
120.00 610.00 88.96 0.5 0.5
125.00 610.00 98.80 0.5 0.5
130.00 610.00 94.32 0.5 0.5
135.00 610.00 89.52 0.5 0.5
140.00 610.00 94.99 1.0 0.0
145.00 610.00 89.02 1.0 0.0
150.00 610.00 82.28 1.0 0.0
155.00 610.00 86.61 1.0 0.0
160.00 610.00 85.29 1.0 0.0
165.00 610.00 79.30 1.0 0.0
170.00 610.00 72.11 1.0 0.0
175.00 610.00 64.93 1.0 0.0
180.00 610.00 63.67 1.0 0.0
0.00 620.00 64.74 0.0 1.0
5.00 620.00 69.12 0.0 1.0
10.00 620.00 74.88 0.0 1.0
15.00 620.00 78.17 0.0 1.0
20.00 620.00 81.94 0.0 1.0
25.00 620.00 81.96 0.0 1.0
30.00 620.00 82.91 0.0 1.0
35.00 620.00 79.15 0.0 1.0
40.00 620.00 79.02 0.0 1.0
45.00 620.00 79.81 0.5 0.5
50.00 620.00 82.05 0.5 0.5
55.00 620.00 83.08 0.5 0.5
60.00 620.00 80.10 0.5 0.5
65.00 620.00 75.19 0.5 0.5
70.00 620.00 77.02 0.5 0.5
75.00 620.00 83.70 0.5 0.5
80.00 620.00 81.61 0.5 0.5
85.00 620.00 73.80 0.5 0.5
90.00 620.00 79.05 0.5 0.5
95.00 620.00 84.70 0.5 0.5
100.00 620.00 81.36 0.5 0.5
105.00 620.00 75.23 0.5 0.5
110.00 620.00 80.57 0.5 0.5
115.00 620.00 83.60 0.5 0.5
120.00 620.00 81.05 0.5 0.5
125.00 620.00 75.72 0.5 0.5
130.00 620.00 76.74 0.5 0.5
135.00 620.00 82.33 0.5 0.5
140.00 620.00 82.73 1.0 0.0
145.00 620.00 83.41 1.0 0.0
150.00 620.00 79.74 1.0 0.0
155.00 620.00 79.34 1.0 0.0
160.00 620.00 75.80 1.0 0.0
165.00 620.00 75.34 1.0 0.0
170.00 620.00 71.87 1.0 0.0
175.00 620.00 68.15 1.0 0.0
180.00 620.00 63.67 1.0 0.0
0.00 630.00 64.74 0.0 1.0
5.00 630.00 69.71 0.0 1.0
10.00 630.00 73.97 0.0 1.0
15.00 630.00 76.02 0.0 1.0
20.00 630.00 70.56 0.0 1.0
25.00 630.00 76.26 0.0 1.0
30.00 630.00 84.36 0.0 1.0
35.00 630.00 85.46 0.0 1.0
40.00 630.00 81.75 0.0 1.0
45.00 630.00 91.21 0.5 0.5
50.00 630.00 92.12 0.5 0.5
55.00 630.00 79.27 0.5 0.5
60.00 630.00 93.57 0.5 0.5
65.00 630.00 85.82 0.5 0.5
70.00 630.00 95.04 0.5 0.5
75.00 630.00 89.27 0.5 0.5
80.00 630.00 94.30 0.5 0.5
85.00 630.00 90.76 0.5 0.5
90.00 630.00 95.01 0.5 0.5
95.00 630.00 89.70 0.5 0.5
100.00 630.00 94.43 0.5 0.5
105.00 630.00 91.06 0.5 0.5
110.00 630.00 93.89 0.5 0.5
115.00 630.00 91.96 0.5 0.5
120.00 630.00 88.71 0.5 0.5
125.00 630.00 91.74 0.5 0.5
130.00 630.00 85.24 0.5 0.5
135.00 630.00 92.01 0.5 0.5
140.00 630.00 88.24 1.0 0.0
145.00 630.00 75.48 1.0 0.0
150.00 630.00 83.97 1.0 0.0
155.00 630.00 81.43 1.0 0.0
160.00 630.00 75.34 1.0 0.0
165.00 630.00 74.46 1.0 0.0
170.00 630.00 76.25 1.0 0.0
175.00 630.00 72.29 1.0 0.0
180.00 630.00 63.67 1.0 0.0
0.00 640.00 64.74 0.0 1.0
5.00 640.00 73.86 0.0 1.0
10.00 640.00 81.03 0.0 1.0
15.00 640.00 83.85 0.0 1.0
20.00 640.00 77.10 0.0 1.0
25.00 640.00 87.16 0.0 1.0
30.00 640.00 96.34 0.0 1.0
35.00 640.00 98.07 0.0 1.0
40.00 640.00 88.45 0.0 1.0
45.00 640.00 98.83 0.5 0.5
50.00 640.00 100.71 0.5 0.5
55.00 640.00 87.07 0.5 0.5
60.00 640.00 102.70 0.5 0.5
65.00 640.00 93.75 0.5 0.5
70.00 640.00 101.23 0.5 0.5
75.00 640.00 94.69 0.5 0.5
80.00 640.00 101.94 0.5 0.5
85.00 640.00 97.77 0.5 0.5
90.00 640.00 100.37 0.5 0.5
95.00 640.00 95.45 0.5 0.5
100.00 640.00 101.73 0.5 0.5
105.00 640.00 98.64 0.5 0.5
110.00 640.00 99.43 0.5 0.5
115.00 640.00 98.84 0.5 0.5
120.00 640.00 97.72 0.5 0.5
125.00 640.00 101.87 0.5 0.5
130.00 640.00 85.84 0.5 0.5
135.00 640.00 100.27 0.5 0.5
140.00 640.00 98.27 1.0 0.0
145.00 640.00 75.46 1.0 0.0
150.00 640.00 94.71 1.0 0.0
155.00 640.00 94.52 1.0 0.0
160.00 640.00 88.52 1.0 0.0
165.00 640.00 76.43 1.0 0.0
170.00 640.00 77.46 1.0 0.0
175.00 640.00 75.16 1.0 0.0
180.00 640.00 63.67 1.0 0.0
0.00 650.00 64.74 0.0 1.0
5.00 650.00 78.41 0.0 1.0
10.00 650.00 87.23 0.0 1.0
15.00 650.00 90.56 0.0 1.0
20.00 650.00 85.81 0.0 1.0
25.00 650.00 91.58 0.0 1.0
30.00 650.00 100.60 0.0 1.0
35.00 650.00 101.59 0.0 1.0
40.00 650.00 88.96 0.0 1.0
45.00 650.00 99.51 0.5 0.5
50.00 650.00 98.90 0.5 0.5
55.00 650.00 93.49 0.5 0.5
60.00 650.00 99.57 0.5 0.5
65.00 650.00 73.60 0.5 0.5
70.00 650.00 95.24 0.5 0.5
75.00 650.00 87.32 0.5 0.5
80.00 650.00 94.70 0.5 0.5
85.00 650.00 84.62 0.5 0.5
90.00 650.00 92.73 0.5 0.5
95.00 650.00 88.80 0.5 0.5
100.00 650.00 94.90 0.5 0.5
105.00 650.00 70.50 0.5 0.5
110.00 650.00 95.08 0.5 0.5
115.00 650.00 87.61 0.5 0.5
120.00 650.00 97.80 0.5 0.5
125.00 650.00 99.86 0.5 0.5
130.00 650.00 79.69 0.5 0.5
135.00 650.00 100.87 0.5 0.5
140.00 650.00 100.01 1.0 0.0
145.00 650.00 86.11 1.0 0.0
150.00 650.00 98.81 1.0 0.0
155.00 650.00 99.52 1.0 0.0
160.00 650.00 94.76 1.0 0.0
165.00 650.00 84.16 1.0 0.0
170.00 650.00 78.02 1.0 0.0
175.00 650.00 77.30 1.0 0.0
180.00 650.00 63.67 1.0 0.0
0.00 660.00 64.74 0.0 1.0
5.00 660.00 82.12 0.0 1.0
10.00 660.00 91.40 0.0 1.0
15.00 660.00 94.50 0.0 1.0
20.00 660.00 89.38 0.0 1.0
25.00 660.00 95.47 0.0 1.0
30.00 660.00 102.47 0.0 1.0
35.00 660.00 101.34 0.0 1.0
40.00 660.00 85.02 0.0 1.0
45.00 660.00 94.98 0.5 0.5
50.00 660.00 72.14 0.5 0.5
55.00 660.00 93.37 0.5 0.5
60.00 660.00 89.80 0.5 0.5
65.00 660.00 97.17 0.5 0.5
70.00 660.00 86.18 0.5 0.5
75.00 660.00 95.23 0.5 0.5
80.00 660.00 92.81 0.5 0.5
85.00 660.00 98.16 0.5 0.5
90.00 660.00 87.59 0.5 0.5
95.00 660.00 95.25 0.5 0.5
100.00 660.00 91.97 0.5 0.5
105.00 660.00 98.45 0.5 0.5
110.00 660.00 80.87 0.5 0.5
115.00 660.00 95.22 0.5 0.5
120.00 660.00 87.26 0.5 0.5
125.00 660.00 87.94 0.5 0.5
130.00 660.00 91.91 0.5 0.5
135.00 660.00 94.89 0.5 0.5
140.00 660.00 92.74 1.0 0.0
145.00 660.00 91.02 1.0 0.0
150.00 660.00 101.08 1.0 0.0
155.00 660.00 102.14 1.0 0.0
160.00 660.00 98.29 1.0 0.0
165.00 660.00 88.75 1.0 0.0
170.00 660.00 78.48 1.0 0.0
175.00 660.00 78.86 1.0 0.0
180.00 660.00 63.67 1.0 0.0
0.00 670.00 64.74 0.0 1.0
5.00 670.00 84.91 0.0 1.0
10.00 670.00 94.16 0.0 1.0
15.00 670.00 96.42 0.0 1.0
20.00 670.00 89.70 0.0 1.0
25.00 670.00 97.41 0.0 1.0
30.00 670.00 101.64 0.0 1.0
35.00 670.00 95.29 0.0 1.0
40.00 670.00 93.58 0.0 1.0
45.00 670.00 89.64 0.5 0.5
50.00 670.00 94.40 0.5 0.5
55.00 670.00 87.19 0.5 0.5
60.00 670.00 96.43 0.5 0.5
65.00 670.00 90.97 0.5 0.5
70.00 670.00 93.20 0.5 0.5
75.00 670.00 80.85 0.5 0.5
80.00 670.00 86.33 0.5 0.5
85.00 670.00 88.53 0.5 0.5
90.00 670.00 90.49 0.5 0.5
95.00 670.00 78.93 0.5 0.5
100.00 670.00 86.33 0.5 0.5
105.00 670.00 81.08 0.5 0.5
110.00 670.00 92.13 0.5 0.5
115.00 670.00 94.38 0.5 0.5
120.00 670.00 85.47 0.5 0.5
125.00 670.00 98.87 0.5 0.5
130.00 670.00 96.90 0.5 0.5
135.00 670.00 84.69 0.5 0.5
140.00 670.00 79.06 1.0 0.0
145.00 670.00 92.39 1.0 0.0
150.00 670.00 100.76 1.0 0.0
155.00 670.00 103.09 1.0 0.0
160.00 670.00 100.39 1.0 0.0
165.00 670.00 91.77 1.0 0.0
170.00 670.00 77.95 1.0 0.0
175.00 670.00 79.90 1.0 0.0
180.00 670.00 63.67 1.0 0.0
0.00 680.00 64.74 0.0 1.0
5.00 680.00 86.93 0.0 1.0
10.00 680.00 95.95 0.0 1.0
15.00 680.00 97.26 0.0 1.0
20.00 680.00 87.28 0.0 1.0
25.00 680.00 97.70 0.0 1.0
30.00 680.00 97.93 0.0 1.0
35.00 680.00 88.72 0.0 1.0
40.00 680.00 97.75 0.0 1.0
45.00 680.00 90.13 0.5 0.5
50.00 680.00 97.80 0.5 0.5
55.00 680.00 83.09 0.5 0.5
60.00 680.00 77.41 0.5 0.5
65.00 680.00 96.07 0.5 0.5
70.00 680.00 90.04 0.5 0.5
75.00 680.00 100.26 0.5 0.5
80.00 680.00 77.26 0.5 0.5
85.00 680.00 100.72 0.5 0.5
90.00 680.00 92.42 0.5 0.5
95.00 680.00 102.39 0.5 0.5
100.00 680.00 76.88 0.5 0.5
105.00 680.00 99.62 0.5 0.5
110.00 680.00 90.43 0.5 0.5
115.00 680.00 91.08 0.5 0.5
120.00 680.00 83.80 0.5 0.5
125.00 680.00 88.61 0.5 0.5
130.00 680.00 90.31 0.5 0.5
135.00 680.00 92.02 0.5 0.5
140.00 680.00 92.32 1.0 0.0
145.00 680.00 90.10 1.0 0.0
150.00 680.00 97.42 1.0 0.0
155.00 680.00 102.09 1.0 0.0
160.00 680.00 101.14 1.0 0.0
165.00 680.00 93.93 1.0 0.0
170.00 680.00 76.53 1.0 0.0
175.00 680.00 80.49 1.0 0.0
180.00 680.00 63.67 1.0 0.0
0.00 690.00 64.74 0.0 1.0
5.00 690.00 88.28 0.0 1.0
10.00 690.00 97.02 0.0 1.0
15.00 690.00 97.54 0.0 1.0
20.00 690.00 84.70 0.0 1.0
25.00 690.00 96.15 0.0 1.0
30.00 690.00 90.19 0.0 1.0
35.00 690.00 96.62 0.0 1.0
40.00 690.00 96.21 0.0 1.0
45.00 690.00 94.46 0.5 0.5
50.00 690.00 94.15 0.5 0.5
55.00 690.00 91.77 0.5 0.5
60.00 690.00 89.39 0.5 0.5
65.00 690.00 99.15 0.5 0.5
70.00 690.00 96.62 0.5 0.5
75.00 690.00 104.10 0.5 0.5
80.00 690.00 86.91 0.5 0.5
85.00 690.00 102.06 0.5 0.5
90.00 690.00 93.08 0.5 0.5
95.00 690.00 103.65 0.5 0.5
100.00 690.00 86.14 0.5 0.5
105.00 690.00 101.94 0.5 0.5
110.00 690.00 90.43 0.5 0.5
115.00 690.00 102.45 0.5 0.5
120.00 690.00 93.09 0.5 0.5
125.00 690.00 90.51 0.5 0.5
130.00 690.00 89.96 0.5 0.5
135.00 690.00 96.22 0.5 0.5
140.00 690.00 97.49 1.0 0.0
145.00 690.00 90.18 1.0 0.0
150.00 690.00 92.05 1.0 0.0
155.00 690.00 100.02 1.0 0.0
160.00 690.00 101.19 1.0 0.0
165.00 690.00 95.48 1.0 0.0
170.00 690.00 77.44 1.0 0.0
175.00 690.00 80.78 1.0 0.0
180.00 690.00 63.67 1.0 0.0
0.00 700.00 64.74 0.0 1.0
5.00 700.00 89.06 0.0 1.0
10.00 700.00 97.53 0.0 1.0
15.00 700.00 97.41 0.0 1.0
20.00 700.00 81.95 0.0 1.0
25.00 700.00 94.79 0.0 1.0
30.00 700.00 81.16 0.0 1.0
35.00 700.00 97.22 0.0 1.0
40.00 700.00 91.15 0.0 1.0
45.00 700.00 94.88 0.5 0.5
50.00 700.00 88.63 0.5 0.5
55.00 700.00 97.76 0.5 0.5
60.00 700.00 93.35 0.5 0.5
65.00 700.00 101.43 0.5 0.5
70.00 700.00 92.98 0.5 0.5
75.00 700.00 100.54 0.5 0.5
80.00 700.00 95.62 0.5 0.5
85.00 700.00 102.46 0.5 0.5
90.00 700.00 87.53 0.5 0.5
95.00 700.00 95.60 0.5 0.5
100.00 700.00 95.01 0.5 0.5
105.00 700.00 103.61 0.5 0.5
110.00 700.00 83.83 0.5 0.5
115.00 700.00 103.45 0.5 0.5
120.00 700.00 94.68 0.5 0.5
125.00 700.00 94.37 0.5 0.5
130.00 700.00 93.94 0.5 0.5
135.00 700.00 96.27 0.5 0.5
140.00 700.00 99.07 1.0 0.0
145.00 700.00 92.76 1.0 0.0
150.00 700.00 85.41 1.0 0.0
155.00 700.00 97.15 1.0 0.0
160.00 700.00 100.45 1.0 0.0
165.00 700.00 95.99 1.0 0.0
170.00 700.00 79.18 1.0 0.0
175.00 700.00 80.90 1.0 0.0
180.00 700.00 63.67 1.0 0.0
0.00 710.00 64.74 0.0 1.0
5.00 710.00 89.32 0.0 1.0
10.00 710.00 97.58 0.0 1.0
15.00 710.00 97.25 0.0 1.0
20.00 710.00 80.36 0.0 1.0
25.00 710.00 93.27 0.0 1.0
30.00 710.00 75.36 0.0 1.0
35.00 710.00 96.32 0.0 1.0
40.00 710.00 87.10 0.0 1.0
45.00 710.00 93.77 0.5 0.5
50.00 710.00 91.99 0.5 0.5
55.00 710.00 98.50 0.5 0.5
60.00 710.00 97.54 0.5 0.5
65.00 710.00 103.34 0.5 0.5
70.00 710.00 86.16 0.5 0.5
75.00 710.00 96.95 0.5 0.5
80.00 710.00 95.97 0.5 0.5
85.00 710.00 97.36 0.5 0.5
90.00 710.00 88.37 0.5 0.5
95.00 710.00 87.79 0.5 0.5
100.00 710.00 95.48 0.5 0.5
105.00 710.00 103.43 0.5 0.5
110.00 710.00 87.23 0.5 0.5
115.00 710.00 102.07 0.5 0.5
120.00 710.00 92.77 0.5 0.5
125.00 710.00 96.93 0.5 0.5
130.00 710.00 94.09 0.5 0.5
135.00 710.00 95.03 0.5 0.5
140.00 710.00 99.06 1.0 0.0
145.00 710.00 94.01 1.0 0.0
150.00 710.00 83.92 1.0 0.0
155.00 710.00 95.67 1.0 0.0
160.00 710.00 99.99 1.0 0.0
165.00 710.00 96.09 1.0 0.0
170.00 710.00 79.59 1.0 0.0
175.00 710.00 80.94 1.0 0.0
180.00 710.00 63.67 1.0 0.0
0.00 720.00 64.74 0.0 1.0
5.00 720.00 89.09 0.0 1.0
10.00 720.00 97.33 0.0 1.0
15.00 720.00 97.45 0.0 1.0
20.00 720.00 83.33 0.0 1.0
25.00 720.00 93.50 0.0 1.0
30.00 720.00 81.55 0.0 1.0
35.00 720.00 95.75 0.0 1.0
40.00 720.00 89.04 0.0 1.0
45.00 720.00 92.92 0.5 0.5
50.00 720.00 89.38 0.5 0.5
55.00 720.00 97.38 0.5 0.5
60.00 720.00 98.37 0.5 0.5
65.00 720.00 103.64 0.5 0.5
70.00 720.00 89.88 0.5 0.5
75.00 720.00 99.65 0.5 0.5
80.00 720.00 95.11 0.5 0.5
85.00 720.00 98.83 0.5 0.5
90.00 720.00 81.88 0.5 0.5
95.00 720.00 94.87 0.5 0.5
100.00 720.00 95.13 0.5 0.5
105.00 720.00 103.48 0.5 0.5
110.00 720.00 87.64 0.5 0.5
115.00 720.00 101.90 0.5 0.5
120.00 720.00 92.38 0.5 0.5
125.00 720.00 97.27 0.5 0.5
130.00 720.00 93.10 0.5 0.5
135.00 720.00 93.98 0.5 0.5
140.00 720.00 98.69 1.0 0.0
145.00 720.00 94.79 1.0 0.0
150.00 720.00 87.14 1.0 0.0
155.00 720.00 95.68 1.0 0.0
160.00 720.00 99.84 1.0 0.0
165.00 720.00 96.23 1.0 0.0
170.00 720.00 79.37 1.0 0.0
175.00 720.00 80.89 1.0 0.0
180.00 720.00 63.67 1.0 0.0
