# FGCom-mumble Far-Field Radiation Pattern
# Frequency: 130.0 MHz
# Altitude: 12000 m
# Format: Theta Phi Gain_dBi H_Polarization V_Polarization
# Theta: Elevation angle (0-180 degrees)
# Phi: Azimuth angle (0-360 degrees)
# Gain: Antenna gain in dBi
# H_Polarization: Horizontal polarization component
# V_Polarization: Vertical polarization component
0.00 0.00 77.18 0.0 1.0
5.00 0.00 70.67 0.0 1.0
10.00 0.00 85.15 0.0 1.0
15.00 0.00 82.31 0.0 1.0
20.00 0.00 85.28 0.0 1.0
25.00 0.00 85.14 0.0 1.0
30.00 0.00 83.27 0.0 1.0
35.00 0.00 85.35 0.0 1.0
40.00 0.00 92.76 0.0 1.0
45.00 0.00 93.94 0.5 0.5
50.00 0.00 89.59 0.5 0.5
55.00 0.00 98.13 0.5 0.5
60.00 0.00 95.11 0.5 0.5
65.00 0.00 92.57 0.5 0.5
70.00 0.00 95.66 0.5 0.5
75.00 0.00 93.04 0.5 0.5
80.00 0.00 94.61 0.5 0.5
85.00 0.00 97.07 0.5 0.5
90.00 0.00 97.23 0.5 0.5
95.00 0.00 96.45 0.5 0.5
100.00 0.00 95.22 0.5 0.5
105.00 0.00 94.02 0.5 0.5
110.00 0.00 92.57 0.5 0.5
115.00 0.00 92.98 0.5 0.5
120.00 0.00 93.92 0.5 0.5
125.00 0.00 92.23 0.5 0.5
130.00 0.00 89.38 0.5 0.5
135.00 0.00 88.47 0.5 0.5
140.00 0.00 88.55 1.0 0.0
145.00 0.00 85.18 1.0 0.0
150.00 0.00 82.12 1.0 0.0
155.00 0.00 84.51 1.0 0.0
160.00 0.00 79.45 1.0 0.0
165.00 0.00 80.04 1.0 0.0
170.00 0.00 79.92 1.0 0.0
175.00 0.00 72.86 1.0 0.0
180.00 0.00 70.09 1.0 0.0
0.00 10.00 77.18 0.0 1.0
5.00 10.00 69.63 0.0 1.0
10.00 10.00 86.52 0.0 1.0
15.00 10.00 77.83 0.0 1.0
20.00 10.00 80.42 0.0 1.0
25.00 10.00 84.56 0.0 1.0
30.00 10.00 88.45 0.0 1.0
35.00 10.00 90.19 0.0 1.0
40.00 10.00 86.74 0.0 1.0
45.00 10.00 95.21 0.5 0.5
50.00 10.00 89.65 0.5 0.5
55.00 10.00 98.28 0.5 0.5
60.00 10.00 98.88 0.5 0.5
65.00 10.00 98.49 0.5 0.5
70.00 10.00 97.97 0.5 0.5
75.00 10.00 95.28 0.5 0.5
80.00 10.00 99.79 0.5 0.5
85.00 10.00 101.26 0.5 0.5
90.00 10.00 100.12 0.5 0.5
95.00 10.00 97.69 0.5 0.5
100.00 10.00 94.67 0.5 0.5
105.00 10.00 92.44 0.5 0.5
110.00 10.00 91.27 0.5 0.5
115.00 10.00 92.17 0.5 0.5
120.00 10.00 92.29 0.5 0.5
125.00 10.00 91.28 0.5 0.5
130.00 10.00 93.17 0.5 0.5
135.00 10.00 93.74 0.5 0.5
140.00 10.00 89.89 1.0 0.0
145.00 10.00 90.54 1.0 0.0
150.00 10.00 87.07 1.0 0.0
155.00 10.00 84.93 1.0 0.0
160.00 10.00 84.02 1.0 0.0
165.00 10.00 78.74 1.0 0.0
170.00 10.00 81.50 1.0 0.0
175.00 10.00 76.44 1.0 0.0
180.00 10.00 70.09 1.0 0.0
0.00 20.00 77.18 0.0 1.0
5.00 20.00 72.61 0.0 1.0
10.00 20.00 86.36 0.0 1.0
15.00 20.00 70.47 0.0 1.0
20.00 20.00 75.91 0.0 1.0
25.00 20.00 88.94 0.0 1.0
30.00 20.00 83.05 0.0 1.0
35.00 20.00 88.94 0.0 1.0
40.00 20.00 93.30 0.0 1.0
45.00 20.00 90.22 0.5 0.5
50.00 20.00 94.97 0.5 0.5
55.00 20.00 93.51 0.5 0.5
60.00 20.00 99.41 0.5 0.5
65.00 20.00 99.68 0.5 0.5
70.00 20.00 100.60 0.5 0.5
75.00 20.00 99.21 0.5 0.5
80.00 20.00 98.99 0.5 0.5
85.00 20.00 99.71 0.5 0.5
90.00 20.00 98.26 0.5 0.5
95.00 20.00 94.53 0.5 0.5
100.00 20.00 89.70 0.5 0.5
105.00 20.00 88.31 0.5 0.5
110.00 20.00 88.41 0.5 0.5
115.00 20.00 88.02 0.5 0.5
120.00 20.00 89.21 0.5 0.5
125.00 20.00 92.33 0.5 0.5
130.00 20.00 91.89 0.5 0.5
135.00 20.00 88.87 0.5 0.5
140.00 20.00 90.40 1.0 0.0
145.00 20.00 87.56 1.0 0.0
150.00 20.00 87.01 1.0 0.0
155.00 20.00 84.85 1.0 0.0
160.00 20.00 83.58 1.0 0.0
165.00 20.00 79.00 1.0 0.0
170.00 20.00 81.13 1.0 0.0
175.00 20.00 78.45 1.0 0.0
180.00 20.00 70.09 1.0 0.0
0.00 30.00 77.18 0.0 1.0
5.00 30.00 74.69 0.0 1.0
10.00 30.00 85.18 0.0 1.0
15.00 30.00 79.89 0.0 1.0
20.00 30.00 82.21 0.0 1.0
25.00 30.00 85.22 0.0 1.0
30.00 30.00 89.64 0.0 1.0
35.00 30.00 90.92 0.0 1.0
40.00 30.00 89.26 0.0 1.0
45.00 30.00 94.30 0.5 0.5
50.00 30.00 90.41 0.5 0.5
55.00 30.00 94.23 0.5 0.5
60.00 30.00 92.09 0.5 0.5
65.00 30.00 95.81 0.5 0.5
70.00 30.00 95.47 0.5 0.5
75.00 30.00 94.93 0.5 0.5
80.00 30.00 93.48 0.5 0.5
85.00 30.00 90.98 0.5 0.5
90.00 30.00 87.72 0.5 0.5
95.00 30.00 86.99 0.5 0.5
100.00 30.00 90.91 0.5 0.5
105.00 30.00 93.43 0.5 0.5
110.00 30.00 94.05 0.5 0.5
115.00 30.00 93.99 0.5 0.5
120.00 30.00 92.50 0.5 0.5
125.00 30.00 90.93 0.5 0.5
130.00 30.00 94.05 0.5 0.5
135.00 30.00 93.47 0.5 0.5
140.00 30.00 91.90 1.0 0.0
145.00 30.00 91.53 1.0 0.0
150.00 30.00 85.70 1.0 0.0
155.00 30.00 85.61 1.0 0.0
160.00 30.00 82.95 1.0 0.0
165.00 30.00 79.36 1.0 0.0
170.00 30.00 79.60 1.0 0.0
175.00 30.00 79.46 1.0 0.0
180.00 30.00 70.09 1.0 0.0
0.00 40.00 77.18 0.0 1.0
5.00 40.00 75.47 0.0 1.0
10.00 40.00 83.24 0.0 1.0
15.00 40.00 84.58 0.0 1.0
20.00 40.00 81.16 0.0 1.0
25.00 40.00 80.66 0.0 1.0
30.00 40.00 91.36 0.0 1.0
35.00 40.00 86.86 0.0 1.0
40.00 40.00 94.00 0.0 1.0
45.00 40.00 89.98 0.5 0.5
50.00 40.00 94.57 0.5 0.5
55.00 40.00 92.06 0.5 0.5
60.00 40.00 93.04 0.5 0.5
65.00 40.00 92.78 0.5 0.5
70.00 40.00 89.50 0.5 0.5
75.00 40.00 90.93 0.5 0.5
80.00 40.00 91.27 0.5 0.5
85.00 40.00 89.45 0.5 0.5
90.00 40.00 85.33 0.5 0.5
95.00 40.00 83.21 0.5 0.5
100.00 40.00 87.43 0.5 0.5
105.00 40.00 89.42 0.5 0.5
110.00 40.00 90.44 0.5 0.5
115.00 40.00 93.65 0.5 0.5
120.00 40.00 95.31 0.5 0.5
125.00 40.00 94.15 0.5 0.5
130.00 40.00 91.54 0.5 0.5
135.00 40.00 91.96 0.5 0.5
140.00 40.00 87.13 1.0 0.0
145.00 40.00 90.32 1.0 0.0
150.00 40.00 86.89 1.0 0.0
155.00 40.00 85.42 1.0 0.0
160.00 40.00 83.61 1.0 0.0
165.00 40.00 80.20 1.0 0.0
170.00 40.00 77.29 1.0 0.0
175.00 40.00 79.74 1.0 0.0
180.00 40.00 70.09 1.0 0.0
0.00 50.00 77.18 0.0 1.0
5.00 50.00 75.43 0.0 1.0
10.00 50.00 80.55 0.0 1.0
15.00 50.00 86.47 0.0 1.0
20.00 50.00 78.41 0.0 1.0
25.00 50.00 86.82 0.0 1.0
30.00 50.00 86.38 0.0 1.0
35.00 50.00 89.17 0.0 1.0
40.00 50.00 90.91 0.0 1.0
45.00 50.00 93.33 0.5 0.5
50.00 50.00 93.43 0.5 0.5
55.00 50.00 92.86 0.5 0.5
60.00 50.00 95.87 0.5 0.5
65.00 50.00 90.05 0.5 0.5
70.00 50.00 94.89 0.5 0.5
75.00 50.00 94.96 0.5 0.5
80.00 50.00 88.51 0.5 0.5
85.00 50.00 88.30 0.5 0.5
90.00 50.00 92.48 0.5 0.5
95.00 50.00 92.54 0.5 0.5
100.00 50.00 90.09 0.5 0.5
105.00 50.00 87.10 0.5 0.5
110.00 50.00 86.32 0.5 0.5
115.00 50.00 89.01 0.5 0.5
120.00 50.00 91.90 0.5 0.5
125.00 50.00 91.09 0.5 0.5
130.00 50.00 92.01 0.5 0.5
135.00 50.00 93.40 0.5 0.5
140.00 50.00 89.87 1.0 0.0
145.00 50.00 88.56 1.0 0.0
150.00 50.00 85.39 1.0 0.0
155.00 50.00 84.89 1.0 0.0
160.00 50.00 82.96 1.0 0.0
165.00 50.00 81.64 1.0 0.0
170.00 50.00 74.65 1.0 0.0
175.00 50.00 79.42 1.0 0.0
180.00 50.00 70.09 1.0 0.0
0.00 60.00 77.18 0.0 1.0
5.00 60.00 75.35 0.0 1.0
10.00 60.00 76.69 0.0 1.0
15.00 60.00 86.44 0.0 1.0
20.00 60.00 80.20 0.0 1.0
25.00 60.00 88.97 0.0 1.0
30.00 60.00 85.39 0.0 1.0
35.00 60.00 88.78 0.0 1.0
40.00 60.00 88.89 0.0 1.0
45.00 60.00 90.55 0.5 0.5
50.00 60.00 88.92 0.5 0.5
55.00 60.00 92.51 0.5 0.5
60.00 60.00 90.64 0.5 0.5
65.00 60.00 92.84 0.5 0.5
70.00 60.00 91.40 0.5 0.5
75.00 60.00 91.13 0.5 0.5
80.00 60.00 94.13 0.5 0.5
85.00 60.00 93.16 0.5 0.5
90.00 60.00 88.35 0.5 0.5
95.00 60.00 84.77 0.5 0.5
100.00 60.00 88.65 0.5 0.5
105.00 60.00 91.04 0.5 0.5
110.00 60.00 92.37 0.5 0.5
115.00 60.00 93.60 0.5 0.5
120.00 60.00 93.23 0.5 0.5
125.00 60.00 89.78 0.5 0.5
130.00 60.00 89.51 0.5 0.5
135.00 60.00 89.08 0.5 0.5
140.00 60.00 89.05 1.0 0.0
145.00 60.00 87.80 1.0 0.0
150.00 60.00 84.85 1.0 0.0
155.00 60.00 84.43 1.0 0.0
160.00 60.00 80.86 1.0 0.0
165.00 60.00 82.87 1.0 0.0
170.00 60.00 72.74 1.0 0.0
175.00 60.00 78.47 1.0 0.0
180.00 60.00 70.09 1.0 0.0
0.00 70.00 77.18 0.0 1.0
5.00 70.00 76.19 0.0 1.0
10.00 70.00 71.55 0.0 1.0
15.00 70.00 84.52 0.0 1.0
20.00 70.00 79.37 0.0 1.0
25.00 70.00 88.07 0.0 1.0
30.00 70.00 84.12 0.0 1.0
35.00 70.00 88.96 0.0 1.0
40.00 70.00 89.27 0.0 1.0
45.00 70.00 89.67 0.5 0.5
50.00 70.00 90.88 0.5 0.5
55.00 70.00 92.13 0.5 0.5
60.00 70.00 89.23 0.5 0.5
65.00 70.00 93.68 0.5 0.5
70.00 70.00 88.57 0.5 0.5
75.00 70.00 91.20 0.5 0.5
80.00 70.00 92.28 0.5 0.5
85.00 70.00 90.57 0.5 0.5
90.00 70.00 91.37 0.5 0.5
95.00 70.00 93.11 0.5 0.5
100.00 70.00 93.81 0.5 0.5
105.00 70.00 93.82 0.5 0.5
110.00 70.00 93.02 0.5 0.5
115.00 70.00 91.30 0.5 0.5
120.00 70.00 90.98 0.5 0.5
125.00 70.00 90.52 0.5 0.5
130.00 70.00 89.39 0.5 0.5
135.00 70.00 87.03 0.5 0.5
140.00 70.00 87.07 1.0 0.0
145.00 70.00 84.92 1.0 0.0
150.00 70.00 84.05 1.0 0.0
155.00 70.00 84.92 1.0 0.0
160.00 70.00 78.11 1.0 0.0
165.00 70.00 83.43 1.0 0.0
170.00 70.00 72.64 1.0 0.0
175.00 70.00 76.67 1.0 0.0
180.00 70.00 70.09 1.0 0.0
0.00 80.00 77.18 0.0 1.0
5.00 80.00 77.95 0.0 1.0
10.00 80.00 71.01 0.0 1.0
15.00 80.00 81.26 0.0 1.0
20.00 80.00 77.41 0.0 1.0
25.00 80.00 84.60 0.0 1.0
30.00 80.00 78.67 0.0 1.0
35.00 80.00 83.90 0.0 1.0
40.00 80.00 86.12 0.0 1.0
45.00 80.00 81.94 0.5 0.5
50.00 80.00 88.16 0.5 0.5
55.00 80.00 86.04 0.5 0.5
60.00 80.00 89.43 0.5 0.5
65.00 80.00 89.19 0.5 0.5
70.00 80.00 85.26 0.5 0.5
75.00 80.00 90.74 0.5 0.5
80.00 80.00 90.14 0.5 0.5
85.00 80.00 87.91 0.5 0.5
90.00 80.00 88.60 0.5 0.5
95.00 80.00 89.46 0.5 0.5
100.00 80.00 89.58 0.5 0.5
105.00 80.00 89.46 0.5 0.5
110.00 80.00 89.25 0.5 0.5
115.00 80.00 87.70 0.5 0.5
120.00 80.00 87.53 0.5 0.5
125.00 80.00 86.47 0.5 0.5
130.00 80.00 86.90 0.5 0.5
135.00 80.00 85.14 0.5 0.5
140.00 80.00 86.81 1.0 0.0
145.00 80.00 79.40 1.0 0.0
150.00 80.00 85.72 1.0 0.0
155.00 80.00 84.64 1.0 0.0
160.00 80.00 79.27 1.0 0.0
165.00 80.00 82.29 1.0 0.0
170.00 80.00 73.72 1.0 0.0
175.00 80.00 73.55 1.0 0.0
180.00 80.00 70.09 1.0 0.0
0.00 90.00 77.18 0.0 1.0
5.00 90.00 79.75 0.0 1.0
10.00 90.00 74.50 0.0 1.0
15.00 90.00 81.27 0.0 1.0
20.00 90.00 78.94 0.0 1.0
25.00 90.00 84.61 0.0 1.0
30.00 90.00 77.96 0.0 1.0
35.00 90.00 84.71 0.0 1.0
40.00 90.00 83.74 0.0 1.0
45.00 90.00 85.41 0.5 0.5
50.00 90.00 80.93 0.5 0.5
55.00 90.00 84.89 0.5 0.5
60.00 90.00 83.06 0.5 0.5
65.00 90.00 84.96 0.5 0.5
70.00 90.00 83.62 0.5 0.5
75.00 90.00 84.95 0.5 0.5
80.00 90.00 84.68 0.5 0.5
85.00 90.00 84.14 0.5 0.5
90.00 90.00 84.83 0.5 0.5
95.00 90.00 85.13 0.5 0.5
100.00 90.00 85.11 0.5 0.5
105.00 90.00 84.48 0.5 0.5
110.00 90.00 83.60 0.5 0.5
115.00 90.00 80.46 0.5 0.5
120.00 90.00 78.89 0.5 0.5
125.00 90.00 83.56 0.5 0.5
130.00 90.00 87.07 0.5 0.5
135.00 90.00 86.67 0.5 0.5
140.00 90.00 82.71 1.0 0.0
145.00 90.00 79.17 1.0 0.0
150.00 90.00 86.30 1.0 0.0
155.00 90.00 80.10 1.0 0.0
160.00 90.00 80.33 1.0 0.0
165.00 90.00 77.95 1.0 0.0
170.00 90.00 73.85 1.0 0.0
175.00 90.00 69.05 1.0 0.0
180.00 90.00 70.09 1.0 0.0
0.00 100.00 77.18 0.0 1.0
5.00 100.00 81.05 0.0 1.0
10.00 100.00 77.24 0.0 1.0
15.00 100.00 82.57 0.0 1.0
20.00 100.00 81.34 0.0 1.0
25.00 100.00 80.87 0.0 1.0
30.00 100.00 80.17 0.0 1.0
35.00 100.00 77.87 0.0 1.0
40.00 100.00 78.63 0.0 1.0
45.00 100.00 82.72 0.5 0.5
50.00 100.00 81.37 0.5 0.5
55.00 100.00 78.22 0.5 0.5
60.00 100.00 79.40 0.5 0.5
65.00 100.00 78.92 0.5 0.5
70.00 100.00 80.09 0.5 0.5
75.00 100.00 81.64 0.5 0.5
80.00 100.00 78.91 0.5 0.5
85.00 100.00 74.60 0.5 0.5
90.00 100.00 81.47 0.5 0.5
95.00 100.00 84.38 0.5 0.5
100.00 100.00 84.98 0.5 0.5
105.00 100.00 84.28 0.5 0.5
110.00 100.00 83.25 0.5 0.5
115.00 100.00 83.41 0.5 0.5
120.00 100.00 83.17 0.5 0.5
125.00 100.00 85.58 0.5 0.5
130.00 100.00 85.52 0.5 0.5
135.00 100.00 84.50 0.5 0.5
140.00 100.00 77.73 1.0 0.0
145.00 100.00 82.48 1.0 0.0
150.00 100.00 85.22 1.0 0.0
155.00 100.00 78.63 1.0 0.0
160.00 100.00 75.16 1.0 0.0
165.00 100.00 77.75 1.0 0.0
170.00 100.00 71.02 1.0 0.0
175.00 100.00 70.49 1.0 0.0
180.00 100.00 70.09 1.0 0.0
0.00 110.00 77.18 0.0 1.0
5.00 110.00 81.73 0.0 1.0
10.00 110.00 78.84 0.0 1.0
15.00 110.00 81.90 0.0 1.0
20.00 110.00 79.65 0.0 1.0
25.00 110.00 70.75 0.0 1.0
30.00 110.00 75.07 0.0 1.0
35.00 110.00 79.07 0.0 1.0
40.00 110.00 75.25 0.0 1.0
45.00 110.00 67.17 0.5 0.5
50.00 110.00 79.80 0.5 0.5
55.00 110.00 80.22 0.5 0.5
60.00 110.00 79.40 0.5 0.5
65.00 110.00 81.71 0.5 0.5
70.00 110.00 83.12 0.5 0.5
75.00 110.00 75.42 0.5 0.5
80.00 110.00 78.16 0.5 0.5
85.00 110.00 81.45 0.5 0.5
90.00 110.00 78.49 0.5 0.5
95.00 110.00 74.72 0.5 0.5
100.00 110.00 80.62 0.5 0.5
105.00 110.00 83.77 0.5 0.5
110.00 110.00 84.90 0.5 0.5
115.00 110.00 85.38 0.5 0.5
120.00 110.00 83.87 0.5 0.5
125.00 110.00 83.42 0.5 0.5
130.00 110.00 82.03 0.5 0.5
135.00 110.00 83.58 0.5 0.5
140.00 110.00 86.80 1.0 0.0
145.00 110.00 87.93 1.0 0.0
150.00 110.00 85.75 1.0 0.0
155.00 110.00 83.21 1.0 0.0
160.00 110.00 83.64 1.0 0.0
165.00 110.00 81.13 1.0 0.0
170.00 110.00 74.77 1.0 0.0
175.00 110.00 75.23 1.0 0.0
180.00 110.00 70.09 1.0 0.0
0.00 120.00 77.18 0.0 1.0
5.00 120.00 81.88 0.0 1.0
10.00 120.00 78.44 0.0 1.0
15.00 120.00 80.73 0.0 1.0
20.00 120.00 73.85 0.0 1.0
25.00 120.00 71.35 0.0 1.0
30.00 120.00 75.02 0.0 1.0
35.00 120.00 76.72 0.0 1.0
40.00 120.00 72.02 0.0 1.0
45.00 120.00 77.84 0.5 0.5
50.00 120.00 81.30 0.5 0.5
55.00 120.00 83.36 0.5 0.5
60.00 120.00 76.19 0.5 0.5
65.00 120.00 78.44 0.5 0.5
70.00 120.00 81.74 0.5 0.5
75.00 120.00 83.28 0.5 0.5
80.00 120.00 85.25 0.5 0.5
85.00 120.00 84.84 0.5 0.5
90.00 120.00 82.07 0.5 0.5
95.00 120.00 79.30 0.5 0.5
100.00 120.00 79.40 0.5 0.5
105.00 120.00 81.58 0.5 0.5
110.00 120.00 83.69 0.5 0.5
115.00 120.00 84.34 0.5 0.5
120.00 120.00 84.82 0.5 0.5
125.00 120.00 84.66 0.5 0.5
130.00 120.00 83.30 0.5 0.5
135.00 120.00 82.46 0.5 0.5
140.00 120.00 79.91 1.0 0.0
145.00 120.00 80.23 1.0 0.0
150.00 120.00 82.70 1.0 0.0
155.00 120.00 84.10 1.0 0.0
160.00 120.00 84.15 1.0 0.0
165.00 120.00 82.82 1.0 0.0
170.00 120.00 80.64 1.0 0.0
175.00 120.00 78.06 1.0 0.0
180.00 120.00 70.09 1.0 0.0
0.00 130.00 77.18 0.0 1.0
5.00 130.00 81.76 0.0 1.0
10.00 130.00 76.40 0.0 1.0
15.00 130.00 76.38 0.0 1.0
20.00 130.00 77.61 0.0 1.0
25.00 130.00 77.87 0.0 1.0
30.00 130.00 73.97 0.0 1.0
35.00 130.00 75.32 0.0 1.0
40.00 130.00 78.82 0.0 1.0
45.00 130.00 82.94 0.5 0.5
50.00 130.00 84.91 0.5 0.5
55.00 130.00 75.90 0.5 0.5
60.00 130.00 87.13 0.5 0.5
65.00 130.00 89.41 0.5 0.5
70.00 130.00 83.87 0.5 0.5
75.00 130.00 79.44 0.5 0.5
80.00 130.00 86.59 0.5 0.5
85.00 130.00 87.54 0.5 0.5
90.00 130.00 86.67 0.5 0.5
95.00 130.00 87.07 0.5 0.5
100.00 130.00 88.17 0.5 0.5
105.00 130.00 88.57 0.5 0.5
110.00 130.00 88.90 0.5 0.5
115.00 130.00 88.93 0.5 0.5
120.00 130.00 89.11 0.5 0.5
125.00 130.00 89.54 0.5 0.5
130.00 130.00 90.02 0.5 0.5
135.00 130.00 90.15 0.5 0.5
140.00 130.00 89.57 1.0 0.0
145.00 130.00 87.33 1.0 0.0
150.00 130.00 80.57 1.0 0.0
155.00 130.00 69.75 1.0 0.0
160.00 130.00 81.41 1.0 0.0
165.00 130.00 83.31 1.0 0.0
170.00 130.00 82.29 1.0 0.0
175.00 130.00 79.51 1.0 0.0
180.00 130.00 70.09 1.0 0.0
0.00 140.00 77.18 0.0 1.0
5.00 140.00 81.61 0.0 1.0
10.00 140.00 77.57 0.0 1.0
15.00 140.00 73.32 0.0 1.0
20.00 140.00 75.87 0.0 1.0
25.00 140.00 79.75 0.0 1.0
30.00 140.00 82.55 0.0 1.0
35.00 140.00 79.92 0.0 1.0
40.00 140.00 81.93 0.0 1.0
45.00 140.00 84.18 0.5 0.5
50.00 140.00 80.24 0.5 0.5
55.00 140.00 86.06 0.5 0.5
60.00 140.00 86.75 0.5 0.5
65.00 140.00 79.59 0.5 0.5
70.00 140.00 85.09 0.5 0.5
75.00 140.00 90.88 0.5 0.5
80.00 140.00 90.89 0.5 0.5
85.00 140.00 86.57 0.5 0.5
90.00 140.00 77.56 0.5 0.5
95.00 140.00 85.45 0.5 0.5
100.00 140.00 88.84 0.5 0.5
105.00 140.00 89.58 0.5 0.5
110.00 140.00 88.80 0.5 0.5
115.00 140.00 86.64 0.5 0.5
120.00 140.00 83.28 0.5 0.5
125.00 140.00 79.31 0.5 0.5
130.00 140.00 75.15 0.5 0.5
135.00 140.00 80.88 0.5 0.5
140.00 140.00 86.85 1.0 0.0
145.00 140.00 89.37 1.0 0.0
150.00 140.00 88.95 1.0 0.0
155.00 140.00 85.54 1.0 0.0
160.00 140.00 76.14 1.0 0.0
165.00 140.00 74.88 1.0 0.0
170.00 140.00 81.22 1.0 0.0
175.00 140.00 80.34 1.0 0.0
180.00 140.00 70.09 1.0 0.0
0.00 150.00 77.18 0.0 1.0
5.00 150.00 81.53 0.0 1.0
10.00 150.00 79.59 0.0 1.0
15.00 150.00 78.24 0.0 1.0
20.00 150.00 79.30 0.0 1.0
25.00 150.00 80.10 0.0 1.0
30.00 150.00 79.45 0.0 1.0
35.00 150.00 82.51 0.0 1.0
40.00 150.00 83.60 0.0 1.0
45.00 150.00 75.81 0.5 0.5
50.00 150.00 75.91 0.5 0.5
55.00 150.00 84.71 0.5 0.5
60.00 150.00 88.47 0.5 0.5
65.00 150.00 86.34 0.5 0.5
70.00 150.00 81.14 0.5 0.5
75.00 150.00 86.97 0.5 0.5
80.00 150.00 88.92 0.5 0.5
85.00 150.00 86.91 0.5 0.5
90.00 150.00 83.59 0.5 0.5
95.00 150.00 87.62 0.5 0.5
100.00 150.00 90.58 0.5 0.5
105.00 150.00 91.48 0.5 0.5
110.00 150.00 90.89 0.5 0.5
115.00 150.00 89.24 0.5 0.5
120.00 150.00 84.97 0.5 0.5
125.00 150.00 80.54 0.5 0.5
130.00 150.00 81.81 0.5 0.5
135.00 150.00 84.22 0.5 0.5
140.00 150.00 83.59 1.0 0.0
145.00 150.00 72.46 1.0 0.0
150.00 150.00 81.07 1.0 0.0
155.00 150.00 83.24 1.0 0.0
160.00 150.00 80.78 1.0 0.0
165.00 150.00 78.08 1.0 0.0
170.00 150.00 81.72 1.0 0.0
175.00 150.00 81.16 1.0 0.0
180.00 150.00 70.09 1.0 0.0
0.00 160.00 77.18 0.0 1.0
5.00 160.00 81.44 0.0 1.0
10.00 160.00 79.45 0.0 1.0
15.00 160.00 80.56 0.0 1.0
20.00 160.00 81.79 0.0 1.0
25.00 160.00 82.11 0.0 1.0
30.00 160.00 84.20 0.0 1.0
35.00 160.00 84.95 0.0 1.0
40.00 160.00 81.64 0.0 1.0
45.00 160.00 80.59 0.5 0.5
50.00 160.00 86.47 0.5 0.5
55.00 160.00 89.66 0.5 0.5
60.00 160.00 90.37 0.5 0.5
65.00 160.00 87.07 0.5 0.5
70.00 160.00 88.74 0.5 0.5
75.00 160.00 92.04 0.5 0.5
80.00 160.00 92.69 0.5 0.5
85.00 160.00 90.97 0.5 0.5
90.00 160.00 88.13 0.5 0.5
95.00 160.00 88.22 0.5 0.5
100.00 160.00 89.84 0.5 0.5
105.00 160.00 90.81 0.5 0.5
110.00 160.00 90.40 0.5 0.5
115.00 160.00 89.49 0.5 0.5
120.00 160.00 86.44 0.5 0.5
125.00 160.00 82.97 0.5 0.5
130.00 160.00 85.62 0.5 0.5
135.00 160.00 89.86 0.5 0.5
140.00 160.00 90.27 1.0 0.0
145.00 160.00 83.75 1.0 0.0
150.00 160.00 83.89 1.0 0.0
155.00 160.00 88.17 1.0 0.0
160.00 160.00 84.30 1.0 0.0
165.00 160.00 71.59 1.0 0.0
170.00 160.00 83.30 1.0 0.0
175.00 160.00 82.18 1.0 0.0
180.00 160.00 70.09 1.0 0.0
0.00 170.00 77.18 0.0 1.0
5.00 170.00 81.19 0.0 1.0
10.00 170.00 77.73 0.0 1.0
15.00 170.00 80.61 0.0 1.0
20.00 170.00 79.48 0.0 1.0
25.00 170.00 82.23 0.0 1.0
30.00 170.00 81.03 0.0 1.0
35.00 170.00 86.16 0.0 1.0
40.00 170.00 89.18 0.0 1.0
45.00 170.00 89.36 0.5 0.5
50.00 170.00 89.56 0.5 0.5
55.00 170.00 90.17 0.5 0.5
60.00 170.00 89.83 0.5 0.5
65.00 170.00 90.28 0.5 0.5
70.00 170.00 92.30 0.5 0.5
75.00 170.00 93.33 0.5 0.5
80.00 170.00 93.01 0.5 0.5
85.00 170.00 92.15 0.5 0.5
90.00 170.00 91.43 0.5 0.5
95.00 170.00 91.20 0.5 0.5
100.00 170.00 91.16 0.5 0.5
105.00 170.00 91.61 0.5 0.5
110.00 170.00 91.94 0.5 0.5
115.00 170.00 91.76 0.5 0.5
120.00 170.00 90.43 0.5 0.5
125.00 170.00 89.49 0.5 0.5
130.00 170.00 89.84 0.5 0.5
135.00 170.00 91.10 0.5 0.5
140.00 170.00 85.48 1.0 0.0
145.00 170.00 80.70 1.0 0.0
150.00 170.00 83.98 1.0 0.0
155.00 170.00 79.03 1.0 0.0
160.00 170.00 88.45 1.0 0.0
165.00 170.00 81.80 1.0 0.0
170.00 170.00 82.86 1.0 0.0
175.00 170.00 83.19 1.0 0.0
180.00 170.00 70.09 1.0 0.0
0.00 180.00 77.18 0.0 1.0
5.00 180.00 80.72 0.0 1.0
10.00 180.00 76.65 0.0 1.0
15.00 180.00 80.23 0.0 1.0
20.00 180.00 82.76 0.0 1.0
25.00 180.00 83.33 0.0 1.0
30.00 180.00 86.46 0.0 1.0
35.00 180.00 87.47 0.0 1.0
40.00 180.00 88.24 0.0 1.0
45.00 180.00 90.68 0.5 0.5
50.00 180.00 89.55 0.5 0.5
55.00 180.00 88.70 0.5 0.5
60.00 180.00 89.97 0.5 0.5
65.00 180.00 92.30 0.5 0.5
70.00 180.00 93.53 0.5 0.5
75.00 180.00 93.42 0.5 0.5
80.00 180.00 92.07 0.5 0.5
85.00 180.00 91.29 0.5 0.5
90.00 180.00 91.13 0.5 0.5
95.00 180.00 91.31 0.5 0.5
100.00 180.00 91.69 0.5 0.5
105.00 180.00 91.89 0.5 0.5
110.00 180.00 92.33 0.5 0.5
115.00 180.00 92.58 0.5 0.5
120.00 180.00 91.94 0.5 0.5
125.00 180.00 91.48 0.5 0.5
130.00 180.00 91.42 0.5 0.5
135.00 180.00 89.15 0.5 0.5
140.00 180.00 89.39 1.0 0.0
145.00 180.00 90.40 1.0 0.0
150.00 180.00 84.37 1.0 0.0
155.00 180.00 85.25 1.0 0.0
160.00 180.00 80.47 1.0 0.0
165.00 180.00 84.88 1.0 0.0
170.00 180.00 80.24 1.0 0.0
175.00 180.00 83.93 1.0 0.0
180.00 180.00 70.09 1.0 0.0
0.00 190.00 77.18 0.0 1.0
5.00 190.00 80.13 0.0 1.0
10.00 190.00 76.65 0.0 1.0
15.00 190.00 80.15 0.0 1.0
20.00 190.00 83.56 0.0 1.0
25.00 190.00 86.04 0.0 1.0
30.00 190.00 85.83 0.0 1.0
35.00 190.00 88.74 0.0 1.0
40.00 190.00 89.20 0.0 1.0
45.00 190.00 89.72 0.5 0.5
50.00 190.00 92.72 0.5 0.5
55.00 190.00 94.07 0.5 0.5
60.00 190.00 92.85 0.5 0.5
65.00 190.00 92.11 0.5 0.5
70.00 190.00 92.83 0.5 0.5
75.00 190.00 92.66 0.5 0.5
80.00 190.00 90.53 0.5 0.5
85.00 190.00 89.12 0.5 0.5
90.00 190.00 88.26 0.5 0.5
95.00 190.00 88.87 0.5 0.5
100.00 190.00 90.98 0.5 0.5
105.00 190.00 91.33 0.5 0.5
110.00 190.00 91.51 0.5 0.5
115.00 190.00 92.12 0.5 0.5
120.00 190.00 92.26 0.5 0.5
125.00 190.00 92.58 0.5 0.5
130.00 190.00 91.26 0.5 0.5
135.00 190.00 92.96 0.5 0.5
140.00 190.00 91.99 1.0 0.0
145.00 190.00 83.07 1.0 0.0
150.00 190.00 86.94 1.0 0.0
155.00 190.00 87.54 1.0 0.0
160.00 190.00 87.26 1.0 0.0
165.00 190.00 80.13 1.0 0.0
170.00 190.00 75.91 1.0 0.0
175.00 190.00 84.25 1.0 0.0
180.00 190.00 70.09 1.0 0.0
0.00 200.00 77.18 0.0 1.0
5.00 200.00 79.68 0.0 1.0
10.00 200.00 76.96 0.0 1.0
15.00 200.00 81.32 0.0 1.0
20.00 200.00 83.85 0.0 1.0
25.00 200.00 83.25 0.0 1.0
30.00 200.00 87.01 0.0 1.0
35.00 200.00 91.03 0.0 1.0
40.00 200.00 91.58 0.0 1.0
45.00 200.00 94.64 0.5 0.5
50.00 200.00 93.35 0.5 0.5
55.00 200.00 95.33 0.5 0.5
60.00 200.00 96.04 0.5 0.5
65.00 200.00 93.74 0.5 0.5
70.00 200.00 89.21 0.5 0.5
75.00 200.00 89.09 0.5 0.5
80.00 200.00 89.48 0.5 0.5
85.00 200.00 89.13 0.5 0.5
90.00 200.00 86.29 0.5 0.5
95.00 200.00 81.75 0.5 0.5
100.00 200.00 86.78 0.5 0.5
105.00 200.00 88.87 0.5 0.5
110.00 200.00 90.61 0.5 0.5
115.00 200.00 91.41 0.5 0.5
120.00 200.00 92.45 0.5 0.5
125.00 200.00 91.92 0.5 0.5
130.00 200.00 93.85 0.5 0.5
135.00 200.00 93.19 0.5 0.5
140.00 200.00 89.46 1.0 0.0
145.00 200.00 91.63 1.0 0.0
150.00 200.00 88.13 1.0 0.0
155.00 200.00 79.69 1.0 0.0
160.00 200.00 89.92 1.0 0.0
165.00 200.00 76.44 1.0 0.0
170.00 200.00 75.47 1.0 0.0
175.00 200.00 84.18 1.0 0.0
180.00 200.00 70.09 1.0 0.0
0.00 210.00 77.18 0.0 1.0
5.00 210.00 79.59 0.0 1.0
10.00 210.00 78.24 0.0 1.0
15.00 210.00 82.93 0.0 1.0
20.00 210.00 83.31 0.0 1.0
25.00 210.00 85.79 0.0 1.0
30.00 210.00 89.19 0.0 1.0
35.00 210.00 88.88 0.0 1.0
40.00 210.00 88.34 0.0 1.0
45.00 210.00 89.91 0.5 0.5
50.00 210.00 91.30 0.5 0.5
55.00 210.00 91.95 0.5 0.5
60.00 210.00 89.68 0.5 0.5
65.00 210.00 90.89 0.5 0.5
70.00 210.00 88.27 0.5 0.5
75.00 210.00 83.77 0.5 0.5
80.00 210.00 86.51 0.5 0.5
85.00 210.00 89.58 0.5 0.5
90.00 210.00 89.18 0.5 0.5
95.00 210.00 88.21 0.5 0.5
100.00 210.00 89.60 0.5 0.5
105.00 210.00 90.09 0.5 0.5
110.00 210.00 91.85 0.5 0.5
115.00 210.00 92.33 0.5 0.5
120.00 210.00 92.03 0.5 0.5
125.00 210.00 95.34 0.5 0.5
130.00 210.00 92.54 0.5 0.5
135.00 210.00 93.29 0.5 0.5
140.00 210.00 92.42 1.0 0.0
145.00 210.00 86.75 1.0 0.0
150.00 210.00 89.21 1.0 0.0
155.00 210.00 89.64 1.0 0.0
160.00 210.00 86.23 1.0 0.0
165.00 210.00 82.04 1.0 0.0
170.00 210.00 80.55 1.0 0.0
175.00 210.00 83.77 1.0 0.0
180.00 210.00 70.09 1.0 0.0
0.00 220.00 77.18 0.0 1.0
5.00 220.00 79.90 0.0 1.0
10.00 220.00 80.20 0.0 1.0
15.00 220.00 82.98 0.0 1.0
20.00 220.00 82.95 0.0 1.0
25.00 220.00 86.11 0.0 1.0
30.00 220.00 85.32 0.0 1.0
35.00 220.00 89.23 0.0 1.0
40.00 220.00 92.41 0.0 1.0
45.00 220.00 92.58 0.5 0.5
50.00 220.00 94.49 0.5 0.5
55.00 220.00 93.04 0.5 0.5
60.00 220.00 89.16 0.5 0.5
65.00 220.00 91.91 0.5 0.5
70.00 220.00 93.27 0.5 0.5
75.00 220.00 93.39 0.5 0.5
80.00 220.00 92.32 0.5 0.5
85.00 220.00 90.32 0.5 0.5
90.00 220.00 85.54 0.5 0.5
95.00 220.00 82.87 0.5 0.5
100.00 220.00 89.72 0.5 0.5
105.00 220.00 91.86 0.5 0.5
110.00 220.00 90.35 0.5 0.5
115.00 220.00 92.13 0.5 0.5
120.00 220.00 94.48 0.5 0.5
125.00 220.00 91.29 0.5 0.5
130.00 220.00 92.79 0.5 0.5
135.00 220.00 92.85 0.5 0.5
140.00 220.00 88.10 1.0 0.0
145.00 220.00 92.95 1.0 0.0
150.00 220.00 85.32 1.0 0.0
155.00 220.00 90.96 1.0 0.0
160.00 220.00 79.60 1.0 0.0
165.00 220.00 82.00 1.0 0.0
170.00 220.00 83.82 1.0 0.0
175.00 220.00 83.08 1.0 0.0
180.00 220.00 70.09 1.0 0.0
0.00 230.00 77.18 0.0 1.0
5.00 230.00 80.45 0.0 1.0
10.00 230.00 82.00 0.0 1.0
15.00 230.00 80.99 0.0 1.0
20.00 230.00 82.97 0.0 1.0
25.00 230.00 85.02 0.0 1.0
30.00 230.00 86.57 0.0 1.0
35.00 230.00 89.87 0.0 1.0
40.00 230.00 89.61 0.0 1.0
45.00 230.00 88.27 0.5 0.5
50.00 230.00 91.94 0.5 0.5
55.00 230.00 91.36 0.5 0.5
60.00 230.00 92.90 0.5 0.5
65.00 230.00 94.92 0.5 0.5
70.00 230.00 94.00 0.5 0.5
75.00 230.00 91.51 0.5 0.5
80.00 230.00 86.50 0.5 0.5
85.00 230.00 83.93 0.5 0.5
90.00 230.00 90.29 0.5 0.5
95.00 230.00 93.96 0.5 0.5
100.00 230.00 94.23 0.5 0.5
105.00 230.00 90.38 0.5 0.5
110.00 230.00 91.16 0.5 0.5
115.00 230.00 94.68 0.5 0.5
120.00 230.00 91.08 0.5 0.5
125.00 230.00 94.26 0.5 0.5
130.00 230.00 93.26 0.5 0.5
135.00 230.00 92.77 0.5 0.5
140.00 230.00 92.22 1.0 0.0
145.00 230.00 90.36 1.0 0.0
150.00 230.00 88.98 1.0 0.0
155.00 230.00 86.48 1.0 0.0
160.00 230.00 84.06 1.0 0.0
165.00 230.00 81.37 1.0 0.0
170.00 230.00 85.26 1.0 0.0
175.00 230.00 82.10 1.0 0.0
180.00 230.00 70.09 1.0 0.0
0.00 240.00 77.18 0.0 1.0
5.00 240.00 81.01 0.0 1.0
10.00 240.00 83.41 0.0 1.0
15.00 240.00 76.54 0.0 1.0
20.00 240.00 83.52 0.0 1.0
25.00 240.00 85.11 0.0 1.0
30.00 240.00 85.10 0.0 1.0
35.00 240.00 87.48 0.0 1.0
40.00 240.00 87.97 0.0 1.0
45.00 240.00 89.55 0.5 0.5
50.00 240.00 92.56 0.5 0.5
55.00 240.00 93.08 0.5 0.5
60.00 240.00 91.44 0.5 0.5
65.00 240.00 91.58 0.5 0.5
70.00 240.00 93.09 0.5 0.5
75.00 240.00 94.06 0.5 0.5
80.00 240.00 94.57 0.5 0.5
85.00 240.00 94.61 0.5 0.5
90.00 240.00 93.42 0.5 0.5
95.00 240.00 91.20 0.5 0.5
100.00 240.00 91.33 0.5 0.5
105.00 240.00 92.12 0.5 0.5
110.00 240.00 90.37 0.5 0.5
115.00 240.00 92.94 0.5 0.5
120.00 240.00 92.16 0.5 0.5
125.00 240.00 90.31 0.5 0.5
130.00 240.00 92.29 0.5 0.5
135.00 240.00 88.57 0.5 0.5
140.00 240.00 90.44 1.0 0.0
145.00 240.00 82.52 1.0 0.0
150.00 240.00 88.44 1.0 0.0
155.00 240.00 81.49 1.0 0.0
160.00 240.00 87.64 1.0 0.0
165.00 240.00 82.87 1.0 0.0
170.00 240.00 85.19 1.0 0.0
175.00 240.00 80.77 1.0 0.0
180.00 240.00 70.09 1.0 0.0
0.00 250.00 77.18 0.0 1.0
5.00 250.00 81.39 0.0 1.0
10.00 250.00 84.25 0.0 1.0
15.00 250.00 74.87 0.0 1.0
20.00 250.00 85.00 0.0 1.0
25.00 250.00 84.35 0.0 1.0
30.00 250.00 82.52 0.0 1.0
35.00 250.00 86.52 0.0 1.0
40.00 250.00 87.17 0.0 1.0
45.00 250.00 87.55 0.5 0.5
50.00 250.00 89.50 0.5 0.5
55.00 250.00 88.71 0.5 0.5
60.00 250.00 90.41 0.5 0.5
65.00 250.00 89.72 0.5 0.5
70.00 250.00 88.58 0.5 0.5
75.00 250.00 88.71 0.5 0.5
80.00 250.00 89.87 0.5 0.5
85.00 250.00 90.93 0.5 0.5
90.00 250.00 91.31 0.5 0.5
95.00 250.00 90.06 0.5 0.5
100.00 250.00 88.95 0.5 0.5
105.00 250.00 92.79 0.5 0.5
110.00 250.00 93.25 0.5 0.5
115.00 250.00 87.88 0.5 0.5
120.00 250.00 92.78 0.5 0.5
125.00 250.00 90.31 0.5 0.5
130.00 250.00 89.80 0.5 0.5
135.00 250.00 89.95 0.5 0.5
140.00 250.00 89.39 1.0 0.0
145.00 250.00 85.99 1.0 0.0
150.00 250.00 89.32 1.0 0.0
155.00 250.00 83.97 1.0 0.0
160.00 250.00 88.48 1.0 0.0
165.00 250.00 83.19 1.0 0.0
170.00 250.00 83.55 1.0 0.0
175.00 250.00 78.90 1.0 0.0
180.00 250.00 70.09 1.0 0.0
0.00 260.00 77.18 0.0 1.0
5.00 260.00 81.44 0.0 1.0
10.00 260.00 84.07 0.0 1.0
15.00 260.00 80.32 0.0 1.0
20.00 260.00 86.28 0.0 1.0
25.00 260.00 84.53 0.0 1.0
30.00 260.00 81.09 0.0 1.0
35.00 260.00 85.49 0.0 1.0
40.00 260.00 85.49 0.0 1.0
45.00 260.00 83.24 0.5 0.5
50.00 260.00 86.25 0.5 0.5
55.00 260.00 86.18 0.5 0.5
60.00 260.00 88.25 0.5 0.5
65.00 260.00 87.87 0.5 0.5
70.00 260.00 88.05 0.5 0.5
75.00 260.00 88.42 0.5 0.5
80.00 260.00 89.15 0.5 0.5
85.00 260.00 89.76 0.5 0.5
90.00 260.00 90.35 0.5 0.5
95.00 260.00 89.96 0.5 0.5
100.00 260.00 87.44 0.5 0.5
105.00 260.00 87.57 0.5 0.5
110.00 260.00 89.97 0.5 0.5
115.00 260.00 88.27 0.5 0.5
120.00 260.00 86.69 0.5 0.5
125.00 260.00 86.67 0.5 0.5
130.00 260.00 85.23 0.5 0.5
135.00 260.00 84.94 0.5 0.5
140.00 260.00 86.52 1.0 0.0
145.00 260.00 80.85 1.0 0.0
150.00 260.00 87.46 1.0 0.0
155.00 260.00 80.90 1.0 0.0
160.00 260.00 85.56 1.0 0.0
165.00 260.00 81.02 1.0 0.0
170.00 260.00 79.91 1.0 0.0
175.00 260.00 76.10 1.0 0.0
180.00 260.00 70.09 1.0 0.0
0.00 270.00 77.18 0.0 1.0
5.00 270.00 80.98 0.0 1.0
10.00 270.00 82.26 0.0 1.0
15.00 270.00 82.59 0.0 1.0
20.00 270.00 84.13 0.0 1.0
25.00 270.00 87.34 0.0 1.0
30.00 270.00 76.42 0.0 1.0
35.00 270.00 85.85 0.0 1.0
40.00 270.00 87.14 0.0 1.0
45.00 270.00 79.56 0.5 0.5
50.00 270.00 82.10 0.5 0.5
55.00 270.00 84.33 0.5 0.5
60.00 270.00 85.72 0.5 0.5
65.00 270.00 85.30 0.5 0.5
70.00 270.00 84.58 0.5 0.5
75.00 270.00 83.52 0.5 0.5
80.00 270.00 83.93 0.5 0.5
85.00 270.00 83.93 0.5 0.5
90.00 270.00 84.36 0.5 0.5
95.00 270.00 84.65 0.5 0.5
100.00 270.00 84.23 0.5 0.5
105.00 270.00 84.43 0.5 0.5
110.00 270.00 83.56 0.5 0.5
115.00 270.00 83.15 0.5 0.5
120.00 270.00 84.10 0.5 0.5
125.00 270.00 79.27 0.5 0.5
130.00 270.00 86.25 0.5 0.5
135.00 270.00 82.07 0.5 0.5
140.00 270.00 84.75 1.0 0.0
145.00 270.00 80.42 1.0 0.0
150.00 270.00 84.08 1.0 0.0
155.00 270.00 75.32 1.0 0.0
160.00 270.00 81.57 1.0 0.0
165.00 270.00 75.89 1.0 0.0
170.00 270.00 74.55 1.0 0.0
175.00 270.00 71.59 1.0 0.0
180.00 270.00 70.09 1.0 0.0
0.00 280.00 77.18 0.0 1.0
5.00 280.00 79.69 0.0 1.0
10.00 280.00 78.00 0.0 1.0
15.00 280.00 79.67 0.0 1.0
20.00 280.00 76.03 0.0 1.0
25.00 280.00 84.19 0.0 1.0
30.00 280.00 81.31 0.0 1.0
35.00 280.00 76.55 0.0 1.0
40.00 280.00 84.74 0.0 1.0
45.00 280.00 84.42 0.5 0.5
50.00 280.00 81.81 0.5 0.5
55.00 280.00 80.03 0.5 0.5
60.00 280.00 75.21 0.5 0.5
65.00 280.00 75.68 0.5 0.5
70.00 280.00 74.16 0.5 0.5
75.00 280.00 73.11 0.5 0.5
80.00 280.00 74.88 0.5 0.5
85.00 280.00 79.10 0.5 0.5
90.00 280.00 81.53 0.5 0.5
95.00 280.00 81.23 0.5 0.5
100.00 280.00 79.06 0.5 0.5
105.00 280.00 79.01 0.5 0.5
110.00 280.00 79.91 0.5 0.5
115.00 280.00 79.42 0.5 0.5
120.00 280.00 81.32 0.5 0.5
125.00 280.00 81.09 0.5 0.5
130.00 280.00 82.83 0.5 0.5
135.00 280.00 75.92 0.5 0.5
140.00 280.00 79.14 1.0 0.0
145.00 280.00 82.25 1.0 0.0
150.00 280.00 82.51 1.0 0.0
155.00 280.00 80.61 1.0 0.0
160.00 280.00 82.14 1.0 0.0
165.00 280.00 77.69 1.0 0.0
170.00 280.00 73.42 1.0 0.0
175.00 280.00 65.99 1.0 0.0
180.00 280.00 70.09 1.0 0.0
0.00 290.00 77.18 0.0 1.0
5.00 290.00 77.08 0.0 1.0
10.00 290.00 69.92 0.0 1.0
15.00 290.00 75.89 0.0 1.0
20.00 290.00 80.67 0.0 1.0
25.00 290.00 86.14 0.0 1.0
30.00 290.00 87.23 0.0 1.0
35.00 290.00 84.29 0.0 1.0
40.00 290.00 85.20 0.0 1.0
45.00 290.00 87.61 0.5 0.5
50.00 290.00 87.72 0.5 0.5
55.00 290.00 87.44 0.5 0.5
60.00 290.00 85.85 0.5 0.5
65.00 290.00 85.13 0.5 0.5
70.00 290.00 83.49 0.5 0.5
75.00 290.00 82.76 0.5 0.5
80.00 290.00 81.18 0.5 0.5
85.00 290.00 78.37 0.5 0.5
90.00 290.00 69.51 0.5 0.5
95.00 290.00 75.79 0.5 0.5
100.00 290.00 82.21 0.5 0.5
105.00 290.00 82.53 0.5 0.5
110.00 290.00 79.05 0.5 0.5
115.00 290.00 76.54 0.5 0.5
120.00 290.00 78.11 0.5 0.5
125.00 290.00 70.46 0.5 0.5
130.00 290.00 75.44 0.5 0.5
135.00 290.00 76.24 0.5 0.5
140.00 290.00 77.63 1.0 0.0
145.00 290.00 77.28 1.0 0.0
150.00 290.00 72.14 1.0 0.0
155.00 290.00 78.12 1.0 0.0
160.00 290.00 77.31 1.0 0.0
165.00 290.00 80.45 1.0 0.0
170.00 290.00 74.70 1.0 0.0
175.00 290.00 70.14 1.0 0.0
180.00 290.00 70.09 1.0 0.0
0.00 300.00 77.18 0.0 1.0
5.00 300.00 72.34 0.0 1.0
10.00 300.00 73.58 0.0 1.0
15.00 300.00 82.75 0.0 1.0
20.00 300.00 86.81 0.0 1.0
25.00 300.00 87.80 0.0 1.0
30.00 300.00 86.93 0.0 1.0
35.00 300.00 84.81 0.0 1.0
40.00 300.00 81.63 0.0 1.0
45.00 300.00 80.45 0.5 0.5
50.00 300.00 78.58 0.5 0.5
55.00 300.00 77.91 0.5 0.5
60.00 300.00 75.92 0.5 0.5
65.00 300.00 77.13 0.5 0.5
70.00 300.00 75.23 0.5 0.5
75.00 300.00 77.54 0.5 0.5
80.00 300.00 80.29 0.5 0.5
85.00 300.00 82.41 0.5 0.5
90.00 300.00 83.95 0.5 0.5
95.00 300.00 84.32 0.5 0.5
100.00 300.00 83.03 0.5 0.5
105.00 300.00 80.23 0.5 0.5
110.00 300.00 68.36 0.5 0.5
115.00 300.00 80.00 0.5 0.5
120.00 300.00 83.21 0.5 0.5
125.00 300.00 79.57 0.5 0.5
130.00 300.00 78.12 0.5 0.5
135.00 300.00 72.97 0.5 0.5
140.00 300.00 73.13 1.0 0.0
145.00 300.00 76.47 1.0 0.0
150.00 300.00 73.44 1.0 0.0
155.00 300.00 65.62 1.0 0.0
160.00 300.00 75.38 1.0 0.0
165.00 300.00 75.92 1.0 0.0
170.00 300.00 77.46 1.0 0.0
175.00 300.00 74.26 1.0 0.0
180.00 300.00 70.09 1.0 0.0
0.00 310.00 77.18 0.0 1.0
5.00 310.00 69.15 0.0 1.0
10.00 310.00 81.78 0.0 1.0
15.00 310.00 85.75 0.0 1.0
20.00 310.00 85.84 0.0 1.0
25.00 310.00 83.50 0.0 1.0
30.00 310.00 82.36 0.0 1.0
35.00 310.00 84.15 0.0 1.0
40.00 310.00 85.82 0.0 1.0
45.00 310.00 86.79 0.5 0.5
50.00 310.00 87.37 0.5 0.5
55.00 310.00 86.98 0.5 0.5
60.00 310.00 86.57 0.5 0.5
65.00 310.00 86.28 0.5 0.5
70.00 310.00 86.67 0.5 0.5
75.00 310.00 87.60 0.5 0.5
80.00 310.00 88.61 0.5 0.5
85.00 310.00 88.88 0.5 0.5
90.00 310.00 87.42 0.5 0.5
95.00 310.00 81.98 0.5 0.5
100.00 310.00 77.42 0.5 0.5
105.00 310.00 86.71 0.5 0.5
110.00 310.00 87.81 0.5 0.5
115.00 310.00 82.98 0.5 0.5
120.00 310.00 80.98 0.5 0.5
125.00 310.00 80.89 0.5 0.5
130.00 310.00 79.05 0.5 0.5
135.00 310.00 84.69 0.5 0.5
140.00 310.00 78.63 1.0 0.0
145.00 310.00 74.82 1.0 0.0
150.00 310.00 81.07 1.0 0.0
155.00 310.00 78.15 1.0 0.0
160.00 310.00 75.39 1.0 0.0
165.00 310.00 67.04 1.0 0.0
170.00 310.00 80.07 1.0 0.0
175.00 310.00 76.06 1.0 0.0
180.00 310.00 70.09 1.0 0.0
0.00 320.00 77.18 0.0 1.0
5.00 320.00 73.59 0.0 1.0
10.00 320.00 85.26 0.0 1.0
15.00 320.00 87.81 0.0 1.0
20.00 320.00 84.97 0.0 1.0
25.00 320.00 74.08 0.0 1.0
30.00 320.00 84.79 0.0 1.0
35.00 320.00 88.07 0.0 1.0
40.00 320.00 88.42 0.0 1.0
45.00 320.00 88.00 0.5 0.5
50.00 320.00 85.78 0.5 0.5
55.00 320.00 82.50 0.5 0.5
60.00 320.00 77.36 0.5 0.5
65.00 320.00 78.52 0.5 0.5
70.00 320.00 83.66 0.5 0.5
75.00 320.00 86.99 0.5 0.5
80.00 320.00 89.22 0.5 0.5
85.00 320.00 90.61 0.5 0.5
90.00 320.00 90.66 0.5 0.5
95.00 320.00 89.05 0.5 0.5
100.00 320.00 86.94 0.5 0.5
105.00 320.00 87.38 0.5 0.5
110.00 320.00 86.90 0.5 0.5
115.00 320.00 80.80 0.5 0.5
120.00 320.00 86.06 0.5 0.5
125.00 320.00 88.99 0.5 0.5
130.00 320.00 85.06 0.5 0.5
135.00 320.00 79.02 0.5 0.5
140.00 320.00 86.34 1.0 0.0
145.00 320.00 81.76 1.0 0.0
150.00 320.00 70.83 1.0 0.0
155.00 320.00 77.86 1.0 0.0
160.00 320.00 73.15 1.0 0.0
165.00 320.00 77.35 1.0 0.0
170.00 320.00 80.53 1.0 0.0
175.00 320.00 76.10 1.0 0.0
180.00 320.00 70.09 1.0 0.0
0.00 330.00 77.18 0.0 1.0
5.00 330.00 76.11 0.0 1.0
10.00 330.00 85.23 0.0 1.0
15.00 330.00 84.80 0.0 1.0
20.00 330.00 80.20 0.0 1.0
25.00 330.00 87.30 0.0 1.0
30.00 330.00 91.08 0.0 1.0
35.00 330.00 91.72 0.0 1.0
40.00 330.00 88.98 0.0 1.0
45.00 330.00 82.21 0.5 0.5
50.00 330.00 79.03 0.5 0.5
55.00 330.00 91.15 0.5 0.5
60.00 330.00 95.01 0.5 0.5
65.00 330.00 96.73 0.5 0.5
70.00 330.00 96.39 0.5 0.5
75.00 330.00 94.28 0.5 0.5
80.00 330.00 90.88 0.5 0.5
85.00 330.00 89.15 0.5 0.5
90.00 330.00 89.10 0.5 0.5
95.00 330.00 87.16 0.5 0.5
100.00 330.00 87.88 0.5 0.5
105.00 330.00 92.16 0.5 0.5
110.00 330.00 93.62 0.5 0.5
115.00 330.00 90.68 0.5 0.5
120.00 330.00 80.15 0.5 0.5
125.00 330.00 87.88 0.5 0.5
130.00 330.00 90.68 0.5 0.5
135.00 330.00 85.59 0.5 0.5
140.00 330.00 78.28 1.0 0.0
145.00 330.00 82.60 1.0 0.0
150.00 330.00 82.47 1.0 0.0
155.00 330.00 81.27 1.0 0.0
160.00 330.00 78.91 1.0 0.0
165.00 330.00 79.43 1.0 0.0
170.00 330.00 77.92 1.0 0.0
175.00 330.00 74.30 1.0 0.0
180.00 330.00 70.09 1.0 0.0
0.00 340.00 77.18 0.0 1.0
5.00 340.00 76.25 0.0 1.0
10.00 340.00 82.48 0.0 1.0
15.00 340.00 78.11 0.0 1.0
20.00 340.00 78.78 0.0 1.0
25.00 340.00 84.70 0.0 1.0
30.00 340.00 84.21 0.0 1.0
35.00 340.00 85.37 0.0 1.0
40.00 340.00 86.11 0.0 1.0
45.00 340.00 81.71 0.5 0.5
50.00 340.00 92.52 0.5 0.5
55.00 340.00 98.46 0.5 0.5
60.00 340.00 99.77 0.5 0.5
65.00 340.00 98.57 0.5 0.5
70.00 340.00 95.09 0.5 0.5
75.00 340.00 95.46 0.5 0.5
80.00 340.00 98.48 0.5 0.5
85.00 340.00 99.89 0.5 0.5
90.00 340.00 99.65 0.5 0.5
95.00 340.00 97.45 0.5 0.5
100.00 340.00 92.65 0.5 0.5
105.00 340.00 88.60 0.5 0.5
110.00 340.00 92.41 0.5 0.5
115.00 340.00 92.78 0.5 0.5
120.00 340.00 89.05 0.5 0.5
125.00 340.00 85.33 0.5 0.5
130.00 340.00 90.63 0.5 0.5
135.00 340.00 89.51 0.5 0.5
140.00 340.00 86.36 1.0 0.0
145.00 340.00 81.61 1.0 0.0
150.00 340.00 80.95 1.0 0.0
155.00 340.00 83.15 1.0 0.0
160.00 340.00 79.46 1.0 0.0
165.00 340.00 74.23 1.0 0.0
170.00 340.00 69.96 1.0 0.0
175.00 340.00 70.26 1.0 0.0
180.00 340.00 70.09 1.0 0.0
0.00 350.00 77.18 0.0 1.0
5.00 350.00 74.30 0.0 1.0
10.00 350.00 82.27 0.0 1.0
15.00 350.00 82.74 0.0 1.0
20.00 350.00 79.70 0.0 1.0
25.00 350.00 88.74 0.0 1.0
30.00 350.00 89.02 0.0 1.0
35.00 350.00 82.18 0.0 1.0
40.00 350.00 92.28 0.0 1.0
45.00 350.00 88.85 0.5 0.5
50.00 350.00 92.31 0.5 0.5
55.00 350.00 98.52 0.5 0.5
60.00 350.00 97.11 0.5 0.5
65.00 350.00 87.16 0.5 0.5
70.00 350.00 92.75 0.5 0.5
75.00 350.00 97.03 0.5 0.5
80.00 350.00 97.28 0.5 0.5
85.00 350.00 96.29 0.5 0.5
90.00 350.00 95.11 0.5 0.5
95.00 350.00 94.02 0.5 0.5
100.00 350.00 92.80 0.5 0.5
105.00 350.00 91.22 0.5 0.5
110.00 350.00 90.82 0.5 0.5
115.00 350.00 92.42 0.5 0.5
120.00 350.00 92.48 0.5 0.5
125.00 350.00 88.71 0.5 0.5
130.00 350.00 87.96 0.5 0.5
135.00 350.00 87.68 0.5 0.5
140.00 350.00 87.78 1.0 0.0
145.00 350.00 88.83 1.0 0.0
150.00 350.00 85.15 1.0 0.0
155.00 350.00 82.45 1.0 0.0
160.00 350.00 82.33 1.0 0.0
165.00 350.00 78.66 1.0 0.0
170.00 350.00 74.51 1.0 0.0
175.00 350.00 67.99 1.0 0.0
180.00 350.00 70.09 1.0 0.0
0.00 360.00 77.18 0.0 1.0
5.00 360.00 70.67 0.0 1.0
10.00 360.00 85.15 0.0 1.0
15.00 360.00 82.31 0.0 1.0
20.00 360.00 85.28 0.0 1.0
25.00 360.00 85.14 0.0 1.0
30.00 360.00 83.27 0.0 1.0
35.00 360.00 85.35 0.0 1.0
40.00 360.00 92.76 0.0 1.0
45.00 360.00 93.94 0.5 0.5
50.00 360.00 89.59 0.5 0.5
55.00 360.00 98.13 0.5 0.5
60.00 360.00 95.11 0.5 0.5
65.00 360.00 92.57 0.5 0.5
70.00 360.00 95.66 0.5 0.5
75.00 360.00 93.04 0.5 0.5
80.00 360.00 94.61 0.5 0.5
85.00 360.00 97.07 0.5 0.5
90.00 360.00 97.23 0.5 0.5
95.00 360.00 96.45 0.5 0.5
100.00 360.00 95.22 0.5 0.5
105.00 360.00 94.02 0.5 0.5
110.00 360.00 92.57 0.5 0.5
115.00 360.00 92.98 0.5 0.5
120.00 360.00 93.92 0.5 0.5
125.00 360.00 92.23 0.5 0.5
130.00 360.00 89.38 0.5 0.5
135.00 360.00 88.47 0.5 0.5
140.00 360.00 88.55 1.0 0.0
145.00 360.00 85.18 1.0 0.0
150.00 360.00 82.12 1.0 0.0
155.00 360.00 84.51 1.0 0.0
160.00 360.00 79.45 1.0 0.0
165.00 360.00 80.04 1.0 0.0
170.00 360.00 79.92 1.0 0.0
175.00 360.00 72.86 1.0 0.0
180.00 360.00 70.09 1.0 0.0
0.00 370.00 77.18 0.0 1.0
5.00 370.00 69.63 0.0 1.0
10.00 370.00 86.52 0.0 1.0
15.00 370.00 77.83 0.0 1.0
20.00 370.00 80.42 0.0 1.0
25.00 370.00 84.56 0.0 1.0
30.00 370.00 88.45 0.0 1.0
35.00 370.00 90.19 0.0 1.0
40.00 370.00 86.74 0.0 1.0
45.00 370.00 95.21 0.5 0.5
50.00 370.00 89.65 0.5 0.5
55.00 370.00 98.28 0.5 0.5
60.00 370.00 98.88 0.5 0.5
65.00 370.00 98.49 0.5 0.5
70.00 370.00 97.97 0.5 0.5
75.00 370.00 95.28 0.5 0.5
80.00 370.00 99.79 0.5 0.5
85.00 370.00 101.26 0.5 0.5
90.00 370.00 100.12 0.5 0.5
95.00 370.00 97.69 0.5 0.5
100.00 370.00 94.67 0.5 0.5
105.00 370.00 92.44 0.5 0.5
110.00 370.00 91.27 0.5 0.5
115.00 370.00 92.17 0.5 0.5
120.00 370.00 92.29 0.5 0.5
125.00 370.00 91.28 0.5 0.5
130.00 370.00 93.17 0.5 0.5
135.00 370.00 93.74 0.5 0.5
140.00 370.00 89.89 1.0 0.0
145.00 370.00 90.54 1.0 0.0
150.00 370.00 87.07 1.0 0.0
155.00 370.00 84.93 1.0 0.0
160.00 370.00 84.02 1.0 0.0
165.00 370.00 78.74 1.0 0.0
170.00 370.00 81.50 1.0 0.0
175.00 370.00 76.44 1.0 0.0
180.00 370.00 70.09 1.0 0.0
0.00 380.00 77.18 0.0 1.0
5.00 380.00 72.61 0.0 1.0
10.00 380.00 86.36 0.0 1.0
15.00 380.00 70.47 0.0 1.0
20.00 380.00 75.91 0.0 1.0
25.00 380.00 88.94 0.0 1.0
30.00 380.00 83.05 0.0 1.0
35.00 380.00 88.94 0.0 1.0
40.00 380.00 93.30 0.0 1.0
45.00 380.00 90.22 0.5 0.5
50.00 380.00 94.97 0.5 0.5
55.00 380.00 93.51 0.5 0.5
60.00 380.00 99.41 0.5 0.5
65.00 380.00 99.68 0.5 0.5
70.00 380.00 100.60 0.5 0.5
75.00 380.00 99.21 0.5 0.5
80.00 380.00 98.99 0.5 0.5
85.00 380.00 99.71 0.5 0.5
90.00 380.00 98.26 0.5 0.5
95.00 380.00 94.53 0.5 0.5
100.00 380.00 89.70 0.5 0.5
105.00 380.00 88.31 0.5 0.5
110.00 380.00 88.41 0.5 0.5
115.00 380.00 88.02 0.5 0.5
120.00 380.00 89.21 0.5 0.5
125.00 380.00 92.33 0.5 0.5
130.00 380.00 91.89 0.5 0.5
135.00 380.00 88.87 0.5 0.5
140.00 380.00 90.40 1.0 0.0
145.00 380.00 87.56 1.0 0.0
150.00 380.00 87.01 1.0 0.0
155.00 380.00 84.85 1.0 0.0
160.00 380.00 83.58 1.0 0.0
165.00 380.00 79.00 1.0 0.0
170.00 380.00 81.13 1.0 0.0
175.00 380.00 78.45 1.0 0.0
180.00 380.00 70.09 1.0 0.0
0.00 390.00 77.18 0.0 1.0
5.00 390.00 74.69 0.0 1.0
10.00 390.00 85.18 0.0 1.0
15.00 390.00 79.89 0.0 1.0
20.00 390.00 82.21 0.0 1.0
25.00 390.00 85.22 0.0 1.0
30.00 390.00 89.64 0.0 1.0
35.00 390.00 90.92 0.0 1.0
40.00 390.00 89.26 0.0 1.0
45.00 390.00 94.30 0.5 0.5
50.00 390.00 90.41 0.5 0.5
55.00 390.00 94.23 0.5 0.5
60.00 390.00 92.09 0.5 0.5
65.00 390.00 95.81 0.5 0.5
70.00 390.00 95.47 0.5 0.5
75.00 390.00 94.93 0.5 0.5
80.00 390.00 93.48 0.5 0.5
85.00 390.00 90.98 0.5 0.5
90.00 390.00 87.72 0.5 0.5
95.00 390.00 86.99 0.5 0.5
100.00 390.00 90.91 0.5 0.5
105.00 390.00 93.43 0.5 0.5
110.00 390.00 94.05 0.5 0.5
115.00 390.00 93.99 0.5 0.5
120.00 390.00 92.50 0.5 0.5
125.00 390.00 90.93 0.5 0.5
130.00 390.00 94.05 0.5 0.5
135.00 390.00 93.47 0.5 0.5
140.00 390.00 91.90 1.0 0.0
145.00 390.00 91.53 1.0 0.0
150.00 390.00 85.70 1.0 0.0
155.00 390.00 85.61 1.0 0.0
160.00 390.00 82.95 1.0 0.0
165.00 390.00 79.36 1.0 0.0
170.00 390.00 79.60 1.0 0.0
175.00 390.00 79.46 1.0 0.0
180.00 390.00 70.09 1.0 0.0
0.00 400.00 77.18 0.0 1.0
5.00 400.00 75.47 0.0 1.0
10.00 400.00 83.24 0.0 1.0
15.00 400.00 84.58 0.0 1.0
20.00 400.00 81.16 0.0 1.0
25.00 400.00 80.66 0.0 1.0
30.00 400.00 91.36 0.0 1.0
35.00 400.00 86.86 0.0 1.0
40.00 400.00 94.00 0.0 1.0
45.00 400.00 89.98 0.5 0.5
50.00 400.00 94.57 0.5 0.5
55.00 400.00 92.06 0.5 0.5
60.00 400.00 93.04 0.5 0.5
65.00 400.00 92.78 0.5 0.5
70.00 400.00 89.50 0.5 0.5
75.00 400.00 90.93 0.5 0.5
80.00 400.00 91.27 0.5 0.5
85.00 400.00 89.45 0.5 0.5
90.00 400.00 85.33 0.5 0.5
95.00 400.00 83.21 0.5 0.5
100.00 400.00 87.43 0.5 0.5
105.00 400.00 89.42 0.5 0.5
110.00 400.00 90.44 0.5 0.5
115.00 400.00 93.65 0.5 0.5
120.00 400.00 95.31 0.5 0.5
125.00 400.00 94.15 0.5 0.5
130.00 400.00 91.54 0.5 0.5
135.00 400.00 91.96 0.5 0.5
140.00 400.00 87.13 1.0 0.0
145.00 400.00 90.32 1.0 0.0
150.00 400.00 86.89 1.0 0.0
155.00 400.00 85.42 1.0 0.0
160.00 400.00 83.61 1.0 0.0
165.00 400.00 80.20 1.0 0.0
170.00 400.00 77.29 1.0 0.0
175.00 400.00 79.74 1.0 0.0
180.00 400.00 70.09 1.0 0.0
0.00 410.00 77.18 0.0 1.0
5.00 410.00 75.43 0.0 1.0
10.00 410.00 80.55 0.0 1.0
15.00 410.00 86.47 0.0 1.0
20.00 410.00 78.41 0.0 1.0
25.00 410.00 86.82 0.0 1.0
30.00 410.00 86.38 0.0 1.0
35.00 410.00 89.17 0.0 1.0
40.00 410.00 90.91 0.0 1.0
45.00 410.00 93.33 0.5 0.5
50.00 410.00 93.43 0.5 0.5
55.00 410.00 92.86 0.5 0.5
60.00 410.00 95.87 0.5 0.5
65.00 410.00 90.05 0.5 0.5
70.00 410.00 94.89 0.5 0.5
75.00 410.00 94.96 0.5 0.5
80.00 410.00 88.51 0.5 0.5
85.00 410.00 88.30 0.5 0.5
90.00 410.00 92.48 0.5 0.5
95.00 410.00 92.54 0.5 0.5
100.00 410.00 90.09 0.5 0.5
105.00 410.00 87.10 0.5 0.5
110.00 410.00 86.32 0.5 0.5
115.00 410.00 89.01 0.5 0.5
120.00 410.00 91.90 0.5 0.5
125.00 410.00 91.09 0.5 0.5
130.00 410.00 92.01 0.5 0.5
135.00 410.00 93.40 0.5 0.5
140.00 410.00 89.87 1.0 0.0
145.00 410.00 88.56 1.0 0.0
150.00 410.00 85.39 1.0 0.0
155.00 410.00 84.89 1.0 0.0
160.00 410.00 82.96 1.0 0.0
165.00 410.00 81.64 1.0 0.0
170.00 410.00 74.65 1.0 0.0
175.00 410.00 79.42 1.0 0.0
180.00 410.00 70.09 1.0 0.0
0.00 420.00 77.18 0.0 1.0
5.00 420.00 75.35 0.0 1.0
10.00 420.00 76.69 0.0 1.0
15.00 420.00 86.44 0.0 1.0
20.00 420.00 80.20 0.0 1.0
25.00 420.00 88.97 0.0 1.0
30.00 420.00 85.39 0.0 1.0
35.00 420.00 88.78 0.0 1.0
40.00 420.00 88.89 0.0 1.0
45.00 420.00 90.55 0.5 0.5
50.00 420.00 88.92 0.5 0.5
55.00 420.00 92.51 0.5 0.5
60.00 420.00 90.64 0.5 0.5
65.00 420.00 92.84 0.5 0.5
70.00 420.00 91.40 0.5 0.5
75.00 420.00 91.13 0.5 0.5
80.00 420.00 94.13 0.5 0.5
85.00 420.00 93.16 0.5 0.5
90.00 420.00 88.35 0.5 0.5
95.00 420.00 84.77 0.5 0.5
100.00 420.00 88.65 0.5 0.5
105.00 420.00 91.04 0.5 0.5
110.00 420.00 92.37 0.5 0.5
115.00 420.00 93.60 0.5 0.5
120.00 420.00 93.23 0.5 0.5
125.00 420.00 89.78 0.5 0.5
130.00 420.00 89.51 0.5 0.5
135.00 420.00 89.08 0.5 0.5
140.00 420.00 89.05 1.0 0.0
145.00 420.00 87.80 1.0 0.0
150.00 420.00 84.85 1.0 0.0
155.00 420.00 84.43 1.0 0.0
160.00 420.00 80.86 1.0 0.0
165.00 420.00 82.87 1.0 0.0
170.00 420.00 72.74 1.0 0.0
175.00 420.00 78.47 1.0 0.0
180.00 420.00 70.09 1.0 0.0
0.00 430.00 77.18 0.0 1.0
5.00 430.00 76.19 0.0 1.0
10.00 430.00 71.55 0.0 1.0
15.00 430.00 84.52 0.0 1.0
20.00 430.00 79.37 0.0 1.0
25.00 430.00 88.07 0.0 1.0
30.00 430.00 84.12 0.0 1.0
35.00 430.00 88.96 0.0 1.0
40.00 430.00 89.27 0.0 1.0
45.00 430.00 89.67 0.5 0.5
50.00 430.00 90.88 0.5 0.5
55.00 430.00 92.13 0.5 0.5
60.00 430.00 89.23 0.5 0.5
65.00 430.00 93.68 0.5 0.5
70.00 430.00 88.57 0.5 0.5
75.00 430.00 91.20 0.5 0.5
80.00 430.00 92.28 0.5 0.5
85.00 430.00 90.57 0.5 0.5
90.00 430.00 91.37 0.5 0.5
95.00 430.00 93.11 0.5 0.5
100.00 430.00 93.81 0.5 0.5
105.00 430.00 93.82 0.5 0.5
110.00 430.00 93.02 0.5 0.5
115.00 430.00 91.30 0.5 0.5
120.00 430.00 90.98 0.5 0.5
125.00 430.00 90.52 0.5 0.5
130.00 430.00 89.39 0.5 0.5
135.00 430.00 87.03 0.5 0.5
140.00 430.00 87.07 1.0 0.0
145.00 430.00 84.92 1.0 0.0
150.00 430.00 84.05 1.0 0.0
155.00 430.00 84.92 1.0 0.0
160.00 430.00 78.11 1.0 0.0
165.00 430.00 83.43 1.0 0.0
170.00 430.00 72.64 1.0 0.0
175.00 430.00 76.67 1.0 0.0
180.00 430.00 70.09 1.0 0.0
0.00 440.00 77.18 0.0 1.0
5.00 440.00 77.95 0.0 1.0
10.00 440.00 71.01 0.0 1.0
15.00 440.00 81.26 0.0 1.0
20.00 440.00 77.41 0.0 1.0
25.00 440.00 84.60 0.0 1.0
30.00 440.00 78.67 0.0 1.0
35.00 440.00 83.90 0.0 1.0
40.00 440.00 86.12 0.0 1.0
45.00 440.00 81.94 0.5 0.5
50.00 440.00 88.16 0.5 0.5
55.00 440.00 86.04 0.5 0.5
60.00 440.00 89.43 0.5 0.5
65.00 440.00 89.19 0.5 0.5
70.00 440.00 85.26 0.5 0.5
75.00 440.00 90.74 0.5 0.5
80.00 440.00 90.14 0.5 0.5
85.00 440.00 87.91 0.5 0.5
90.00 440.00 88.60 0.5 0.5
95.00 440.00 89.46 0.5 0.5
100.00 440.00 89.58 0.5 0.5
105.00 440.00 89.46 0.5 0.5
110.00 440.00 89.25 0.5 0.5
115.00 440.00 87.70 0.5 0.5
120.00 440.00 87.53 0.5 0.5
125.00 440.00 86.47 0.5 0.5
130.00 440.00 86.90 0.5 0.5
135.00 440.00 85.14 0.5 0.5
140.00 440.00 86.81 1.0 0.0
145.00 440.00 79.40 1.0 0.0
150.00 440.00 85.72 1.0 0.0
155.00 440.00 84.64 1.0 0.0
160.00 440.00 79.27 1.0 0.0
165.00 440.00 82.29 1.0 0.0
170.00 440.00 73.72 1.0 0.0
175.00 440.00 73.55 1.0 0.0
180.00 440.00 70.09 1.0 0.0
0.00 450.00 77.18 0.0 1.0
5.00 450.00 79.75 0.0 1.0
10.00 450.00 74.50 0.0 1.0
15.00 450.00 81.27 0.0 1.0
20.00 450.00 78.94 0.0 1.0
25.00 450.00 84.61 0.0 1.0
30.00 450.00 77.96 0.0 1.0
35.00 450.00 84.71 0.0 1.0
40.00 450.00 83.74 0.0 1.0
45.00 450.00 85.41 0.5 0.5
50.00 450.00 80.93 0.5 0.5
55.00 450.00 84.89 0.5 0.5
60.00 450.00 83.06 0.5 0.5
65.00 450.00 84.96 0.5 0.5
70.00 450.00 83.62 0.5 0.5
75.00 450.00 84.95 0.5 0.5
80.00 450.00 84.68 0.5 0.5
85.00 450.00 84.14 0.5 0.5
90.00 450.00 84.83 0.5 0.5
95.00 450.00 85.13 0.5 0.5
100.00 450.00 85.11 0.5 0.5
105.00 450.00 84.48 0.5 0.5
110.00 450.00 83.60 0.5 0.5
115.00 450.00 80.46 0.5 0.5
120.00 450.00 78.89 0.5 0.5
125.00 450.00 83.56 0.5 0.5
130.00 450.00 87.07 0.5 0.5
135.00 450.00 86.67 0.5 0.5
140.00 450.00 82.71 1.0 0.0
145.00 450.00 79.17 1.0 0.0
150.00 450.00 86.30 1.0 0.0
155.00 450.00 80.10 1.0 0.0
160.00 450.00 80.33 1.0 0.0
165.00 450.00 77.95 1.0 0.0
170.00 450.00 73.85 1.0 0.0
175.00 450.00 69.05 1.0 0.0
180.00 450.00 70.09 1.0 0.0
0.00 460.00 77.18 0.0 1.0
5.00 460.00 81.05 0.0 1.0
10.00 460.00 77.24 0.0 1.0
15.00 460.00 82.57 0.0 1.0
20.00 460.00 81.34 0.0 1.0
25.00 460.00 80.87 0.0 1.0
30.00 460.00 80.17 0.0 1.0
35.00 460.00 77.87 0.0 1.0
40.00 460.00 78.63 0.0 1.0
45.00 460.00 82.72 0.5 0.5
50.00 460.00 81.37 0.5 0.5
55.00 460.00 78.22 0.5 0.5
60.00 460.00 79.40 0.5 0.5
65.00 460.00 78.92 0.5 0.5
70.00 460.00 80.09 0.5 0.5
75.00 460.00 81.64 0.5 0.5
80.00 460.00 78.91 0.5 0.5
85.00 460.00 74.60 0.5 0.5
90.00 460.00 81.47 0.5 0.5
95.00 460.00 84.38 0.5 0.5
100.00 460.00 84.98 0.5 0.5
105.00 460.00 84.28 0.5 0.5
110.00 460.00 83.25 0.5 0.5
115.00 460.00 83.41 0.5 0.5
120.00 460.00 83.17 0.5 0.5
125.00 460.00 85.58 0.5 0.5
130.00 460.00 85.52 0.5 0.5
135.00 460.00 84.50 0.5 0.5
140.00 460.00 77.73 1.0 0.0
145.00 460.00 82.48 1.0 0.0
150.00 460.00 85.22 1.0 0.0
155.00 460.00 78.63 1.0 0.0
160.00 460.00 75.16 1.0 0.0
165.00 460.00 77.75 1.0 0.0
170.00 460.00 71.02 1.0 0.0
175.00 460.00 70.49 1.0 0.0
180.00 460.00 70.09 1.0 0.0
0.00 470.00 77.18 0.0 1.0
5.00 470.00 81.73 0.0 1.0
10.00 470.00 78.84 0.0 1.0
15.00 470.00 81.90 0.0 1.0
20.00 470.00 79.65 0.0 1.0
25.00 470.00 70.75 0.0 1.0
30.00 470.00 75.07 0.0 1.0
35.00 470.00 79.07 0.0 1.0
40.00 470.00 75.25 0.0 1.0
45.00 470.00 67.17 0.5 0.5
50.00 470.00 79.80 0.5 0.5
55.00 470.00 80.22 0.5 0.5
60.00 470.00 79.40 0.5 0.5
65.00 470.00 81.71 0.5 0.5
70.00 470.00 83.12 0.5 0.5
75.00 470.00 75.42 0.5 0.5
80.00 470.00 78.16 0.5 0.5
85.00 470.00 81.45 0.5 0.5
90.00 470.00 78.49 0.5 0.5
95.00 470.00 74.72 0.5 0.5
100.00 470.00 80.62 0.5 0.5
105.00 470.00 83.77 0.5 0.5
110.00 470.00 84.90 0.5 0.5
115.00 470.00 85.38 0.5 0.5
120.00 470.00 83.87 0.5 0.5
125.00 470.00 83.42 0.5 0.5
130.00 470.00 82.03 0.5 0.5
135.00 470.00 83.58 0.5 0.5
140.00 470.00 86.80 1.0 0.0
145.00 470.00 87.93 1.0 0.0
150.00 470.00 85.75 1.0 0.0
155.00 470.00 83.21 1.0 0.0
160.00 470.00 83.64 1.0 0.0
165.00 470.00 81.13 1.0 0.0
170.00 470.00 74.77 1.0 0.0
175.00 470.00 75.23 1.0 0.0
180.00 470.00 70.09 1.0 0.0
0.00 480.00 77.18 0.0 1.0
5.00 480.00 81.88 0.0 1.0
10.00 480.00 78.44 0.0 1.0
15.00 480.00 80.73 0.0 1.0
20.00 480.00 73.85 0.0 1.0
25.00 480.00 71.35 0.0 1.0
30.00 480.00 75.02 0.0 1.0
35.00 480.00 76.72 0.0 1.0
40.00 480.00 72.02 0.0 1.0
45.00 480.00 77.84 0.5 0.5
50.00 480.00 81.30 0.5 0.5
55.00 480.00 83.36 0.5 0.5
60.00 480.00 76.19 0.5 0.5
65.00 480.00 78.44 0.5 0.5
70.00 480.00 81.74 0.5 0.5
75.00 480.00 83.28 0.5 0.5
80.00 480.00 85.25 0.5 0.5
85.00 480.00 84.84 0.5 0.5
90.00 480.00 82.07 0.5 0.5
95.00 480.00 79.30 0.5 0.5
100.00 480.00 79.40 0.5 0.5
105.00 480.00 81.58 0.5 0.5
110.00 480.00 83.69 0.5 0.5
115.00 480.00 84.34 0.5 0.5
120.00 480.00 84.82 0.5 0.5
125.00 480.00 84.66 0.5 0.5
130.00 480.00 83.30 0.5 0.5
135.00 480.00 82.46 0.5 0.5
140.00 480.00 79.91 1.0 0.0
145.00 480.00 80.23 1.0 0.0
150.00 480.00 82.70 1.0 0.0
155.00 480.00 84.10 1.0 0.0
160.00 480.00 84.15 1.0 0.0
165.00 480.00 82.82 1.0 0.0
170.00 480.00 80.64 1.0 0.0
175.00 480.00 78.06 1.0 0.0
180.00 480.00 70.09 1.0 0.0
0.00 490.00 77.18 0.0 1.0
5.00 490.00 81.76 0.0 1.0
10.00 490.00 76.40 0.0 1.0
15.00 490.00 76.38 0.0 1.0
20.00 490.00 77.61 0.0 1.0
25.00 490.00 77.87 0.0 1.0
30.00 490.00 73.97 0.0 1.0
35.00 490.00 75.32 0.0 1.0
40.00 490.00 78.82 0.0 1.0
45.00 490.00 82.94 0.5 0.5
50.00 490.00 84.91 0.5 0.5
55.00 490.00 75.90 0.5 0.5
60.00 490.00 87.13 0.5 0.5
65.00 490.00 89.41 0.5 0.5
70.00 490.00 83.87 0.5 0.5
75.00 490.00 79.44 0.5 0.5
80.00 490.00 86.59 0.5 0.5
85.00 490.00 87.54 0.5 0.5
90.00 490.00 86.67 0.5 0.5
95.00 490.00 87.07 0.5 0.5
100.00 490.00 88.17 0.5 0.5
105.00 490.00 88.57 0.5 0.5
110.00 490.00 88.90 0.5 0.5
115.00 490.00 88.93 0.5 0.5
120.00 490.00 89.11 0.5 0.5
125.00 490.00 89.54 0.5 0.5
130.00 490.00 90.02 0.5 0.5
135.00 490.00 90.15 0.5 0.5
140.00 490.00 89.57 1.0 0.0
145.00 490.00 87.33 1.0 0.0
150.00 490.00 80.57 1.0 0.0
155.00 490.00 69.75 1.0 0.0
160.00 490.00 81.41 1.0 0.0
165.00 490.00 83.31 1.0 0.0
170.00 490.00 82.29 1.0 0.0
175.00 490.00 79.51 1.0 0.0
180.00 490.00 70.09 1.0 0.0
0.00 500.00 77.18 0.0 1.0
5.00 500.00 81.61 0.0 1.0
10.00 500.00 77.57 0.0 1.0
15.00 500.00 73.32 0.0 1.0
20.00 500.00 75.87 0.0 1.0
25.00 500.00 79.75 0.0 1.0
30.00 500.00 82.55 0.0 1.0
35.00 500.00 79.92 0.0 1.0
40.00 500.00 81.93 0.0 1.0
45.00 500.00 84.18 0.5 0.5
50.00 500.00 80.24 0.5 0.5
55.00 500.00 86.06 0.5 0.5
60.00 500.00 86.75 0.5 0.5
65.00 500.00 79.59 0.5 0.5
70.00 500.00 85.09 0.5 0.5
75.00 500.00 90.88 0.5 0.5
80.00 500.00 90.89 0.5 0.5
85.00 500.00 86.57 0.5 0.5
90.00 500.00 77.56 0.5 0.5
95.00 500.00 85.45 0.5 0.5
100.00 500.00 88.84 0.5 0.5
105.00 500.00 89.58 0.5 0.5
110.00 500.00 88.80 0.5 0.5
115.00 500.00 86.64 0.5 0.5
120.00 500.00 83.28 0.5 0.5
125.00 500.00 79.31 0.5 0.5
130.00 500.00 75.15 0.5 0.5
135.00 500.00 80.88 0.5 0.5
140.00 500.00 86.85 1.0 0.0
145.00 500.00 89.37 1.0 0.0
150.00 500.00 88.95 1.0 0.0
155.00 500.00 85.54 1.0 0.0
160.00 500.00 76.14 1.0 0.0
165.00 500.00 74.88 1.0 0.0
170.00 500.00 81.22 1.0 0.0
175.00 500.00 80.34 1.0 0.0
180.00 500.00 70.09 1.0 0.0
0.00 510.00 77.18 0.0 1.0
5.00 510.00 81.53 0.0 1.0
10.00 510.00 79.59 0.0 1.0
15.00 510.00 78.24 0.0 1.0
20.00 510.00 79.30 0.0 1.0
25.00 510.00 80.10 0.0 1.0
30.00 510.00 79.45 0.0 1.0
35.00 510.00 82.51 0.0 1.0
40.00 510.00 83.60 0.0 1.0
45.00 510.00 75.81 0.5 0.5
50.00 510.00 75.91 0.5 0.5
55.00 510.00 84.71 0.5 0.5
60.00 510.00 88.47 0.5 0.5
65.00 510.00 86.34 0.5 0.5
70.00 510.00 81.14 0.5 0.5
75.00 510.00 86.97 0.5 0.5
80.00 510.00 88.92 0.5 0.5
85.00 510.00 86.91 0.5 0.5
90.00 510.00 83.59 0.5 0.5
95.00 510.00 87.62 0.5 0.5
100.00 510.00 90.58 0.5 0.5
105.00 510.00 91.48 0.5 0.5
110.00 510.00 90.89 0.5 0.5
115.00 510.00 89.24 0.5 0.5
120.00 510.00 84.97 0.5 0.5
125.00 510.00 80.54 0.5 0.5
130.00 510.00 81.81 0.5 0.5
135.00 510.00 84.22 0.5 0.5
140.00 510.00 83.59 1.0 0.0
145.00 510.00 72.46 1.0 0.0
150.00 510.00 81.07 1.0 0.0
155.00 510.00 83.24 1.0 0.0
160.00 510.00 80.78 1.0 0.0
165.00 510.00 78.08 1.0 0.0
170.00 510.00 81.72 1.0 0.0
175.00 510.00 81.16 1.0 0.0
180.00 510.00 70.09 1.0 0.0
0.00 520.00 77.18 0.0 1.0
5.00 520.00 81.44 0.0 1.0
10.00 520.00 79.45 0.0 1.0
15.00 520.00 80.56 0.0 1.0
20.00 520.00 81.79 0.0 1.0
25.00 520.00 82.11 0.0 1.0
30.00 520.00 84.20 0.0 1.0
35.00 520.00 84.95 0.0 1.0
40.00 520.00 81.64 0.0 1.0
45.00 520.00 80.59 0.5 0.5
50.00 520.00 86.47 0.5 0.5
55.00 520.00 89.66 0.5 0.5
60.00 520.00 90.37 0.5 0.5
65.00 520.00 87.07 0.5 0.5
70.00 520.00 88.74 0.5 0.5
75.00 520.00 92.04 0.5 0.5
80.00 520.00 92.69 0.5 0.5
85.00 520.00 90.97 0.5 0.5
90.00 520.00 88.13 0.5 0.5
95.00 520.00 88.22 0.5 0.5
100.00 520.00 89.84 0.5 0.5
105.00 520.00 90.81 0.5 0.5
110.00 520.00 90.40 0.5 0.5
115.00 520.00 89.49 0.5 0.5
120.00 520.00 86.44 0.5 0.5
125.00 520.00 82.97 0.5 0.5
130.00 520.00 85.62 0.5 0.5
135.00 520.00 89.86 0.5 0.5
140.00 520.00 90.27 1.0 0.0
145.00 520.00 83.75 1.0 0.0
150.00 520.00 83.89 1.0 0.0
155.00 520.00 88.17 1.0 0.0
160.00 520.00 84.30 1.0 0.0
165.00 520.00 71.59 1.0 0.0
170.00 520.00 83.30 1.0 0.0
175.00 520.00 82.18 1.0 0.0
180.00 520.00 70.09 1.0 0.0
0.00 530.00 77.18 0.0 1.0
5.00 530.00 81.19 0.0 1.0
10.00 530.00 77.73 0.0 1.0
15.00 530.00 80.61 0.0 1.0
20.00 530.00 79.48 0.0 1.0
25.00 530.00 82.23 0.0 1.0
30.00 530.00 81.03 0.0 1.0
35.00 530.00 86.16 0.0 1.0
40.00 530.00 89.18 0.0 1.0
45.00 530.00 89.36 0.5 0.5
50.00 530.00 89.56 0.5 0.5
55.00 530.00 90.17 0.5 0.5
60.00 530.00 89.83 0.5 0.5
65.00 530.00 90.28 0.5 0.5
70.00 530.00 92.30 0.5 0.5
75.00 530.00 93.33 0.5 0.5
80.00 530.00 93.01 0.5 0.5
85.00 530.00 92.15 0.5 0.5
90.00 530.00 91.43 0.5 0.5
95.00 530.00 91.20 0.5 0.5
100.00 530.00 91.16 0.5 0.5
105.00 530.00 91.61 0.5 0.5
110.00 530.00 91.94 0.5 0.5
115.00 530.00 91.76 0.5 0.5
120.00 530.00 90.43 0.5 0.5
125.00 530.00 89.49 0.5 0.5
130.00 530.00 89.84 0.5 0.5
135.00 530.00 91.10 0.5 0.5
140.00 530.00 85.48 1.0 0.0
145.00 530.00 80.70 1.0 0.0
150.00 530.00 83.98 1.0 0.0
155.00 530.00 79.03 1.0 0.0
160.00 530.00 88.45 1.0 0.0
165.00 530.00 81.80 1.0 0.0
170.00 530.00 82.86 1.0 0.0
175.00 530.00 83.19 1.0 0.0
180.00 530.00 70.09 1.0 0.0
0.00 540.00 77.18 0.0 1.0
5.00 540.00 80.72 0.0 1.0
10.00 540.00 76.65 0.0 1.0
15.00 540.00 80.23 0.0 1.0
20.00 540.00 82.76 0.0 1.0
25.00 540.00 83.33 0.0 1.0
30.00 540.00 86.46 0.0 1.0
35.00 540.00 87.47 0.0 1.0
40.00 540.00 88.24 0.0 1.0
45.00 540.00 90.68 0.5 0.5
50.00 540.00 89.55 0.5 0.5
55.00 540.00 88.70 0.5 0.5
60.00 540.00 89.97 0.5 0.5
65.00 540.00 92.30 0.5 0.5
70.00 540.00 93.53 0.5 0.5
75.00 540.00 93.42 0.5 0.5
80.00 540.00 92.07 0.5 0.5
85.00 540.00 91.29 0.5 0.5
90.00 540.00 91.13 0.5 0.5
95.00 540.00 91.31 0.5 0.5
100.00 540.00 91.69 0.5 0.5
105.00 540.00 91.89 0.5 0.5
110.00 540.00 92.33 0.5 0.5
115.00 540.00 92.58 0.5 0.5
120.00 540.00 91.94 0.5 0.5
125.00 540.00 91.48 0.5 0.5
130.00 540.00 91.42 0.5 0.5
135.00 540.00 89.15 0.5 0.5
140.00 540.00 89.39 1.0 0.0
145.00 540.00 90.40 1.0 0.0
150.00 540.00 84.37 1.0 0.0
155.00 540.00 85.25 1.0 0.0
160.00 540.00 80.47 1.0 0.0
165.00 540.00 84.88 1.0 0.0
170.00 540.00 80.24 1.0 0.0
175.00 540.00 83.93 1.0 0.0
180.00 540.00 70.09 1.0 0.0
0.00 550.00 77.18 0.0 1.0
5.00 550.00 80.13 0.0 1.0
10.00 550.00 76.65 0.0 1.0
15.00 550.00 80.15 0.0 1.0
20.00 550.00 83.56 0.0 1.0
25.00 550.00 86.04 0.0 1.0
30.00 550.00 85.83 0.0 1.0
35.00 550.00 88.74 0.0 1.0
40.00 550.00 89.20 0.0 1.0
45.00 550.00 89.72 0.5 0.5
50.00 550.00 92.72 0.5 0.5
55.00 550.00 94.07 0.5 0.5
60.00 550.00 92.85 0.5 0.5
65.00 550.00 92.11 0.5 0.5
70.00 550.00 92.83 0.5 0.5
75.00 550.00 92.66 0.5 0.5
80.00 550.00 90.53 0.5 0.5
85.00 550.00 89.12 0.5 0.5
90.00 550.00 88.26 0.5 0.5
95.00 550.00 88.87 0.5 0.5
100.00 550.00 90.98 0.5 0.5
105.00 550.00 91.33 0.5 0.5
110.00 550.00 91.51 0.5 0.5
115.00 550.00 92.12 0.5 0.5
120.00 550.00 92.26 0.5 0.5
125.00 550.00 92.58 0.5 0.5
130.00 550.00 91.26 0.5 0.5
135.00 550.00 92.96 0.5 0.5
140.00 550.00 91.99 1.0 0.0
145.00 550.00 83.07 1.0 0.0
150.00 550.00 86.94 1.0 0.0
155.00 550.00 87.54 1.0 0.0
160.00 550.00 87.26 1.0 0.0
165.00 550.00 80.13 1.0 0.0
170.00 550.00 75.91 1.0 0.0
175.00 550.00 84.25 1.0 0.0
180.00 550.00 70.09 1.0 0.0
0.00 560.00 77.18 0.0 1.0
5.00 560.00 79.68 0.0 1.0
10.00 560.00 76.96 0.0 1.0
15.00 560.00 81.32 0.0 1.0
20.00 560.00 83.85 0.0 1.0
25.00 560.00 83.25 0.0 1.0
30.00 560.00 87.01 0.0 1.0
35.00 560.00 91.03 0.0 1.0
40.00 560.00 91.58 0.0 1.0
45.00 560.00 94.64 0.5 0.5
50.00 560.00 93.35 0.5 0.5
55.00 560.00 95.33 0.5 0.5
60.00 560.00 96.04 0.5 0.5
65.00 560.00 93.74 0.5 0.5
70.00 560.00 89.21 0.5 0.5
75.00 560.00 89.09 0.5 0.5
80.00 560.00 89.48 0.5 0.5
85.00 560.00 89.13 0.5 0.5
90.00 560.00 86.29 0.5 0.5
95.00 560.00 81.75 0.5 0.5
100.00 560.00 86.78 0.5 0.5
105.00 560.00 88.87 0.5 0.5
110.00 560.00 90.61 0.5 0.5
115.00 560.00 91.41 0.5 0.5
120.00 560.00 92.45 0.5 0.5
125.00 560.00 91.92 0.5 0.5
130.00 560.00 93.85 0.5 0.5
135.00 560.00 93.19 0.5 0.5
140.00 560.00 89.46 1.0 0.0
145.00 560.00 91.63 1.0 0.0
150.00 560.00 88.13 1.0 0.0
155.00 560.00 79.69 1.0 0.0
160.00 560.00 89.92 1.0 0.0
165.00 560.00 76.44 1.0 0.0
170.00 560.00 75.47 1.0 0.0
175.00 560.00 84.18 1.0 0.0
180.00 560.00 70.09 1.0 0.0
0.00 570.00 77.18 0.0 1.0
5.00 570.00 79.59 0.0 1.0
10.00 570.00 78.24 0.0 1.0
15.00 570.00 82.93 0.0 1.0
20.00 570.00 83.31 0.0 1.0
25.00 570.00 85.79 0.0 1.0
30.00 570.00 89.19 0.0 1.0
35.00 570.00 88.88 0.0 1.0
40.00 570.00 88.34 0.0 1.0
45.00 570.00 89.91 0.5 0.5
50.00 570.00 91.30 0.5 0.5
55.00 570.00 91.95 0.5 0.5
60.00 570.00 89.68 0.5 0.5
65.00 570.00 90.89 0.5 0.5
70.00 570.00 88.27 0.5 0.5
75.00 570.00 83.77 0.5 0.5
80.00 570.00 86.51 0.5 0.5
85.00 570.00 89.58 0.5 0.5
90.00 570.00 89.18 0.5 0.5
95.00 570.00 88.21 0.5 0.5
100.00 570.00 89.60 0.5 0.5
105.00 570.00 90.09 0.5 0.5
110.00 570.00 91.85 0.5 0.5
115.00 570.00 92.33 0.5 0.5
120.00 570.00 92.03 0.5 0.5
125.00 570.00 95.34 0.5 0.5
130.00 570.00 92.54 0.5 0.5
135.00 570.00 93.29 0.5 0.5
140.00 570.00 92.42 1.0 0.0
145.00 570.00 86.75 1.0 0.0
150.00 570.00 89.21 1.0 0.0
155.00 570.00 89.64 1.0 0.0
160.00 570.00 86.23 1.0 0.0
165.00 570.00 82.04 1.0 0.0
170.00 570.00 80.55 1.0 0.0
175.00 570.00 83.77 1.0 0.0
180.00 570.00 70.09 1.0 0.0
0.00 580.00 77.18 0.0 1.0
5.00 580.00 79.90 0.0 1.0
10.00 580.00 80.20 0.0 1.0
15.00 580.00 82.98 0.0 1.0
20.00 580.00 82.95 0.0 1.0
25.00 580.00 86.11 0.0 1.0
30.00 580.00 85.32 0.0 1.0
35.00 580.00 89.23 0.0 1.0
40.00 580.00 92.41 0.0 1.0
45.00 580.00 92.58 0.5 0.5
50.00 580.00 94.49 0.5 0.5
55.00 580.00 93.04 0.5 0.5
60.00 580.00 89.16 0.5 0.5
65.00 580.00 91.91 0.5 0.5
70.00 580.00 93.27 0.5 0.5
75.00 580.00 93.39 0.5 0.5
80.00 580.00 92.32 0.5 0.5
85.00 580.00 90.32 0.5 0.5
90.00 580.00 85.54 0.5 0.5
95.00 580.00 82.87 0.5 0.5
100.00 580.00 89.72 0.5 0.5
105.00 580.00 91.86 0.5 0.5
110.00 580.00 90.35 0.5 0.5
115.00 580.00 92.13 0.5 0.5
120.00 580.00 94.48 0.5 0.5
125.00 580.00 91.29 0.5 0.5
130.00 580.00 92.79 0.5 0.5
135.00 580.00 92.85 0.5 0.5
140.00 580.00 88.10 1.0 0.0
145.00 580.00 92.95 1.0 0.0
150.00 580.00 85.32 1.0 0.0
155.00 580.00 90.96 1.0 0.0
160.00 580.00 79.60 1.0 0.0
165.00 580.00 82.00 1.0 0.0
170.00 580.00 83.82 1.0 0.0
175.00 580.00 83.08 1.0 0.0
180.00 580.00 70.09 1.0 0.0
0.00 590.00 77.18 0.0 1.0
5.00 590.00 80.45 0.0 1.0
10.00 590.00 82.00 0.0 1.0
15.00 590.00 80.99 0.0 1.0
20.00 590.00 82.97 0.0 1.0
25.00 590.00 85.02 0.0 1.0
30.00 590.00 86.57 0.0 1.0
35.00 590.00 89.87 0.0 1.0
40.00 590.00 89.61 0.0 1.0
45.00 590.00 88.27 0.5 0.5
50.00 590.00 91.94 0.5 0.5
55.00 590.00 91.36 0.5 0.5
60.00 590.00 92.90 0.5 0.5
65.00 590.00 94.92 0.5 0.5
70.00 590.00 94.00 0.5 0.5
75.00 590.00 91.51 0.5 0.5
80.00 590.00 86.50 0.5 0.5
85.00 590.00 83.93 0.5 0.5
90.00 590.00 90.29 0.5 0.5
95.00 590.00 93.96 0.5 0.5
100.00 590.00 94.23 0.5 0.5
105.00 590.00 90.38 0.5 0.5
110.00 590.00 91.16 0.5 0.5
115.00 590.00 94.68 0.5 0.5
120.00 590.00 91.08 0.5 0.5
125.00 590.00 94.26 0.5 0.5
130.00 590.00 93.26 0.5 0.5
135.00 590.00 92.77 0.5 0.5
140.00 590.00 92.22 1.0 0.0
145.00 590.00 90.36 1.0 0.0
150.00 590.00 88.98 1.0 0.0
155.00 590.00 86.48 1.0 0.0
160.00 590.00 84.06 1.0 0.0
165.00 590.00 81.37 1.0 0.0
170.00 590.00 85.26 1.0 0.0
175.00 590.00 82.10 1.0 0.0
180.00 590.00 70.09 1.0 0.0
0.00 600.00 77.18 0.0 1.0
5.00 600.00 81.01 0.0 1.0
10.00 600.00 83.41 0.0 1.0
15.00 600.00 76.54 0.0 1.0
20.00 600.00 83.52 0.0 1.0
25.00 600.00 85.11 0.0 1.0
30.00 600.00 85.10 0.0 1.0
35.00 600.00 87.48 0.0 1.0
40.00 600.00 87.97 0.0 1.0
45.00 600.00 89.55 0.5 0.5
50.00 600.00 92.56 0.5 0.5
55.00 600.00 93.08 0.5 0.5
60.00 600.00 91.44 0.5 0.5
65.00 600.00 91.58 0.5 0.5
70.00 600.00 93.09 0.5 0.5
75.00 600.00 94.06 0.5 0.5
80.00 600.00 94.57 0.5 0.5
85.00 600.00 94.61 0.5 0.5
90.00 600.00 93.42 0.5 0.5
95.00 600.00 91.20 0.5 0.5
100.00 600.00 91.33 0.5 0.5
105.00 600.00 92.12 0.5 0.5
110.00 600.00 90.37 0.5 0.5
115.00 600.00 92.94 0.5 0.5
120.00 600.00 92.16 0.5 0.5
125.00 600.00 90.31 0.5 0.5
130.00 600.00 92.29 0.5 0.5
135.00 600.00 88.57 0.5 0.5
140.00 600.00 90.44 1.0 0.0
145.00 600.00 82.52 1.0 0.0
150.00 600.00 88.44 1.0 0.0
155.00 600.00 81.49 1.0 0.0
160.00 600.00 87.64 1.0 0.0
165.00 600.00 82.87 1.0 0.0
170.00 600.00 85.19 1.0 0.0
175.00 600.00 80.77 1.0 0.0
180.00 600.00 70.09 1.0 0.0
0.00 610.00 77.18 0.0 1.0
5.00 610.00 81.39 0.0 1.0
10.00 610.00 84.25 0.0 1.0
15.00 610.00 74.87 0.0 1.0
20.00 610.00 85.00 0.0 1.0
25.00 610.00 84.35 0.0 1.0
30.00 610.00 82.52 0.0 1.0
35.00 610.00 86.52 0.0 1.0
40.00 610.00 87.17 0.0 1.0
45.00 610.00 87.55 0.5 0.5
50.00 610.00 89.50 0.5 0.5
55.00 610.00 88.71 0.5 0.5
60.00 610.00 90.41 0.5 0.5
65.00 610.00 89.72 0.5 0.5
70.00 610.00 88.58 0.5 0.5
75.00 610.00 88.71 0.5 0.5
80.00 610.00 89.87 0.5 0.5
85.00 610.00 90.93 0.5 0.5
90.00 610.00 91.31 0.5 0.5
95.00 610.00 90.06 0.5 0.5
100.00 610.00 88.95 0.5 0.5
105.00 610.00 92.79 0.5 0.5
110.00 610.00 93.25 0.5 0.5
115.00 610.00 87.88 0.5 0.5
120.00 610.00 92.78 0.5 0.5
125.00 610.00 90.31 0.5 0.5
130.00 610.00 89.80 0.5 0.5
135.00 610.00 89.95 0.5 0.5
140.00 610.00 89.39 1.0 0.0
145.00 610.00 85.99 1.0 0.0
150.00 610.00 89.32 1.0 0.0
155.00 610.00 83.97 1.0 0.0
160.00 610.00 88.48 1.0 0.0
165.00 610.00 83.19 1.0 0.0
170.00 610.00 83.55 1.0 0.0
175.00 610.00 78.90 1.0 0.0
180.00 610.00 70.09 1.0 0.0
0.00 620.00 77.18 0.0 1.0
5.00 620.00 81.44 0.0 1.0
10.00 620.00 84.07 0.0 1.0
15.00 620.00 80.32 0.0 1.0
20.00 620.00 86.28 0.0 1.0
25.00 620.00 84.53 0.0 1.0
30.00 620.00 81.09 0.0 1.0
35.00 620.00 85.49 0.0 1.0
40.00 620.00 85.49 0.0 1.0
45.00 620.00 83.24 0.5 0.5
50.00 620.00 86.25 0.5 0.5
55.00 620.00 86.18 0.5 0.5
60.00 620.00 88.25 0.5 0.5
65.00 620.00 87.87 0.5 0.5
70.00 620.00 88.05 0.5 0.5
75.00 620.00 88.42 0.5 0.5
80.00 620.00 89.15 0.5 0.5
85.00 620.00 89.76 0.5 0.5
90.00 620.00 90.35 0.5 0.5
95.00 620.00 89.96 0.5 0.5
100.00 620.00 87.44 0.5 0.5
105.00 620.00 87.57 0.5 0.5
110.00 620.00 89.97 0.5 0.5
115.00 620.00 88.27 0.5 0.5
120.00 620.00 86.69 0.5 0.5
125.00 620.00 86.67 0.5 0.5
130.00 620.00 85.23 0.5 0.5
135.00 620.00 84.94 0.5 0.5
140.00 620.00 86.52 1.0 0.0
145.00 620.00 80.85 1.0 0.0
150.00 620.00 87.46 1.0 0.0
155.00 620.00 80.90 1.0 0.0
160.00 620.00 85.56 1.0 0.0
165.00 620.00 81.02 1.0 0.0
170.00 620.00 79.91 1.0 0.0
175.00 620.00 76.10 1.0 0.0
180.00 620.00 70.09 1.0 0.0
0.00 630.00 77.18 0.0 1.0
5.00 630.00 80.98 0.0 1.0
10.00 630.00 82.26 0.0 1.0
15.00 630.00 82.59 0.0 1.0
20.00 630.00 84.13 0.0 1.0
25.00 630.00 87.34 0.0 1.0
30.00 630.00 76.42 0.0 1.0
35.00 630.00 85.85 0.0 1.0
40.00 630.00 87.14 0.0 1.0
45.00 630.00 79.56 0.5 0.5
50.00 630.00 82.10 0.5 0.5
55.00 630.00 84.33 0.5 0.5
60.00 630.00 85.72 0.5 0.5
65.00 630.00 85.30 0.5 0.5
70.00 630.00 84.58 0.5 0.5
75.00 630.00 83.52 0.5 0.5
80.00 630.00 83.93 0.5 0.5
85.00 630.00 83.93 0.5 0.5
90.00 630.00 84.36 0.5 0.5
95.00 630.00 84.65 0.5 0.5
100.00 630.00 84.23 0.5 0.5
105.00 630.00 84.43 0.5 0.5
110.00 630.00 83.56 0.5 0.5
115.00 630.00 83.15 0.5 0.5
120.00 630.00 84.10 0.5 0.5
125.00 630.00 79.27 0.5 0.5
130.00 630.00 86.25 0.5 0.5
135.00 630.00 82.07 0.5 0.5
140.00 630.00 84.75 1.0 0.0
145.00 630.00 80.42 1.0 0.0
150.00 630.00 84.08 1.0 0.0
155.00 630.00 75.32 1.0 0.0
160.00 630.00 81.57 1.0 0.0
165.00 630.00 75.89 1.0 0.0
170.00 630.00 74.55 1.0 0.0
175.00 630.00 71.59 1.0 0.0
180.00 630.00 70.09 1.0 0.0
0.00 640.00 77.18 0.0 1.0
5.00 640.00 79.69 0.0 1.0
10.00 640.00 78.00 0.0 1.0
15.00 640.00 79.67 0.0 1.0
20.00 640.00 76.03 0.0 1.0
25.00 640.00 84.19 0.0 1.0
30.00 640.00 81.31 0.0 1.0
35.00 640.00 76.55 0.0 1.0
40.00 640.00 84.74 0.0 1.0
45.00 640.00 84.42 0.5 0.5
50.00 640.00 81.81 0.5 0.5
55.00 640.00 80.03 0.5 0.5
60.00 640.00 75.21 0.5 0.5
65.00 640.00 75.68 0.5 0.5
70.00 640.00 74.16 0.5 0.5
75.00 640.00 73.11 0.5 0.5
80.00 640.00 74.88 0.5 0.5
85.00 640.00 79.10 0.5 0.5
90.00 640.00 81.53 0.5 0.5
95.00 640.00 81.23 0.5 0.5
100.00 640.00 79.06 0.5 0.5
105.00 640.00 79.01 0.5 0.5
110.00 640.00 79.91 0.5 0.5
115.00 640.00 79.42 0.5 0.5
120.00 640.00 81.32 0.5 0.5
125.00 640.00 81.09 0.5 0.5
130.00 640.00 82.83 0.5 0.5
135.00 640.00 75.92 0.5 0.5
140.00 640.00 79.14 1.0 0.0
145.00 640.00 82.25 1.0 0.0
150.00 640.00 82.51 1.0 0.0
155.00 640.00 80.61 1.0 0.0
160.00 640.00 82.14 1.0 0.0
165.00 640.00 77.69 1.0 0.0
170.00 640.00 73.42 1.0 0.0
175.00 640.00 65.99 1.0 0.0
180.00 640.00 70.09 1.0 0.0
0.00 650.00 77.18 0.0 1.0
5.00 650.00 77.08 0.0 1.0
10.00 650.00 69.92 0.0 1.0
15.00 650.00 75.89 0.0 1.0
20.00 650.00 80.67 0.0 1.0
25.00 650.00 86.14 0.0 1.0
30.00 650.00 87.23 0.0 1.0
35.00 650.00 84.29 0.0 1.0
40.00 650.00 85.20 0.0 1.0
45.00 650.00 87.61 0.5 0.5
50.00 650.00 87.72 0.5 0.5
55.00 650.00 87.44 0.5 0.5
60.00 650.00 85.85 0.5 0.5
65.00 650.00 85.13 0.5 0.5
70.00 650.00 83.49 0.5 0.5
75.00 650.00 82.76 0.5 0.5
80.00 650.00 81.18 0.5 0.5
85.00 650.00 78.37 0.5 0.5
90.00 650.00 69.51 0.5 0.5
95.00 650.00 75.79 0.5 0.5
100.00 650.00 82.21 0.5 0.5
105.00 650.00 82.53 0.5 0.5
110.00 650.00 79.05 0.5 0.5
115.00 650.00 76.54 0.5 0.5
120.00 650.00 78.11 0.5 0.5
125.00 650.00 70.46 0.5 0.5
130.00 650.00 75.44 0.5 0.5
135.00 650.00 76.24 0.5 0.5
140.00 650.00 77.63 1.0 0.0
145.00 650.00 77.28 1.0 0.0
150.00 650.00 72.14 1.0 0.0
155.00 650.00 78.12 1.0 0.0
160.00 650.00 77.31 1.0 0.0
165.00 650.00 80.45 1.0 0.0
170.00 650.00 74.70 1.0 0.0
175.00 650.00 70.14 1.0 0.0
180.00 650.00 70.09 1.0 0.0
0.00 660.00 77.18 0.0 1.0
5.00 660.00 72.34 0.0 1.0
10.00 660.00 73.58 0.0 1.0
15.00 660.00 82.75 0.0 1.0
20.00 660.00 86.81 0.0 1.0
25.00 660.00 87.80 0.0 1.0
30.00 660.00 86.93 0.0 1.0
35.00 660.00 84.81 0.0 1.0
40.00 660.00 81.63 0.0 1.0
45.00 660.00 80.45 0.5 0.5
50.00 660.00 78.58 0.5 0.5
55.00 660.00 77.91 0.5 0.5
60.00 660.00 75.92 0.5 0.5
65.00 660.00 77.13 0.5 0.5
70.00 660.00 75.23 0.5 0.5
75.00 660.00 77.54 0.5 0.5
80.00 660.00 80.29 0.5 0.5
85.00 660.00 82.41 0.5 0.5
90.00 660.00 83.95 0.5 0.5
95.00 660.00 84.32 0.5 0.5
100.00 660.00 83.03 0.5 0.5
105.00 660.00 80.23 0.5 0.5
110.00 660.00 68.36 0.5 0.5
115.00 660.00 80.00 0.5 0.5
120.00 660.00 83.21 0.5 0.5
125.00 660.00 79.57 0.5 0.5
130.00 660.00 78.12 0.5 0.5
135.00 660.00 72.97 0.5 0.5
140.00 660.00 73.13 1.0 0.0
145.00 660.00 76.47 1.0 0.0
150.00 660.00 73.44 1.0 0.0
155.00 660.00 65.62 1.0 0.0
160.00 660.00 75.38 1.0 0.0
165.00 660.00 75.92 1.0 0.0
170.00 660.00 77.46 1.0 0.0
175.00 660.00 74.26 1.0 0.0
180.00 660.00 70.09 1.0 0.0
0.00 670.00 77.18 0.0 1.0
5.00 670.00 69.15 0.0 1.0
10.00 670.00 81.78 0.0 1.0
15.00 670.00 85.75 0.0 1.0
20.00 670.00 85.84 0.0 1.0
25.00 670.00 83.50 0.0 1.0
30.00 670.00 82.36 0.0 1.0
35.00 670.00 84.15 0.0 1.0
40.00 670.00 85.82 0.0 1.0
45.00 670.00 86.79 0.5 0.5
50.00 670.00 87.37 0.5 0.5
55.00 670.00 86.98 0.5 0.5
60.00 670.00 86.57 0.5 0.5
65.00 670.00 86.28 0.5 0.5
70.00 670.00 86.67 0.5 0.5
75.00 670.00 87.60 0.5 0.5
80.00 670.00 88.61 0.5 0.5
85.00 670.00 88.88 0.5 0.5
90.00 670.00 87.42 0.5 0.5
95.00 670.00 81.98 0.5 0.5
100.00 670.00 77.42 0.5 0.5
105.00 670.00 86.71 0.5 0.5
110.00 670.00 87.81 0.5 0.5
115.00 670.00 82.98 0.5 0.5
120.00 670.00 80.98 0.5 0.5
125.00 670.00 80.89 0.5 0.5
130.00 670.00 79.05 0.5 0.5
135.00 670.00 84.69 0.5 0.5
140.00 670.00 78.63 1.0 0.0
145.00 670.00 74.82 1.0 0.0
150.00 670.00 81.07 1.0 0.0
155.00 670.00 78.15 1.0 0.0
160.00 670.00 75.39 1.0 0.0
165.00 670.00 67.04 1.0 0.0
170.00 670.00 80.07 1.0 0.0
175.00 670.00 76.06 1.0 0.0
180.00 670.00 70.09 1.0 0.0
0.00 680.00 77.18 0.0 1.0
5.00 680.00 73.59 0.0 1.0
10.00 680.00 85.26 0.0 1.0
15.00 680.00 87.81 0.0 1.0
20.00 680.00 84.97 0.0 1.0
25.00 680.00 74.08 0.0 1.0
30.00 680.00 84.79 0.0 1.0
35.00 680.00 88.07 0.0 1.0
40.00 680.00 88.42 0.0 1.0
45.00 680.00 88.00 0.5 0.5
50.00 680.00 85.78 0.5 0.5
55.00 680.00 82.50 0.5 0.5
60.00 680.00 77.36 0.5 0.5
65.00 680.00 78.52 0.5 0.5
70.00 680.00 83.66 0.5 0.5
75.00 680.00 86.99 0.5 0.5
80.00 680.00 89.22 0.5 0.5
85.00 680.00 90.61 0.5 0.5
90.00 680.00 90.66 0.5 0.5
95.00 680.00 89.05 0.5 0.5
100.00 680.00 86.94 0.5 0.5
105.00 680.00 87.38 0.5 0.5
110.00 680.00 86.90 0.5 0.5
115.00 680.00 80.80 0.5 0.5
120.00 680.00 86.06 0.5 0.5
125.00 680.00 88.99 0.5 0.5
130.00 680.00 85.06 0.5 0.5
135.00 680.00 79.02 0.5 0.5
140.00 680.00 86.34 1.0 0.0
145.00 680.00 81.76 1.0 0.0
150.00 680.00 70.83 1.0 0.0
155.00 680.00 77.86 1.0 0.0
160.00 680.00 73.15 1.0 0.0
165.00 680.00 77.35 1.0 0.0
170.00 680.00 80.53 1.0 0.0
175.00 680.00 76.10 1.0 0.0
180.00 680.00 70.09 1.0 0.0
0.00 690.00 77.18 0.0 1.0
5.00 690.00 76.11 0.0 1.0
10.00 690.00 85.23 0.0 1.0
15.00 690.00 84.80 0.0 1.0
20.00 690.00 80.20 0.0 1.0
25.00 690.00 87.30 0.0 1.0
30.00 690.00 91.08 0.0 1.0
35.00 690.00 91.72 0.0 1.0
40.00 690.00 88.98 0.0 1.0
45.00 690.00 82.21 0.5 0.5
50.00 690.00 79.03 0.5 0.5
55.00 690.00 91.15 0.5 0.5
60.00 690.00 95.01 0.5 0.5
65.00 690.00 96.73 0.5 0.5
70.00 690.00 96.39 0.5 0.5
75.00 690.00 94.28 0.5 0.5
80.00 690.00 90.88 0.5 0.5
85.00 690.00 89.15 0.5 0.5
90.00 690.00 89.10 0.5 0.5
95.00 690.00 87.16 0.5 0.5
100.00 690.00 87.88 0.5 0.5
105.00 690.00 92.16 0.5 0.5
110.00 690.00 93.62 0.5 0.5
115.00 690.00 90.68 0.5 0.5
120.00 690.00 80.15 0.5 0.5
125.00 690.00 87.88 0.5 0.5
130.00 690.00 90.68 0.5 0.5
135.00 690.00 85.59 0.5 0.5
140.00 690.00 78.28 1.0 0.0
145.00 690.00 82.60 1.0 0.0
150.00 690.00 82.47 1.0 0.0
155.00 690.00 81.27 1.0 0.0
160.00 690.00 78.91 1.0 0.0
165.00 690.00 79.43 1.0 0.0
170.00 690.00 77.92 1.0 0.0
175.00 690.00 74.30 1.0 0.0
180.00 690.00 70.09 1.0 0.0
0.00 700.00 77.18 0.0 1.0
5.00 700.00 76.25 0.0 1.0
10.00 700.00 82.48 0.0 1.0
15.00 700.00 78.11 0.0 1.0
20.00 700.00 78.78 0.0 1.0
25.00 700.00 84.70 0.0 1.0
30.00 700.00 84.21 0.0 1.0
35.00 700.00 85.37 0.0 1.0
40.00 700.00 86.11 0.0 1.0
45.00 700.00 81.71 0.5 0.5
50.00 700.00 92.52 0.5 0.5
55.00 700.00 98.46 0.5 0.5
60.00 700.00 99.77 0.5 0.5
65.00 700.00 98.57 0.5 0.5
70.00 700.00 95.09 0.5 0.5
75.00 700.00 95.46 0.5 0.5
80.00 700.00 98.48 0.5 0.5
85.00 700.00 99.89 0.5 0.5
90.00 700.00 99.65 0.5 0.5
95.00 700.00 97.45 0.5 0.5
100.00 700.00 92.65 0.5 0.5
105.00 700.00 88.60 0.5 0.5
110.00 700.00 92.41 0.5 0.5
115.00 700.00 92.78 0.5 0.5
120.00 700.00 89.05 0.5 0.5
125.00 700.00 85.33 0.5 0.5
130.00 700.00 90.63 0.5 0.5
135.00 700.00 89.51 0.5 0.5
140.00 700.00 86.36 1.0 0.0
145.00 700.00 81.61 1.0 0.0
150.00 700.00 80.95 1.0 0.0
155.00 700.00 83.15 1.0 0.0
160.00 700.00 79.46 1.0 0.0
165.00 700.00 74.23 1.0 0.0
170.00 700.00 69.96 1.0 0.0
175.00 700.00 70.26 1.0 0.0
180.00 700.00 70.09 1.0 0.0
0.00 710.00 77.18 0.0 1.0
5.00 710.00 74.30 0.0 1.0
10.00 710.00 82.27 0.0 1.0
15.00 710.00 82.74 0.0 1.0
20.00 710.00 79.70 0.0 1.0
25.00 710.00 88.74 0.0 1.0
30.00 710.00 89.02 0.0 1.0
35.00 710.00 82.18 0.0 1.0
40.00 710.00 92.28 0.0 1.0
45.00 710.00 88.85 0.5 0.5
50.00 710.00 92.31 0.5 0.5
55.00 710.00 98.52 0.5 0.5
60.00 710.00 97.11 0.5 0.5
65.00 710.00 87.16 0.5 0.5
70.00 710.00 92.75 0.5 0.5
75.00 710.00 97.03 0.5 0.5
80.00 710.00 97.28 0.5 0.5
85.00 710.00 96.29 0.5 0.5
90.00 710.00 95.11 0.5 0.5
95.00 710.00 94.02 0.5 0.5
100.00 710.00 92.80 0.5 0.5
105.00 710.00 91.22 0.5 0.5
110.00 710.00 90.82 0.5 0.5
115.00 710.00 92.42 0.5 0.5
120.00 710.00 92.48 0.5 0.5
125.00 710.00 88.71 0.5 0.5
130.00 710.00 87.96 0.5 0.5
135.00 710.00 87.68 0.5 0.5
140.00 710.00 87.78 1.0 0.0
145.00 710.00 88.83 1.0 0.0
150.00 710.00 85.15 1.0 0.0
155.00 710.00 82.45 1.0 0.0
160.00 710.00 82.33 1.0 0.0
165.00 710.00 78.66 1.0 0.0
170.00 710.00 74.51 1.0 0.0
175.00 710.00 67.99 1.0 0.0
180.00 710.00 70.09 1.0 0.0
0.00 720.00 77.18 0.0 1.0
5.00 720.00 70.67 0.0 1.0
10.00 720.00 85.15 0.0 1.0
15.00 720.00 82.31 0.0 1.0
20.00 720.00 85.28 0.0 1.0
25.00 720.00 85.14 0.0 1.0
30.00 720.00 83.27 0.0 1.0
35.00 720.00 85.35 0.0 1.0
40.00 720.00 92.76 0.0 1.0
45.00 720.00 93.94 0.5 0.5
50.00 720.00 89.59 0.5 0.5
55.00 720.00 98.13 0.5 0.5
60.00 720.00 95.11 0.5 0.5
65.00 720.00 92.57 0.5 0.5
70.00 720.00 95.66 0.5 0.5
75.00 720.00 93.04 0.5 0.5
80.00 720.00 94.61 0.5 0.5
85.00 720.00 97.07 0.5 0.5
90.00 720.00 97.23 0.5 0.5
95.00 720.00 96.45 0.5 0.5
100.00 720.00 95.22 0.5 0.5
105.00 720.00 94.02 0.5 0.5
110.00 720.00 92.57 0.5 0.5
115.00 720.00 92.98 0.5 0.5
120.00 720.00 93.92 0.5 0.5
125.00 720.00 92.23 0.5 0.5
130.00 720.00 89.38 0.5 0.5
135.00 720.00 88.47 0.5 0.5
140.00 720.00 88.55 1.0 0.0
145.00 720.00 85.18 1.0 0.0
150.00 720.00 82.12 1.0 0.0
155.00 720.00 84.51 1.0 0.0
160.00 720.00 79.45 1.0 0.0
165.00 720.00 80.04 1.0 0.0
170.00 720.00 79.92 1.0 0.0
175.00 720.00 72.86 1.0 0.0
180.00 720.00 70.09 1.0 0.0
