# Radiation Pattern Data
# Generated from: long_wire_2200m_49.out
# Frequency: 136.0 MHz
# Format: Theta Phi Gain_dBi Phase_deg
# Theta: elevation angle (0-180 degrees)
# Phi: azimuth angle (0-360 degrees)
0.0 0.0 0.00 -0.0
5.0 0.0 0.00 0.0
10.0 0.0 0.00 0.0
15.0 0.0 0.00 0.0
20.0 0.0 0.00 0.0
25.0 0.0 0.00 0.0
30.0 0.0 0.00 0.0
35.0 0.0 0.00 -0.0
40.0 0.0 0.00 -0.0
45.0 0.0 0.00 0.0
50.0 0.0 0.00 0.0
55.0 0.0 0.00 -0.0
60.0 0.0 0.00 0.0
65.0 0.0 0.00 -0.0
70.0 0.0 0.00 -0.0
75.0 0.0 0.00 0.0
80.0 0.0 0.00 -0.0
85.0 0.0 0.00 -0.0
90.0 0.0 0.00 0.0
95.0 0.0 0.00 0.0
100.0 0.0 0.00 -0.0
105.0 0.0 0.00 0.0
110.0 0.0 0.00 0.0
115.0 0.0 0.00 -0.0
120.0 0.0 0.00 0.0
125.0 0.0 0.00 0.0
130.0 0.0 0.00 -0.0
135.0 0.0 0.00 0.0
140.0 0.0 0.00 0.0
145.0 0.0 0.00 -0.0
150.0 0.0 0.00 -0.0
155.0 0.0 0.00 0.0
160.0 0.0 0.00 0.0
165.0 0.0 0.00 0.0
170.0 0.0 0.00 0.0
175.0 0.0 0.00 -0.0
180.0 0.0 0.00 -0.0
0.0 10.0 0.00 -10.0
5.0 10.0 0.00 -9.4
10.0 10.0 0.00 -9.5
15.0 10.0 0.01 -10.1
20.0 10.0 0.02 -10.6
25.0 10.0 0.00 -12.6
30.0 10.0 0.03 -11.6
35.0 10.0 0.01 -11.6
40.0 10.0 0.01 -13.4
45.0 10.0 0.01 -13.8
50.0 10.0 0.01 -15.0
55.0 10.0 0.00 -17.3
60.0 10.0 0.00 -19.1
65.0 10.0 0.00 -22.9
70.0 10.0 0.00 -27.0
75.0 10.0 0.00 -34.4
80.0 10.0 0.00 -45.3
85.0 10.0 0.00 -63.7
90.0 10.0 0.00 90.0
95.0 10.0 0.00 63.7
100.0 10.0 0.00 45.6
105.0 10.0 0.00 34.3
110.0 10.0 0.00 27.1
115.0 10.0 0.00 22.9
120.0 10.0 0.00 19.7
125.0 10.0 0.01 16.9
130.0 10.0 0.00 14.9
135.0 10.0 0.01 13.9
140.0 10.0 0.01 13.2
145.0 10.0 0.00 12.8
150.0 10.0 0.01 12.8
155.0 10.0 0.03 11.0
160.0 10.0 0.02 10.6
165.0 10.0 0.00 9.8
170.0 10.0 0.01 9.6
175.0 10.0 0.00 9.4
180.0 10.0 0.00 10.0
0.0 20.0 0.00 -20.0
5.0 20.0 0.01 -19.6
10.0 20.0 0.03 -19.4
15.0 20.0 0.01 -21.5
20.0 20.0 0.01 -21.3
25.0 20.0 0.01 -21.7
30.0 20.0 0.01 -23.2
35.0 20.0 0.01 -24.6
40.0 20.0 0.00 -24.9
45.0 20.0 0.01 -27.1
50.0 20.0 0.00 -29.7
55.0 20.0 0.01 -32.8
60.0 20.0 0.00 -35.8
65.0 20.0 0.00 -40.6
70.0 20.0 0.00 -46.9
75.0 20.0 0.00 -54.5
80.0 20.0 0.00 -64.4
85.0 20.0 0.00 -76.6
90.0 20.0 0.00 90.0
95.0 20.0 0.00 76.5
100.0 20.0 0.00 64.6
105.0 20.0 0.00 54.7
110.0 20.0 0.00 46.8
115.0 20.0 0.00 40.8
120.0 20.0 0.00 36.2
125.0 20.0 0.00 32.8
130.0 20.0 0.00 29.7
135.0 20.0 0.01 27.1
140.0 20.0 0.00 24.8
145.0 20.0 0.01 23.6
150.0 20.0 0.00 23.6
155.0 20.0 0.01 22.5
160.0 20.0 0.01 21.1
165.0 20.0 0.01 20.1
170.0 20.0 0.02 18.8
175.0 20.0 0.00 19.5
180.0 20.0 0.00 20.0
0.0 30.0 0.00 -30.0
5.0 30.0 0.01 -29.0
10.0 30.0 0.04 -29.9
15.0 30.0 0.01 -31.2
20.0 30.0 0.00 -32.4
25.0 30.0 0.01 -32.5
30.0 30.0 0.01 -33.7
35.0 30.0 0.00 -35.6
40.0 30.0 0.00 -37.4
45.0 30.0 0.00 -38.9
50.0 30.0 0.00 -42.0
55.0 30.0 0.00 -45.3
60.0 30.0 0.00 -48.9
65.0 30.0 0.00 -53.8
70.0 30.0 0.00 -59.6
75.0 30.0 0.00 -65.9
80.0 30.0 0.00 -73.3
85.0 30.0 0.00 -81.4
90.0 30.0 0.00 90.0
95.0 30.0 0.00 81.4
100.0 30.0 0.00 73.2
105.0 30.0 0.00 65.8
110.0 30.0 0.00 59.6
115.0 30.0 0.00 53.7
120.0 30.0 0.00 49.3
125.0 30.0 0.00 45.1
130.0 30.0 0.00 41.8
135.0 30.0 0.01 39.3
140.0 30.0 0.00 37.4
145.0 30.0 0.00 34.9
150.0 30.0 0.00 33.4
155.0 30.0 0.00 32.9
160.0 30.0 0.00 30.6
165.0 30.0 0.00 31.7
170.0 30.0 0.03 29.1
175.0 30.0 0.02 29.1
180.0 30.0 0.00 30.0
0.0 40.0 0.00 -40.0
5.0 40.0 0.01 -39.4
10.0 40.0 0.00 -41.4
15.0 40.0 0.01 -41.1
20.0 40.0 0.01 -42.2
25.0 40.0 0.00 -43.1
30.0 40.0 0.01 -43.8
35.0 40.0 0.01 -45.3
40.0 40.0 0.00 -47.4
45.0 40.0 0.00 -49.6
50.0 40.0 0.00 -52.5
55.0 40.0 0.00 -55.9
60.0 40.0 0.00 -59.3
65.0 40.0 0.00 -63.4
70.0 40.0 0.00 -67.8
75.0 40.0 0.00 -72.8
80.0 40.0 0.00 -78.2
85.0 40.0 0.00 -84.1
90.0 40.0 0.00 90.0
95.0 40.0 0.00 84.1
100.0 40.0 0.00 78.4
105.0 40.0 0.00 72.8
110.0 40.0 0.00 67.9
115.0 40.0 0.00 63.3
120.0 40.0 0.00 59.1
125.0 40.0 0.00 55.9
130.0 40.0 0.00 52.3
135.0 40.0 0.00 50.1
140.0 40.0 0.01 47.5
145.0 40.0 0.00 46.1
150.0 40.0 0.01 43.3
155.0 40.0 0.01 42.6
160.0 40.0 0.01 41.3
165.0 40.0 0.00 40.3
170.0 40.0 0.01 41.4
175.0 40.0 0.01 39.5
180.0 40.0 0.00 40.0
0.0 50.0 0.00 -50.0
5.0 50.0 0.01 -49.5
10.0 50.0 0.01 -50.6
15.0 50.0 0.01 -50.8
20.0 50.0 0.01 -52.0
25.0 50.0 0.00 -52.0
30.0 50.0 0.01 -54.1
35.0 50.0 0.00 -55.5
40.0 50.0 0.00 -57.6
45.0 50.0 0.00 -59.5
50.0 50.0 0.00 -61.8
55.0 50.0 0.00 -64.2
60.0 50.0 0.00 -67.2
65.0 50.0 0.00 -70.2
70.0 50.0 0.00 -74.3
75.0 50.0 0.00 -77.7
80.0 50.0 0.00 -81.7
85.0 50.0 0.00 -85.8
90.0 50.0 0.00 90.0
95.0 50.0 0.00 85.8
100.0 50.0 0.00 81.7
105.0 50.0 0.00 77.7
110.0 50.0 0.00 74.2
115.0 50.0 0.00 70.3
120.0 50.0 0.00 67.3
125.0 50.0 0.00 64.1
130.0 50.0 0.00 62.0
135.0 50.0 0.00 59.1
140.0 50.0 0.00 57.6
145.0 50.0 0.00 55.5
150.0 50.0 0.00 53.8
155.0 50.0 0.01 52.8
160.0 50.0 0.01 51.5
165.0 50.0 0.00 51.6
170.0 50.0 0.01 51.0
175.0 50.0 0.02 49.7
180.0 50.0 0.00 50.0
0.0 60.0 0.00 -60.0
5.0 60.0 0.02 -59.9
10.0 60.0 0.00 -59.1
15.0 60.0 0.02 -61.3
20.0 60.0 0.00 -61.0
25.0 60.0 0.00 -62.6
30.0 60.0 0.01 -63.5
35.0 60.0 0.00 -64.9
40.0 60.0 0.00 -66.2
45.0 60.0 0.00 -67.7
50.0 60.0 0.01 -69.5
55.0 60.0 0.00 -71.9
60.0 60.0 0.00 -73.9
65.0 60.0 0.00 -76.1
70.0 60.0 0.00 -78.9
75.0 60.0 0.00 -81.5
80.0 60.0 0.00 -84.1
85.0 60.0 0.00 -87.1
90.0 60.0 0.00 90.0
95.0 60.0 0.00 87.2
100.0 60.0 0.00 84.4
105.0 60.0 0.00 81.5
110.0 60.0 0.00 78.8
115.0 60.0 0.00 76.2
120.0 60.0 0.00 74.0
125.0 60.0 0.00 71.8
130.0 60.0 0.00 69.2
135.0 60.0 0.00 67.9
140.0 60.0 0.00 66.1
145.0 60.0 0.00 64.4
150.0 60.0 0.01 63.0
155.0 60.0 0.00 62.3
160.0 60.0 0.00 62.0
165.0 60.0 0.01 59.8
170.0 60.0 0.01 59.3
175.0 60.0 0.02 60.2
180.0 60.0 0.00 60.0
0.0 70.0 0.00 -70.0
5.0 70.0 0.05 -68.8
10.0 70.0 0.00 -69.5
15.0 70.0 0.01 -70.6
20.0 70.0 0.02 -70.7
25.0 70.0 0.01 -71.7
30.0 70.0 0.00 -72.0
35.0 70.0 0.00 -73.0
40.0 70.0 0.00 -74.7
45.0 70.0 0.00 -75.3
50.0 70.0 0.01 -76.6
55.0 70.0 0.00 -78.5
60.0 70.0 0.00 -79.6
65.0 70.0 0.00 -81.2
70.0 70.0 0.00 -82.9
75.0 70.0 0.00 -84.4
80.0 70.0 0.00 -86.1
85.0 70.0 0.00 -88.2
90.0 70.0 0.00 90.0
95.0 70.0 0.00 88.3
100.0 70.0 0.00 86.6
105.0 70.0 0.00 84.6
110.0 70.0 0.00 83.0
115.0 70.0 0.00 81.3
120.0 70.0 0.00 79.8
125.0 70.0 0.00 78.3
130.0 70.0 0.00 76.2
135.0 70.0 0.00 75.8
140.0 70.0 0.00 74.6
145.0 70.0 0.00 73.8
150.0 70.0 0.01 72.2
155.0 70.0 0.00 71.4
160.0 70.0 0.01 71.6
165.0 70.0 0.00 71.2
170.0 70.0 0.00 69.5
175.0 70.0 0.05 69.5
180.0 70.0 0.00 70.0
0.0 80.0 0.00 -80.0
5.0 80.0 0.02 -79.5
10.0 80.0 0.03 -80.1
15.0 80.0 0.00 -79.8
20.0 80.0 0.00 -80.9
25.0 80.0 0.00 -81.4
30.0 80.0 0.01 -81.4
35.0 80.0 0.00 -82.1
40.0 80.0 0.00 -82.6
45.0 80.0 0.01 -82.7
50.0 80.0 0.00 -83.6
55.0 80.0 0.00 -84.1
60.0 80.0 0.00 -85.7
65.0 80.0 0.00 -85.6
70.0 80.0 0.01 -87.1
75.0 80.0 0.01 -87.3
80.0 80.0 0.01 -88.0
85.0 80.0 0.01 -89.6
90.0 80.0 0.00 90.0
95.0 80.0 0.01 89.6
100.0 80.0 0.01 88.3
105.0 80.0 0.00 87.2
110.0 80.0 0.00 87.3
115.0 80.0 0.00 85.4
120.0 80.0 0.01 84.3
125.0 80.0 0.00 84.2
130.0 80.0 0.00 83.6
135.0 80.0 0.01 82.8
140.0 80.0 0.00 82.6
145.0 80.0 0.00 81.5
150.0 80.0 0.01 80.9
155.0 80.0 0.01 81.2
160.0 80.0 0.00 80.3
165.0 80.0 0.01 80.3
170.0 80.0 0.03 79.3
175.0 80.0 0.02 79.7
180.0 80.0 0.00 80.0
0.0 90.0 0.00 90.0
5.0 90.0 0.02 89.7
10.0 90.0 0.01 89.6
15.0 90.0 0.01 -89.6
20.0 90.0 0.01 89.8
25.0 90.0 0.01 -89.7
30.0 90.0 0.00 89.8
35.0 90.0 0.00 -89.8
40.0 90.0 0.00 90.0
45.0 90.0 0.01 -89.7
50.0 90.0 0.00 -89.7
55.0 90.0 0.00 89.6
60.0 90.0 0.01 89.9
65.0 90.0 0.00 -89.7
70.0 90.0 0.00 89.6
75.0 90.0 0.01 -89.5
80.0 90.0 0.01 89.8
85.0 90.0 0.02 -89.7
90.0 90.0 0.00 -90.0
95.0 90.0 0.01 -88.8
100.0 90.0 0.01 89.4
105.0 90.0 0.01 90.0
110.0 90.0 0.01 -89.7
115.0 90.0 0.00 89.7
120.0 90.0 0.01 90.0
125.0 90.0 0.01 -89.9
130.0 90.0 0.00 89.8
135.0 90.0 0.01 -90.0
140.0 90.0 0.00 90.0
145.0 90.0 0.00 -89.7
150.0 90.0 0.00 -89.7
155.0 90.0 0.00 89.7
160.0 90.0 0.01 89.8
165.0 90.0 0.01 89.6
170.0 90.0 0.01 -89.9
175.0 90.0 0.02 -89.4
180.0 90.0 0.00 -90.0
0.0 100.0 0.00 80.0
5.0 100.0 0.04 81.5
10.0 100.0 0.01 80.3
15.0 100.0 0.00 81.1
20.0 100.0 0.01 80.0
25.0 100.0 0.00 80.7
30.0 100.0 0.01 81.3
35.0 100.0 0.00 81.4
40.0 100.0 0.00 81.7
45.0 100.0 0.01 83.5
50.0 100.0 0.00 83.5
55.0 100.0 0.00 84.3
60.0 100.0 0.00 84.6
65.0 100.0 0.02 85.9
70.0 100.0 0.01 86.3
75.0 100.0 0.01 88.3
80.0 100.0 0.01 88.6
85.0 100.0 0.00 88.9
90.0 100.0 0.00 -90.0
95.0 100.0 0.00 -88.9
100.0 100.0 0.01 -88.2
105.0 100.0 0.02 -87.4
110.0 100.0 0.00 -86.1
115.0 100.0 0.01 -86.9
120.0 100.0 0.00 -85.3
125.0 100.0 0.00 -84.3
130.0 100.0 0.00 -83.4
135.0 100.0 0.01 -82.6
140.0 100.0 0.00 -81.7
145.0 100.0 0.00 -82.2
150.0 100.0 0.00 -81.6
155.0 100.0 0.00 -80.8
160.0 100.0 0.01 -81.2
165.0 100.0 0.01 -80.6
170.0 100.0 0.01 -80.6
175.0 100.0 0.04 -81.0
180.0 100.0 0.00 -80.0
0.0 110.0 0.00 70.0
5.0 110.0 0.02 70.6
10.0 110.0 0.00 72.0
15.0 110.0 0.01 70.8
20.0 110.0 0.01 71.5
25.0 110.0 0.01 72.2
30.0 110.0 0.00 73.1
35.0 110.0 0.00 73.6
40.0 110.0 0.00 74.1
45.0 110.0 0.00 75.8
50.0 110.0 0.01 77.0
55.0 110.0 0.00 77.3
60.0 110.0 0.00 79.8
65.0 110.0 0.00 81.5
70.0 110.0 0.00 82.8
75.0 110.0 0.00 85.0
80.0 110.0 0.00 86.7
85.0 110.0 0.00 88.2
90.0 110.0 0.00 -90.0
95.0 110.0 0.00 -88.1
100.0 110.0 0.00 -86.1
105.0 110.0 0.01 -84.5
110.0 110.0 0.00 -82.8
115.0 110.0 0.00 -81.4
120.0 110.0 0.00 -79.6
125.0 110.0 0.01 -77.8
130.0 110.0 0.00 -77.2
135.0 110.0 0.00 -75.3
140.0 110.0 0.00 -74.2
145.0 110.0 0.00 -73.2
150.0 110.0 0.01 -73.0
155.0 110.0 0.01 -72.3
160.0 110.0 0.01 -70.7
165.0 110.0 0.00 -69.9
170.0 110.0 0.01 -71.9
175.0 110.0 0.02 -70.4
180.0 110.0 0.00 -70.0
0.0 120.0 0.00 60.0
5.0 120.0 0.02 60.4
10.0 120.0 0.01 61.2
15.0 120.0 0.01 60.7
20.0 120.0 0.01 62.1
25.0 120.0 0.01 62.2
30.0 120.0 0.01 63.3
35.0 120.0 0.01 64.5
40.0 120.0 0.00 65.6
45.0 120.0 0.01 67.8
50.0 120.0 0.01 69.7
55.0 120.0 0.01 71.4
60.0 120.0 0.00 76.2
65.0 120.0 0.01 76.5
70.0 120.0 0.00 78.8
75.0 120.0 0.00 81.5
80.0 120.0 0.00 84.5
85.0 120.0 0.00 87.3
90.0 120.0 0.00 -90.0
95.0 120.0 0.00 -87.1
100.0 120.0 0.00 -84.1
105.0 120.0 0.00 -81.5
110.0 120.0 0.00 -78.9
115.0 120.0 0.00 -76.8
120.0 120.0 0.02 -71.3
125.0 120.0 0.01 -72.3
130.0 120.0 0.00 -69.9
135.0 120.0 0.00 -67.6
140.0 120.0 0.01 -65.6
145.0 120.0 0.01 -65.0
150.0 120.0 0.01 -63.6
155.0 120.0 0.01 -63.0
160.0 120.0 0.01 -61.0
165.0 120.0 0.00 -61.4
170.0 120.0 0.01 -61.0
175.0 120.0 0.02 -60.1
180.0 120.0 0.00 -60.0
0.0 130.0 0.00 50.0
5.0 130.0 0.02 50.6
10.0 130.0 0.03 50.9
15.0 130.0 0.01 51.8
20.0 130.0 0.01 51.5
25.0 130.0 0.01 53.3
30.0 130.0 0.00 53.0
35.0 130.0 0.01 55.6
40.0 130.0 0.01 56.3
45.0 130.0 0.01 60.2
50.0 130.0 0.01 61.6
55.0 130.0 0.00 64.4
60.0 130.0 0.01 67.2
65.0 130.0 0.00 70.8
70.0 130.0 0.00 73.7
75.0 130.0 0.02 76.4
80.0 130.0 0.00 81.6
85.0 130.0 0.00 85.8
90.0 130.0 0.00 -90.0
95.0 130.0 0.00 -85.9
100.0 130.0 0.00 -81.8
105.0 130.0 0.03 -77.7
110.0 130.0 0.01 -73.8
115.0 130.0 0.00 -70.7
120.0 130.0 0.01 -67.1
125.0 130.0 0.00 -64.5
130.0 130.0 0.00 -61.4
135.0 130.0 0.02 -58.9
140.0 130.0 0.00 -56.3
145.0 130.0 0.01 -55.7
150.0 130.0 0.01 -53.6
155.0 130.0 0.01 -52.6
160.0 130.0 0.01 -52.1
165.0 130.0 0.01 -50.2
170.0 130.0 0.03 -50.2
175.0 130.0 0.03 -50.3
180.0 130.0 0.00 -50.0
0.0 140.0 0.00 40.0
5.0 140.0 0.02 40.9
10.0 140.0 0.01 39.0
15.0 140.0 0.01 40.6
20.0 140.0 0.01 41.5
25.0 140.0 0.03 41.1
30.0 140.0 0.01 44.2
35.0 140.0 0.01 46.0
40.0 140.0 0.00 47.9
45.0 140.0 0.01 49.9
50.0 140.0 0.00 51.1
55.0 140.0 0.00 55.2
60.0 140.0 0.01 59.4
65.0 140.0 0.00 63.0
70.0 140.0 0.01 67.9
75.0 140.0 0.00 73.2
80.0 140.0 0.01 78.5
85.0 140.0 0.00 84.0
90.0 140.0 0.00 -90.0
95.0 140.0 0.00 -84.1
100.0 140.0 0.01 -78.0
105.0 140.0 0.00 -72.5
110.0 140.0 0.01 -68.3
115.0 140.0 0.00 -63.0
120.0 140.0 0.01 -59.0
125.0 140.0 0.01 -55.6
130.0 140.0 0.02 -51.7
135.0 140.0 0.01 -49.5
140.0 140.0 0.00 -47.9
145.0 140.0 0.00 -45.3
150.0 140.0 0.01 -44.6
155.0 140.0 0.04 -44.1
160.0 140.0 0.01 -42.1
165.0 140.0 0.01 -41.8
170.0 140.0 0.00 -38.9
175.0 140.0 0.02 -40.6
180.0 140.0 0.00 -40.0
0.0 150.0 0.00 30.0
5.0 150.0 0.00 30.8
10.0 150.0 0.02 30.5
15.0 150.0 0.08 30.1
20.0 150.0 0.00 30.8
25.0 150.0 0.01 30.9
30.0 150.0 0.01 29.1
35.0 150.0 0.01 34.5
40.0 150.0 0.01 35.6
45.0 150.0 0.01 40.0
50.0 150.0 0.01 41.2
55.0 150.0 0.03 45.3
60.0 150.0 0.01 49.2
65.0 150.0 0.01 53.4
70.0 150.0 0.00 58.9
75.0 150.0 0.00 65.7
80.0 150.0 0.00 73.5
85.0 150.0 0.00 81.3
90.0 150.0 0.00 -90.0
95.0 150.0 0.00 -81.4
100.0 150.0 0.00 -72.9
105.0 150.0 0.00 -66.0
110.0 150.0 0.01 -59.1
115.0 150.0 0.00 -53.1
120.0 150.0 0.01 -49.1
125.0 150.0 0.01 -43.7
130.0 150.0 0.00 -41.0
135.0 150.0 0.02 -39.0
140.0 150.0 0.00 -35.6
145.0 150.0 0.00 -36.1
150.0 150.0 0.07 -31.5
155.0 150.0 0.03 -31.6
160.0 150.0 0.00 -32.4
165.0 150.0 0.01 -26.5
170.0 150.0 0.02 -31.0
175.0 150.0 0.01 -30.8
180.0 150.0 0.00 -30.0
0.0 160.0 0.00 20.0
5.0 160.0 0.01 21.0
10.0 160.0 0.01 20.9
15.0 160.0 0.00 19.0
20.0 160.0 0.03 22.9
25.0 160.0 0.02 21.4
30.0 160.0 0.02 22.6
35.0 160.0 0.00 23.1
40.0 160.0 0.01 25.9
45.0 160.0 0.04 27.0
50.0 160.0 0.01 30.9
55.0 160.0 0.00 31.6
60.0 160.0 0.01 36.2
65.0 160.0 0.01 40.2
70.0 160.0 0.00 47.3
75.0 160.0 0.01 54.7
80.0 160.0 0.00 64.7
85.0 160.0 0.00 76.4
90.0 160.0 0.00 -90.0
95.0 160.0 0.00 -76.4
100.0 160.0 0.00 -64.4
105.0 160.0 0.01 -54.8
110.0 160.0 0.00 -47.3
115.0 160.0 0.01 -40.8
120.0 160.0 0.01 -36.1
125.0 160.0 0.01 -32.1
130.0 160.0 0.01 -30.8
135.0 160.0 0.04 -26.0
140.0 160.0 0.01 -26.0
145.0 160.0 0.01 -24.8
150.0 160.0 0.01 -21.8
155.0 160.0 0.00 -20.6
160.0 160.0 0.02 -19.2
165.0 160.0 0.03 -20.6
170.0 160.0 0.01 -21.2
175.0 160.0 0.01 -21.1
180.0 160.0 0.00 -20.0
0.0 170.0 0.00 10.0
5.0 170.0 0.00 10.3
10.0 170.0 0.00 11.0
15.0 170.0 0.02 9.9
20.0 170.0 0.03 10.5
25.0 170.0 0.01 9.8
30.0 170.0 0.03 11.9
35.0 170.0 0.03 8.3
40.0 170.0 0.09 13.8
45.0 170.0 0.03 15.3
50.0 170.0 0.02 18.4
55.0 170.0 0.01 18.6
60.0 170.0 0.03 18.9
65.0 170.0 0.02 22.8
70.0 170.0 0.01 27.4
75.0 170.0 0.00 34.8
80.0 170.0 0.01 45.7
85.0 170.0 0.00 63.5
90.0 170.0 0.00 -90.0
95.0 170.0 0.00 -63.5
100.0 170.0 0.01 -45.4
105.0 170.0 0.01 -34.0
110.0 170.0 0.01 -26.9
115.0 170.0 0.01 -21.9
120.0 170.0 0.03 -19.8
125.0 170.0 0.03 -17.2
130.0 170.0 0.06 -15.8
135.0 170.0 0.02 -11.8
140.0 170.0 0.08 -15.5
145.0 170.0 0.07 -14.8
150.0 170.0 0.02 -10.5
155.0 170.0 0.02 -11.3
160.0 170.0 0.03 -11.0
165.0 170.0 0.01 -11.8
170.0 170.0 0.01 -10.8
175.0 170.0 0.00 -10.3
180.0 170.0 0.00 -10.0
0.0 180.0 0.00 -0.0
5.0 180.0 0.00 -0.0
10.0 180.0 0.00 -0.0
15.0 180.0 0.00 -0.0
20.0 180.0 0.00 -0.0
25.0 180.0 0.00 -0.0
30.0 180.0 0.00 -0.0
35.0 180.0 0.00 -0.0
40.0 180.0 0.00 -0.0
45.0 180.0 0.00 -0.0
50.0 180.0 0.00 -0.0
55.0 180.0 0.00 -0.0
60.0 180.0 0.00 -0.0
65.0 180.0 0.00 -0.0
70.0 180.0 0.00 -0.0
75.0 180.0 0.00 -0.0
80.0 180.0 0.00 -0.0
85.0 180.0 0.00 -0.0
90.0 180.0 0.00 0.0
95.0 180.0 0.00 0.0
100.0 180.0 0.00 0.0
105.0 180.0 0.00 0.0
110.0 180.0 0.00 0.0
115.0 180.0 0.00 0.0
120.0 180.0 0.00 0.0
125.0 180.0 0.00 0.0
130.0 180.0 0.00 0.0
135.0 180.0 0.00 0.0
140.0 180.0 0.00 0.0
145.0 180.0 0.00 0.0
150.0 180.0 0.00 0.0
155.0 180.0 0.00 0.0
160.0 180.0 0.00 0.0
165.0 180.0 0.00 0.0
170.0 180.0 0.00 0.0
175.0 180.0 0.00 0.0
180.0 180.0 0.00 0.0
0.0 190.0 0.00 -10.0
5.0 190.0 0.00 -10.3
10.0 190.0 0.00 -11.0
15.0 190.0 0.02 -9.9
20.0 190.0 0.03 -10.5
25.0 190.0 0.01 -9.8
30.0 190.0 0.03 -11.9
35.0 190.0 0.03 -8.3
40.0 190.0 0.09 -13.8
45.0 190.0 0.03 -15.3
50.0 190.0 0.02 -18.4
55.0 190.0 0.01 -18.6
60.0 190.0 0.03 -18.9
65.0 190.0 0.02 -22.8
70.0 190.0 0.01 -27.4
75.0 190.0 0.00 -34.8
80.0 190.0 0.01 -45.7
85.0 190.0 0.00 -63.5
90.0 190.0 0.00 90.0
95.0 190.0 0.00 63.5
100.0 190.0 0.01 45.4
105.0 190.0 0.01 34.0
110.0 190.0 0.01 26.9
115.0 190.0 0.01 21.9
120.0 190.0 0.03 19.8
125.0 190.0 0.03 17.2
130.0 190.0 0.06 15.8
135.0 190.0 0.02 11.8
140.0 190.0 0.08 15.5
145.0 190.0 0.07 14.8
150.0 190.0 0.02 10.5
155.0 190.0 0.02 11.3
160.0 190.0 0.03 11.0
165.0 190.0 0.01 11.8
170.0 190.0 0.01 10.8
175.0 190.0 0.00 10.3
180.0 190.0 0.00 10.0
0.0 200.0 0.00 -20.0
5.0 200.0 0.01 -21.0
10.0 200.0 0.01 -20.9
15.0 200.0 0.00 -19.0
20.0 200.0 0.03 -22.9
25.0 200.0 0.02 -21.4
30.0 200.0 0.02 -22.6
35.0 200.0 0.00 -23.1
40.0 200.0 0.01 -25.9
45.0 200.0 0.04 -27.0
50.0 200.0 0.01 -30.9
55.0 200.0 0.00 -31.6
60.0 200.0 0.01 -36.2
65.0 200.0 0.01 -40.2
70.0 200.0 0.00 -47.3
75.0 200.0 0.01 -54.7
80.0 200.0 0.00 -64.7
85.0 200.0 0.00 -76.4
90.0 200.0 0.00 90.0
95.0 200.0 0.00 76.4
100.0 200.0 0.00 64.4
105.0 200.0 0.01 54.8
110.0 200.0 0.00 47.3
115.0 200.0 0.01 40.8
120.0 200.0 0.01 36.1
125.0 200.0 0.01 32.1
130.0 200.0 0.01 30.8
135.0 200.0 0.04 26.0
140.0 200.0 0.01 26.0
145.0 200.0 0.01 24.8
150.0 200.0 0.01 21.8
155.0 200.0 0.00 20.6
160.0 200.0 0.02 19.2
165.0 200.0 0.03 20.6
170.0 200.0 0.01 21.2
175.0 200.0 0.01 21.1
180.0 200.0 0.00 20.0
0.0 210.0 0.00 -30.0
5.0 210.0 0.00 -30.8
10.0 210.0 0.02 -30.5
15.0 210.0 0.08 -30.1
20.0 210.0 0.00 -30.8
25.0 210.0 0.01 -30.9
30.0 210.0 0.01 -29.1
35.0 210.0 0.01 -34.5
40.0 210.0 0.01 -35.6
45.0 210.0 0.01 -40.0
50.0 210.0 0.01 -41.2
55.0 210.0 0.03 -45.3
60.0 210.0 0.01 -49.2
65.0 210.0 0.01 -53.4
70.0 210.0 0.00 -58.9
75.0 210.0 0.00 -65.7
80.0 210.0 0.00 -73.5
85.0 210.0 0.00 -81.3
90.0 210.0 0.00 90.0
95.0 210.0 0.00 81.4
100.0 210.0 0.00 72.9
105.0 210.0 0.00 66.0
110.0 210.0 0.01 59.1
115.0 210.0 0.00 53.1
120.0 210.0 0.01 49.1
125.0 210.0 0.01 43.7
130.0 210.0 0.00 41.0
135.0 210.0 0.02 39.0
140.0 210.0 0.00 35.6
145.0 210.0 0.00 36.1
150.0 210.0 0.07 31.5
155.0 210.0 0.03 31.6
160.0 210.0 0.00 32.4
165.0 210.0 0.01 26.5
170.0 210.0 0.02 31.0
175.0 210.0 0.01 30.8
180.0 210.0 0.00 30.0
0.0 220.0 0.00 -40.0
5.0 220.0 0.02 -40.9
10.0 220.0 0.01 -39.0
15.0 220.0 0.01 -40.6
20.0 220.0 0.01 -41.5
25.0 220.0 0.03 -41.1
30.0 220.0 0.01 -44.2
35.0 220.0 0.01 -46.0
40.0 220.0 0.00 -47.9
45.0 220.0 0.01 -49.9
50.0 220.0 0.00 -51.1
55.0 220.0 0.00 -55.2
60.0 220.0 0.01 -59.4
65.0 220.0 0.00 -63.0
70.0 220.0 0.01 -67.9
75.0 220.0 0.00 -73.2
80.0 220.0 0.01 -78.5
85.0 220.0 0.00 -84.0
90.0 220.0 0.00 90.0
95.0 220.0 0.00 84.1
100.0 220.0 0.01 78.0
105.0 220.0 0.00 72.5
110.0 220.0 0.01 68.3
115.0 220.0 0.00 63.0
120.0 220.0 0.01 59.0
125.0 220.0 0.01 55.6
130.0 220.0 0.02 51.7
135.0 220.0 0.01 49.5
140.0 220.0 0.00 47.9
145.0 220.0 0.00 45.3
150.0 220.0 0.01 44.6
155.0 220.0 0.04 44.1
160.0 220.0 0.01 42.1
165.0 220.0 0.01 41.8
170.0 220.0 0.00 38.9
175.0 220.0 0.02 40.6
180.0 220.0 0.00 40.0
0.0 230.0 0.00 -50.0
5.0 230.0 0.02 -50.6
10.0 230.0 0.03 -50.9
15.0 230.0 0.01 -51.8
20.0 230.0 0.01 -51.5
25.0 230.0 0.01 -53.3
30.0 230.0 0.00 -53.0
35.0 230.0 0.01 -55.6
40.0 230.0 0.01 -56.3
45.0 230.0 0.01 -60.2
50.0 230.0 0.01 -61.6
55.0 230.0 0.00 -64.4
60.0 230.0 0.01 -67.2
65.0 230.0 0.00 -70.8
70.0 230.0 0.00 -73.7
75.0 230.0 0.02 -76.4
80.0 230.0 0.00 -81.6
85.0 230.0 0.00 -85.8
90.0 230.0 0.00 90.0
95.0 230.0 0.00 85.9
100.0 230.0 0.00 81.8
105.0 230.0 0.03 77.7
110.0 230.0 0.01 73.8
115.0 230.0 0.00 70.7
120.0 230.0 0.01 67.1
125.0 230.0 0.00 64.5
130.0 230.0 0.00 61.4
135.0 230.0 0.02 58.9
140.0 230.0 0.00 56.3
145.0 230.0 0.01 55.7
150.0 230.0 0.01 53.6
155.0 230.0 0.01 52.6
160.0 230.0 0.01 52.1
165.0 230.0 0.01 50.2
170.0 230.0 0.03 50.2
175.0 230.0 0.03 50.3
180.0 230.0 0.00 50.0
0.0 240.0 0.00 -60.0
5.0 240.0 0.02 -60.4
10.0 240.0 0.01 -61.2
15.0 240.0 0.01 -60.7
20.0 240.0 0.01 -62.1
25.0 240.0 0.01 -62.2
30.0 240.0 0.01 -63.3
35.0 240.0 0.01 -64.5
40.0 240.0 0.00 -65.6
45.0 240.0 0.01 -67.8
50.0 240.0 0.01 -69.7
55.0 240.0 0.01 -71.4
60.0 240.0 0.00 -76.2
65.0 240.0 0.01 -76.5
70.0 240.0 0.00 -78.8
75.0 240.0 0.00 -81.5
80.0 240.0 0.00 -84.5
85.0 240.0 0.00 -87.3
90.0 240.0 0.00 90.0
95.0 240.0 0.00 87.1
100.0 240.0 0.00 84.1
105.0 240.0 0.00 81.5
110.0 240.0 0.00 78.9
115.0 240.0 0.00 76.8
120.0 240.0 0.02 71.3
125.0 240.0 0.01 72.3
130.0 240.0 0.00 69.9
135.0 240.0 0.00 67.6
140.0 240.0 0.01 65.6
145.0 240.0 0.01 65.0
150.0 240.0 0.01 63.6
155.0 240.0 0.01 63.0
160.0 240.0 0.01 61.0
165.0 240.0 0.00 61.4
170.0 240.0 0.01 61.0
175.0 240.0 0.02 60.1
180.0 240.0 0.00 60.0
0.0 250.0 0.00 -70.0
5.0 250.0 0.02 -70.6
10.0 250.0 0.00 -72.0
15.0 250.0 0.01 -70.8
20.0 250.0 0.01 -71.5
25.0 250.0 0.01 -72.2
30.0 250.0 0.00 -73.1
35.0 250.0 0.00 -73.6
40.0 250.0 0.00 -74.1
45.0 250.0 0.00 -75.8
50.0 250.0 0.01 -77.0
55.0 250.0 0.00 -77.3
60.0 250.0 0.00 -79.8
65.0 250.0 0.00 -81.5
70.0 250.0 0.00 -82.8
75.0 250.0 0.00 -85.0
80.0 250.0 0.00 -86.7
85.0 250.0 0.00 -88.2
90.0 250.0 0.00 90.0
95.0 250.0 0.00 88.1
100.0 250.0 0.00 86.1
105.0 250.0 0.01 84.5
110.0 250.0 0.00 82.8
115.0 250.0 0.00 81.4
120.0 250.0 0.00 79.6
125.0 250.0 0.01 77.8
130.0 250.0 0.00 77.2
135.0 250.0 0.00 75.3
140.0 250.0 0.00 74.2
145.0 250.0 0.00 73.2
150.0 250.0 0.01 73.0
155.0 250.0 0.01 72.3
160.0 250.0 0.01 70.7
165.0 250.0 0.00 69.9
170.0 250.0 0.01 71.9
175.0 250.0 0.02 70.4
180.0 250.0 0.00 70.0
0.0 260.0 0.00 -80.0
5.0 260.0 0.04 -81.5
10.0 260.0 0.01 -80.3
15.0 260.0 0.00 -81.1
20.0 260.0 0.01 -80.0
25.0 260.0 0.00 -80.7
30.0 260.0 0.01 -81.3
35.0 260.0 0.00 -81.4
40.0 260.0 0.00 -81.7
45.0 260.0 0.01 -83.5
50.0 260.0 0.00 -83.5
55.0 260.0 0.00 -84.3
60.0 260.0 0.00 -84.6
65.0 260.0 0.02 -85.9
70.0 260.0 0.01 -86.3
75.0 260.0 0.01 -88.3
80.0 260.0 0.01 -88.6
85.0 260.0 0.00 -88.9
90.0 260.0 0.00 90.0
95.0 260.0 0.00 88.9
100.0 260.0 0.01 88.2
105.0 260.0 0.02 87.4
110.0 260.0 0.00 86.1
115.0 260.0 0.01 86.9
120.0 260.0 0.00 85.3
125.0 260.0 0.00 84.3
130.0 260.0 0.00 83.4
135.0 260.0 0.01 82.6
140.0 260.0 0.00 81.7
145.0 260.0 0.00 82.2
150.0 260.0 0.00 81.6
155.0 260.0 0.00 80.8
160.0 260.0 0.01 81.2
165.0 260.0 0.01 80.6
170.0 260.0 0.01 80.6
175.0 260.0 0.04 81.0
180.0 260.0 0.00 80.0
0.0 270.0 0.00 90.0
5.0 270.0 0.02 -89.7
10.0 270.0 0.01 -89.6
15.0 270.0 0.01 89.6
20.0 270.0 0.01 -89.8
25.0 270.0 0.01 89.7
30.0 270.0 0.00 -89.8
35.0 270.0 0.00 89.8
40.0 270.0 0.00 -90.0
45.0 270.0 0.01 89.7
50.0 270.0 0.00 89.7
55.0 270.0 0.00 -89.6
60.0 270.0 0.01 -89.9
65.0 270.0 0.00 89.7
70.0 270.0 0.00 -89.6
75.0 270.0 0.01 89.5
80.0 270.0 0.01 -89.8
85.0 270.0 0.02 89.7
90.0 270.0 0.00 90.0
95.0 270.0 0.01 88.8
100.0 270.0 0.01 -89.4
105.0 270.0 0.01 -90.0
110.0 270.0 0.01 89.7
115.0 270.0 0.00 -89.7
120.0 270.0 0.01 -90.0
125.0 270.0 0.01 89.9
130.0 270.0 0.00 -89.8
135.0 270.0 0.01 90.0
140.0 270.0 0.00 -90.0
145.0 270.0 0.00 89.7
150.0 270.0 0.00 89.7
155.0 270.0 0.00 -89.7
160.0 270.0 0.01 -89.8
165.0 270.0 0.01 -89.6
170.0 270.0 0.01 89.9
175.0 270.0 0.02 89.4
180.0 270.0 0.00 -90.0
0.0 280.0 0.00 80.0
5.0 280.0 0.02 79.5
10.0 280.0 0.03 80.1
15.0 280.0 0.00 79.8
20.0 280.0 0.00 80.9
25.0 280.0 0.00 81.4
30.0 280.0 0.01 81.4
35.0 280.0 0.00 82.1
40.0 280.0 0.00 82.6
45.0 280.0 0.01 82.7
50.0 280.0 0.00 83.6
55.0 280.0 0.00 84.1
60.0 280.0 0.00 85.7
65.0 280.0 0.00 85.6
70.0 280.0 0.01 87.1
75.0 280.0 0.01 87.3
80.0 280.0 0.01 88.0
85.0 280.0 0.01 89.6
90.0 280.0 0.00 -90.0
95.0 280.0 0.01 -89.6
100.0 280.0 0.01 -88.3
105.0 280.0 0.00 -87.2
110.0 280.0 0.00 -87.3
115.0 280.0 0.00 -85.4
120.0 280.0 0.01 -84.3
125.0 280.0 0.00 -84.2
130.0 280.0 0.00 -83.6
135.0 280.0 0.01 -82.8
140.0 280.0 0.00 -82.6
145.0 280.0 0.00 -81.5
150.0 280.0 0.01 -80.9
155.0 280.0 0.01 -81.2
160.0 280.0 0.00 -80.3
165.0 280.0 0.01 -80.3
170.0 280.0 0.03 -79.3
175.0 280.0 0.02 -79.7
180.0 280.0 0.00 -80.0
0.0 290.0 0.00 70.0
5.0 290.0 0.05 68.8
10.0 290.0 0.00 69.5
15.0 290.0 0.01 70.6
20.0 290.0 0.02 70.7
25.0 290.0 0.01 71.7
30.0 290.0 0.00 72.0
35.0 290.0 0.00 73.0
40.0 290.0 0.00 74.7
45.0 290.0 0.00 75.3
50.0 290.0 0.01 76.6
55.0 290.0 0.00 78.5
60.0 290.0 0.00 79.6
65.0 290.0 0.00 81.2
70.0 290.0 0.00 82.9
75.0 290.0 0.00 84.4
80.0 290.0 0.00 86.1
85.0 290.0 0.00 88.2
90.0 290.0 0.00 -90.0
95.0 290.0 0.00 -88.3
100.0 290.0 0.00 -86.6
105.0 290.0 0.00 -84.6
110.0 290.0 0.00 -83.0
115.0 290.0 0.00 -81.3
120.0 290.0 0.00 -79.8
125.0 290.0 0.00 -78.3
130.0 290.0 0.00 -76.2
135.0 290.0 0.00 -75.8
140.0 290.0 0.00 -74.6
145.0 290.0 0.00 -73.8
150.0 290.0 0.01 -72.2
155.0 290.0 0.00 -71.4
160.0 290.0 0.01 -71.6
165.0 290.0 0.00 -71.2
170.0 290.0 0.00 -69.5
175.0 290.0 0.05 -69.5
180.0 290.0 0.00 -70.0
0.0 300.0 0.00 60.0
5.0 300.0 0.02 59.9
10.0 300.0 0.00 59.1
15.0 300.0 0.02 61.3
20.0 300.0 0.00 61.0
25.0 300.0 0.00 62.6
30.0 300.0 0.01 63.5
35.0 300.0 0.00 64.9
40.0 300.0 0.00 66.2
45.0 300.0 0.00 67.7
50.0 300.0 0.01 69.5
55.0 300.0 0.00 71.9
60.0 300.0 0.00 73.9
65.0 300.0 0.00 76.1
70.0 300.0 0.00 78.9
75.0 300.0 0.00 81.5
80.0 300.0 0.00 84.1
85.0 300.0 0.00 87.1
90.0 300.0 0.00 -90.0
95.0 300.0 0.00 -87.2
100.0 300.0 0.00 -84.4
105.0 300.0 0.00 -81.5
110.0 300.0 0.00 -78.8
115.0 300.0 0.00 -76.2
120.0 300.0 0.00 -74.0
125.0 300.0 0.00 -71.8
130.0 300.0 0.00 -69.2
135.0 300.0 0.00 -67.9
140.0 300.0 0.00 -66.1
145.0 300.0 0.00 -64.4
150.0 300.0 0.01 -63.0
155.0 300.0 0.00 -62.3
160.0 300.0 0.00 -62.0
165.0 300.0 0.01 -59.8
170.0 300.0 0.01 -59.3
175.0 300.0 0.02 -60.2
180.0 300.0 0.00 -60.0
0.0 310.0 0.00 50.0
5.0 310.0 0.01 49.5
10.0 310.0 0.01 50.6
15.0 310.0 0.01 50.8
20.0 310.0 0.01 52.0
25.0 310.0 0.00 52.0
30.0 310.0 0.01 54.1
35.0 310.0 0.00 55.5
40.0 310.0 0.00 57.6
45.0 310.0 0.00 59.5
50.0 310.0 0.00 61.8
55.0 310.0 0.00 64.2
60.0 310.0 0.00 67.2
65.0 310.0 0.00 70.2
70.0 310.0 0.00 74.3
75.0 310.0 0.00 77.7
80.0 310.0 0.00 81.7
85.0 310.0 0.00 85.8
90.0 310.0 0.00 -90.0
95.0 310.0 0.00 -85.8
100.0 310.0 0.00 -81.7
105.0 310.0 0.00 -77.7
110.0 310.0 0.00 -74.2
115.0 310.0 0.00 -70.3
120.0 310.0 0.00 -67.3
125.0 310.0 0.00 -64.1
130.0 310.0 0.00 -62.0
135.0 310.0 0.00 -59.1
140.0 310.0 0.00 -57.6
145.0 310.0 0.00 -55.5
150.0 310.0 0.00 -53.8
155.0 310.0 0.01 -52.8
160.0 310.0 0.01 -51.5
165.0 310.0 0.00 -51.6
170.0 310.0 0.01 -51.0
175.0 310.0 0.02 -49.7
180.0 310.0 0.00 -50.0
0.0 320.0 0.00 40.0
5.0 320.0 0.01 39.4
10.0 320.0 0.00 41.4
15.0 320.0 0.01 41.1
20.0 320.0 0.01 42.2
25.0 320.0 0.00 43.1
30.0 320.0 0.01 43.8
35.0 320.0 0.01 45.3
40.0 320.0 0.00 47.4
45.0 320.0 0.00 49.6
50.0 320.0 0.00 52.5
55.0 320.0 0.00 55.9
60.0 320.0 0.00 59.3
65.0 320.0 0.00 63.4
70.0 320.0 0.00 67.8
75.0 320.0 0.00 72.8
80.0 320.0 0.00 78.2
85.0 320.0 0.00 84.1
90.0 320.0 0.00 -90.0
95.0 320.0 0.00 -84.1
100.0 320.0 0.00 -78.4
105.0 320.0 0.00 -72.8
110.0 320.0 0.00 -67.9
115.0 320.0 0.00 -63.3
120.0 320.0 0.00 -59.1
125.0 320.0 0.00 -55.9
130.0 320.0 0.00 -52.3
135.0 320.0 0.00 -50.1
140.0 320.0 0.01 -47.5
145.0 320.0 0.00 -46.1
150.0 320.0 0.01 -43.3
155.0 320.0 0.01 -42.6
160.0 320.0 0.01 -41.3
165.0 320.0 0.00 -40.3
170.0 320.0 0.01 -41.4
175.0 320.0 0.01 -39.5
180.0 320.0 0.00 -40.0
0.0 330.0 0.00 30.0
5.0 330.0 0.01 29.0
10.0 330.0 0.04 29.9
15.0 330.0 0.01 31.2
20.0 330.0 0.00 32.4
25.0 330.0 0.01 32.5
30.0 330.0 0.01 33.7
35.0 330.0 0.00 35.6
40.0 330.0 0.00 37.4
45.0 330.0 0.00 38.9
50.0 330.0 0.00 42.0
55.0 330.0 0.00 45.3
60.0 330.0 0.00 48.9
65.0 330.0 0.00 53.8
70.0 330.0 0.00 59.6
75.0 330.0 0.00 65.9
80.0 330.0 0.00 73.3
85.0 330.0 0.00 81.4
90.0 330.0 0.00 -90.0
95.0 330.0 0.00 -81.4
100.0 330.0 0.00 -73.2
105.0 330.0 0.00 -65.8
110.0 330.0 0.00 -59.6
115.0 330.0 0.00 -53.7
120.0 330.0 0.00 -49.3
125.0 330.0 0.00 -45.1
130.0 330.0 0.00 -41.8
135.0 330.0 0.01 -39.3
140.0 330.0 0.00 -37.4
145.0 330.0 0.00 -34.9
150.0 330.0 0.00 -33.4
155.0 330.0 0.00 -32.9
160.0 330.0 0.00 -30.6
165.0 330.0 0.00 -31.7
170.0 330.0 0.03 -29.1
175.0 330.0 0.02 -29.1
180.0 330.0 0.00 -30.0
0.0 340.0 0.00 20.0
5.0 340.0 0.01 19.6
10.0 340.0 0.03 19.4
15.0 340.0 0.01 21.5
20.0 340.0 0.01 21.3
25.0 340.0 0.01 21.7
30.0 340.0 0.01 23.2
35.0 340.0 0.01 24.6
40.0 340.0 0.00 24.9
45.0 340.0 0.01 27.1
50.0 340.0 0.00 29.7
55.0 340.0 0.01 32.8
60.0 340.0 0.00 35.8
65.0 340.0 0.00 40.6
70.0 340.0 0.00 46.9
75.0 340.0 0.00 54.5
80.0 340.0 0.00 64.4
85.0 340.0 0.00 76.6
90.0 340.0 0.00 -90.0
95.0 340.0 0.00 -76.5
100.0 340.0 0.00 -64.6
105.0 340.0 0.00 -54.7
110.0 340.0 0.00 -46.8
115.0 340.0 0.00 -40.8
120.0 340.0 0.00 -36.2
125.0 340.0 0.00 -32.8
130.0 340.0 0.00 -29.7
135.0 340.0 0.01 -27.1
140.0 340.0 0.00 -24.8
145.0 340.0 0.01 -23.6
150.0 340.0 0.00 -23.6
155.0 340.0 0.01 -22.5
160.0 340.0 0.01 -21.1
165.0 340.0 0.01 -20.1
170.0 340.0 0.02 -18.8
175.0 340.0 0.00 -19.5
180.0 340.0 0.00 -20.0
0.0 350.0 0.00 10.0
5.0 350.0 0.00 9.4
10.0 350.0 0.00 9.5
15.0 350.0 0.01 10.1
20.0 350.0 0.02 10.6
25.0 350.0 0.00 12.6
30.0 350.0 0.03 11.6
35.0 350.0 0.01 11.6
40.0 350.0 0.01 13.4
45.0 350.0 0.01 13.8
50.0 350.0 0.01 15.0
55.0 350.0 0.00 17.3
60.0 350.0 0.00 19.1
65.0 350.0 0.00 22.9
70.0 350.0 0.00 27.0
75.0 350.0 0.00 34.4
80.0 350.0 0.00 45.3
85.0 350.0 0.00 63.7
90.0 350.0 0.00 -90.0
95.0 350.0 0.00 -63.7
100.0 350.0 0.00 -45.6
105.0 350.0 0.00 -34.3
110.0 350.0 0.00 -27.1
115.0 350.0 0.00 -22.9
120.0 350.0 0.00 -19.7
125.0 350.0 0.01 -16.9
130.0 350.0 0.00 -14.9
135.0 350.0 0.01 -13.9
140.0 350.0 0.01 -13.2
145.0 350.0 0.00 -12.8
150.0 350.0 0.01 -12.8
155.0 350.0 0.03 -11.0
160.0 350.0 0.02 -10.6
165.0 350.0 0.00 -9.8
170.0 350.0 0.01 -9.6
175.0 350.0 0.00 -9.4
180.0 350.0 0.00 -10.0
0.0 360.0 0.00 -0.0
5.0 360.0 0.00 -0.0
10.0 360.0 0.00 -0.0
15.0 360.0 0.00 -0.0
20.0 360.0 0.00 -0.0
25.0 360.0 0.00 -0.0
30.0 360.0 0.00 -0.0
35.0 360.0 0.00 -0.0
40.0 360.0 0.00 -0.0
45.0 360.0 0.00 -0.0
50.0 360.0 0.00 -0.0
55.0 360.0 0.00 -0.0
60.0 360.0 0.00 -0.0
65.0 360.0 0.00 -0.0
70.0 360.0 0.00 -0.0
75.0 360.0 0.00 -0.0
80.0 360.0 0.00 -0.0
85.0 360.0 0.00 -0.0
90.0 360.0 0.00 76.0
95.0 360.0 0.00 0.0
100.0 360.0 0.00 0.0
105.0 360.0 0.00 0.0
110.0 360.0 0.00 0.0
115.0 360.0 0.00 0.0
120.0 360.0 0.00 0.0
125.0 360.0 0.00 0.0
130.0 360.0 0.00 0.0
135.0 360.0 0.00 0.0
140.0 360.0 0.00 0.0
145.0 360.0 0.00 0.0
150.0 360.0 0.00 0.0
155.0 360.0 0.00 0.0
160.0 360.0 0.00 0.0
165.0 360.0 0.00 0.0
170.0 360.0 0.00 0.0
175.0 360.0 0.00 0.0
180.0 360.0 0.00 0.0
0.0 370.0 0.00 -10.0
5.0 370.0 0.00 -9.4
10.0 370.0 0.00 -9.5
15.0 370.0 0.01 -10.1
20.0 370.0 0.02 -10.6
25.0 370.0 0.00 -12.6
30.0 370.0 0.03 -11.6
35.0 370.0 0.01 -11.6
40.0 370.0 0.01 -13.4
45.0 370.0 0.01 -13.8
50.0 370.0 0.01 -15.0
55.0 370.0 0.00 -17.3
60.0 370.0 0.00 -19.1
65.0 370.0 0.00 -22.9
70.0 370.0 0.00 -27.0
75.0 370.0 0.00 -34.4
80.0 370.0 0.00 -45.3
85.0 370.0 0.00 -63.7
90.0 370.0 0.00 90.0
95.0 370.0 0.00 63.7
100.0 370.0 0.00 45.6
105.0 370.0 0.00 34.3
110.0 370.0 0.00 27.1
115.0 370.0 0.00 22.9
120.0 370.0 0.00 19.7
125.0 370.0 0.01 16.9
130.0 370.0 0.00 14.9
135.0 370.0 0.01 13.9
140.0 370.0 0.01 13.2
145.0 370.0 0.00 12.8
150.0 370.0 0.01 12.8
155.0 370.0 0.03 11.0
160.0 370.0 0.02 10.6
165.0 370.0 0.00 9.8
170.0 370.0 0.01 9.6
175.0 370.0 0.00 9.4
180.0 370.0 0.00 10.0
0.0 380.0 0.00 -20.0
5.0 380.0 0.01 -19.6
10.0 380.0 0.03 -19.4
15.0 380.0 0.01 -21.5
20.0 380.0 0.01 -21.3
25.0 380.0 0.01 -21.7
30.0 380.0 0.01 -23.2
35.0 380.0 0.01 -24.6
40.0 380.0 0.00 -24.9
45.0 380.0 0.01 -27.1
50.0 380.0 0.00 -29.7
55.0 380.0 0.01 -32.8
60.0 380.0 0.00 -35.8
65.0 380.0 0.00 -40.6
70.0 380.0 0.00 -46.9
75.0 380.0 0.00 -54.5
80.0 380.0 0.00 -64.4
85.0 380.0 0.00 -76.6
90.0 380.0 0.00 90.0
95.0 380.0 0.00 76.5
100.0 380.0 0.00 64.6
105.0 380.0 0.00 54.7
110.0 380.0 0.00 46.8
115.0 380.0 0.00 40.8
120.0 380.0 0.00 36.2
125.0 380.0 0.00 32.8
130.0 380.0 0.00 29.7
135.0 380.0 0.01 27.1
140.0 380.0 0.00 24.8
145.0 380.0 0.01 23.6
150.0 380.0 0.00 23.6
155.0 380.0 0.01 22.5
160.0 380.0 0.01 21.1
165.0 380.0 0.01 20.1
170.0 380.0 0.02 18.8
175.0 380.0 0.00 19.5
180.0 380.0 0.00 20.0
0.0 390.0 0.00 -30.0
5.0 390.0 0.01 -29.0
10.0 390.0 0.04 -29.9
15.0 390.0 0.01 -31.2
20.0 390.0 0.00 -32.4
25.0 390.0 0.01 -32.5
30.0 390.0 0.01 -33.7
35.0 390.0 0.00 -35.6
40.0 390.0 0.00 -37.4
45.0 390.0 0.00 -38.9
50.0 390.0 0.00 -42.0
55.0 390.0 0.00 -45.3
60.0 390.0 0.00 -48.9
65.0 390.0 0.00 -53.8
70.0 390.0 0.00 -59.6
75.0 390.0 0.00 -65.9
80.0 390.0 0.00 -73.3
85.0 390.0 0.00 -81.4
90.0 390.0 0.00 90.0
95.0 390.0 0.00 81.4
100.0 390.0 0.00 73.2
105.0 390.0 0.00 65.8
110.0 390.0 0.00 59.6
115.0 390.0 0.00 53.7
120.0 390.0 0.00 49.3
125.0 390.0 0.00 45.1
130.0 390.0 0.00 41.8
135.0 390.0 0.01 39.3
140.0 390.0 0.00 37.4
145.0 390.0 0.00 34.9
150.0 390.0 0.00 33.4
155.0 390.0 0.00 32.9
160.0 390.0 0.00 30.6
165.0 390.0 0.00 31.7
170.0 390.0 0.03 29.1
175.0 390.0 0.02 29.1
180.0 390.0 0.00 30.0
0.0 400.0 0.00 -40.0
5.0 400.0 0.01 -39.4
10.0 400.0 0.00 -41.4
15.0 400.0 0.01 -41.1
20.0 400.0 0.01 -42.2
25.0 400.0 0.00 -43.1
30.0 400.0 0.01 -43.8
35.0 400.0 0.01 -45.3
40.0 400.0 0.00 -47.4
45.0 400.0 0.00 -49.6
50.0 400.0 0.00 -52.5
55.0 400.0 0.00 -55.9
60.0 400.0 0.00 -59.3
65.0 400.0 0.00 -63.4
70.0 400.0 0.00 -67.8
75.0 400.0 0.00 -72.8
80.0 400.0 0.00 -78.2
85.0 400.0 0.00 -84.1
90.0 400.0 0.00 90.0
95.0 400.0 0.00 84.1
100.0 400.0 0.00 78.4
105.0 400.0 0.00 72.8
110.0 400.0 0.00 67.9
115.0 400.0 0.00 63.3
120.0 400.0 0.00 59.1
125.0 400.0 0.00 55.9
130.0 400.0 0.00 52.3
135.0 400.0 0.00 50.1
140.0 400.0 0.01 47.5
145.0 400.0 0.00 46.1
150.0 400.0 0.01 43.3
155.0 400.0 0.01 42.6
160.0 400.0 0.01 41.3
165.0 400.0 0.00 40.3
170.0 400.0 0.01 41.4
175.0 400.0 0.01 39.5
180.0 400.0 0.00 40.0
0.0 410.0 0.00 -50.0
5.0 410.0 0.01 -49.5
10.0 410.0 0.01 -50.6
15.0 410.0 0.01 -50.8
20.0 410.0 0.01 -52.0
25.0 410.0 0.00 -52.0
30.0 410.0 0.01 -54.1
35.0 410.0 0.00 -55.5
40.0 410.0 0.00 -57.6
45.0 410.0 0.00 -59.5
50.0 410.0 0.00 -61.8
55.0 410.0 0.00 -64.2
60.0 410.0 0.00 -67.2
65.0 410.0 0.00 -70.2
70.0 410.0 0.00 -74.3
75.0 410.0 0.00 -77.7
80.0 410.0 0.00 -81.7
85.0 410.0 0.00 -85.8
90.0 410.0 0.00 90.0
95.0 410.0 0.00 85.8
100.0 410.0 0.00 81.7
105.0 410.0 0.00 77.7
110.0 410.0 0.00 74.2
115.0 410.0 0.00 70.3
120.0 410.0 0.00 67.3
125.0 410.0 0.00 64.1
130.0 410.0 0.00 62.0
135.0 410.0 0.00 59.1
140.0 410.0 0.00 57.6
145.0 410.0 0.00 55.5
150.0 410.0 0.00 53.8
155.0 410.0 0.01 52.8
160.0 410.0 0.01 51.5
165.0 410.0 0.00 51.6
170.0 410.0 0.01 51.0
175.0 410.0 0.02 49.7
180.0 410.0 0.00 50.0
0.0 420.0 0.00 -60.0
5.0 420.0 0.02 -59.9
10.0 420.0 0.00 -59.1
15.0 420.0 0.02 -61.3
20.0 420.0 0.00 -61.0
25.0 420.0 0.00 -62.6
30.0 420.0 0.01 -63.5
35.0 420.0 0.00 -64.9
40.0 420.0 0.00 -66.2
45.0 420.0 0.00 -67.7
50.0 420.0 0.01 -69.5
55.0 420.0 0.00 -71.9
60.0 420.0 0.00 -73.9
65.0 420.0 0.00 -76.1
70.0 420.0 0.00 -78.9
75.0 420.0 0.00 -81.5
80.0 420.0 0.00 -84.1
85.0 420.0 0.00 -87.1
90.0 420.0 0.00 90.0
95.0 420.0 0.00 87.2
100.0 420.0 0.00 84.4
105.0 420.0 0.00 81.5
110.0 420.0 0.00 78.8
115.0 420.0 0.00 76.2
120.0 420.0 0.00 74.0
125.0 420.0 0.00 71.8
130.0 420.0 0.00 69.2
135.0 420.0 0.00 67.9
140.0 420.0 0.00 66.1
145.0 420.0 0.00 64.4
150.0 420.0 0.01 63.0
155.0 420.0 0.00 62.3
160.0 420.0 0.00 62.0
165.0 420.0 0.01 59.8
170.0 420.0 0.01 59.3
175.0 420.0 0.02 60.2
180.0 420.0 0.00 60.0
0.0 430.0 0.00 -70.0
5.0 430.0 0.05 -68.8
10.0 430.0 0.00 -69.5
15.0 430.0 0.01 -70.6
20.0 430.0 0.02 -70.7
25.0 430.0 0.01 -71.7
30.0 430.0 0.00 -72.0
35.0 430.0 0.00 -73.0
40.0 430.0 0.00 -74.7
45.0 430.0 0.00 -75.3
50.0 430.0 0.01 -76.6
55.0 430.0 0.00 -78.5
60.0 430.0 0.00 -79.6
65.0 430.0 0.00 -81.2
70.0 430.0 0.00 -82.9
75.0 430.0 0.00 -84.4
80.0 430.0 0.00 -86.1
85.0 430.0 0.00 -88.2
90.0 430.0 0.00 90.0
95.0 430.0 0.00 88.3
100.0 430.0 0.00 86.6
105.0 430.0 0.00 84.6
110.0 430.0 0.00 83.0
115.0 430.0 0.00 81.3
120.0 430.0 0.00 79.8
125.0 430.0 0.00 78.3
130.0 430.0 0.00 76.2
135.0 430.0 0.00 75.8
140.0 430.0 0.00 74.6
145.0 430.0 0.00 73.8
150.0 430.0 0.01 72.2
155.0 430.0 0.00 71.4
160.0 430.0 0.01 71.6
165.0 430.0 0.00 71.2
170.0 430.0 0.00 69.5
175.0 430.0 0.05 69.5
180.0 430.0 0.00 70.0
0.0 440.0 0.00 -80.0
5.0 440.0 0.02 -79.5
10.0 440.0 0.03 -80.1
15.0 440.0 0.00 -79.8
20.0 440.0 0.00 -80.9
25.0 440.0 0.00 -81.4
30.0 440.0 0.01 -81.4
35.0 440.0 0.00 -82.1
40.0 440.0 0.00 -82.6
45.0 440.0 0.01 -82.7
50.0 440.0 0.00 -83.6
55.0 440.0 0.00 -84.1
60.0 440.0 0.00 -85.7
65.0 440.0 0.00 -85.6
70.0 440.0 0.01 -87.1
75.0 440.0 0.01 -87.3
80.0 440.0 0.01 -88.0
85.0 440.0 0.01 -89.6
90.0 440.0 0.00 90.0
95.0 440.0 0.01 89.6
100.0 440.0 0.01 88.3
105.0 440.0 0.00 87.2
110.0 440.0 0.00 87.3
115.0 440.0 0.00 85.4
120.0 440.0 0.01 84.3
125.0 440.0 0.00 84.2
130.0 440.0 0.00 83.6
135.0 440.0 0.01 82.8
140.0 440.0 0.00 82.6
145.0 440.0 0.00 81.5
150.0 440.0 0.01 80.9
155.0 440.0 0.01 81.2
160.0 440.0 0.00 80.3
165.0 440.0 0.01 80.3
170.0 440.0 0.03 79.3
175.0 440.0 0.02 79.7
180.0 440.0 0.00 80.0
0.0 450.0 0.00 90.0
5.0 450.0 0.02 89.7
10.0 450.0 0.01 89.6
15.0 450.0 0.01 -89.6
20.0 450.0 0.01 89.8
25.0 450.0 0.01 -89.7
30.0 450.0 0.00 89.8
35.0 450.0 0.00 -89.8
40.0 450.0 0.00 90.0
45.0 450.0 0.01 -89.7
50.0 450.0 0.00 -89.7
55.0 450.0 0.00 89.6
60.0 450.0 0.01 89.9
65.0 450.0 0.00 -89.7
70.0 450.0 0.00 89.6
75.0 450.0 0.01 -89.5
80.0 450.0 0.01 89.8
85.0 450.0 0.02 -89.7
90.0 450.0 0.00 -90.0
95.0 450.0 0.01 -88.8
100.0 450.0 0.01 89.4
105.0 450.0 0.01 90.0
110.0 450.0 0.01 -89.7
115.0 450.0 0.00 89.7
120.0 450.0 0.01 90.0
125.0 450.0 0.01 -89.9
130.0 450.0 0.00 89.8
135.0 450.0 0.01 -90.0
140.0 450.0 0.00 90.0
145.0 450.0 0.00 -89.7
150.0 450.0 0.00 -89.7
155.0 450.0 0.00 89.7
160.0 450.0 0.01 89.8
165.0 450.0 0.01 89.6
170.0 450.0 0.01 -89.9
175.0 450.0 0.02 -89.4
180.0 450.0 0.00 -90.0
0.0 460.0 0.00 80.0
5.0 460.0 0.04 81.5
10.0 460.0 0.01 80.3
15.0 460.0 0.00 81.1
20.0 460.0 0.01 80.0
25.0 460.0 0.00 80.7
30.0 460.0 0.01 81.3
35.0 460.0 0.00 81.4
40.0 460.0 0.00 81.7
45.0 460.0 0.01 83.5
50.0 460.0 0.00 83.5
55.0 460.0 0.00 84.3
60.0 460.0 0.00 84.6
65.0 460.0 0.02 85.9
70.0 460.0 0.01 86.3
75.0 460.0 0.01 88.3
80.0 460.0 0.01 88.6
85.0 460.0 0.00 88.9
90.0 460.0 0.00 -90.0
95.0 460.0 0.00 -88.9
100.0 460.0 0.01 -88.2
105.0 460.0 0.02 -87.4
110.0 460.0 0.00 -86.1
115.0 460.0 0.01 -86.9
120.0 460.0 0.00 -85.3
125.0 460.0 0.00 -84.3
130.0 460.0 0.00 -83.4
135.0 460.0 0.01 -82.6
140.0 460.0 0.00 -81.7
145.0 460.0 0.00 -82.2
150.0 460.0 0.00 -81.6
155.0 460.0 0.00 -80.8
160.0 460.0 0.01 -81.2
165.0 460.0 0.01 -80.6
170.0 460.0 0.01 -80.6
175.0 460.0 0.04 -81.0
180.0 460.0 0.00 -80.0
0.0 470.0 0.00 70.0
5.0 470.0 0.02 70.6
10.0 470.0 0.00 72.0
15.0 470.0 0.01 70.8
20.0 470.0 0.01 71.5
25.0 470.0 0.01 72.2
30.0 470.0 0.00 73.1
35.0 470.0 0.00 73.6
40.0 470.0 0.00 74.1
45.0 470.0 0.00 75.8
50.0 470.0 0.01 77.0
55.0 470.0 0.00 77.3
60.0 470.0 0.00 79.8
65.0 470.0 0.00 81.5
70.0 470.0 0.00 82.8
75.0 470.0 0.00 85.0
80.0 470.0 0.00 86.7
85.0 470.0 0.00 88.2
90.0 470.0 0.00 -90.0
95.0 470.0 0.00 -88.1
100.0 470.0 0.00 -86.1
105.0 470.0 0.01 -84.5
110.0 470.0 0.00 -82.8
115.0 470.0 0.00 -81.4
120.0 470.0 0.00 -79.6
125.0 470.0 0.01 -77.8
130.0 470.0 0.00 -77.2
135.0 470.0 0.00 -75.3
140.0 470.0 0.00 -74.2
145.0 470.0 0.00 -73.2
150.0 470.0 0.01 -73.0
155.0 470.0 0.01 -72.3
160.0 470.0 0.01 -70.7
165.0 470.0 0.00 -69.9
170.0 470.0 0.01 -71.9
175.0 470.0 0.02 -70.4
180.0 470.0 0.00 -70.0
0.0 480.0 0.00 60.0
5.0 480.0 0.02 60.4
10.0 480.0 0.01 61.2
15.0 480.0 0.01 60.7
20.0 480.0 0.01 62.1
25.0 480.0 0.01 62.2
30.0 480.0 0.01 63.3
35.0 480.0 0.01 64.5
40.0 480.0 0.00 65.6
45.0 480.0 0.01 67.8
50.0 480.0 0.01 69.7
55.0 480.0 0.01 71.4
60.0 480.0 0.00 76.2
65.0 480.0 0.01 76.5
70.0 480.0 0.00 78.8
75.0 480.0 0.00 81.5
80.0 480.0 0.00 84.5
85.0 480.0 0.00 87.3
90.0 480.0 0.00 -90.0
95.0 480.0 0.00 -87.1
100.0 480.0 0.00 -84.1
105.0 480.0 0.00 -81.5
110.0 480.0 0.00 -78.9
115.0 480.0 0.00 -76.8
120.0 480.0 0.02 -71.3
125.0 480.0 0.01 -72.3
130.0 480.0 0.00 -69.9
135.0 480.0 0.00 -67.6
140.0 480.0 0.01 -65.6
145.0 480.0 0.01 -65.0
150.0 480.0 0.01 -63.6
155.0 480.0 0.01 -63.0
160.0 480.0 0.01 -61.0
165.0 480.0 0.00 -61.4
170.0 480.0 0.01 -61.0
175.0 480.0 0.02 -60.1
180.0 480.0 0.00 -60.0
0.0 490.0 0.00 50.0
5.0 490.0 0.02 50.6
10.0 490.0 0.03 50.9
15.0 490.0 0.01 51.8
20.0 490.0 0.01 51.5
25.0 490.0 0.01 53.3
30.0 490.0 0.00 53.0
35.0 490.0 0.01 55.6
40.0 490.0 0.01 56.3
45.0 490.0 0.01 60.2
50.0 490.0 0.01 61.6
55.0 490.0 0.00 64.4
60.0 490.0 0.01 67.2
65.0 490.0 0.00 70.8
70.0 490.0 0.00 73.7
75.0 490.0 0.02 76.4
80.0 490.0 0.00 81.6
85.0 490.0 0.00 85.8
90.0 490.0 0.00 -90.0
95.0 490.0 0.00 -85.9
100.0 490.0 0.00 -81.8
105.0 490.0 0.03 -77.7
110.0 490.0 0.01 -73.8
115.0 490.0 0.00 -70.7
120.0 490.0 0.01 -67.1
125.0 490.0 0.00 -64.5
130.0 490.0 0.00 -61.4
135.0 490.0 0.02 -58.9
140.0 490.0 0.00 -56.3
145.0 490.0 0.01 -55.7
150.0 490.0 0.01 -53.6
155.0 490.0 0.01 -52.6
160.0 490.0 0.01 -52.1
165.0 490.0 0.01 -50.2
170.0 490.0 0.03 -50.2
175.0 490.0 0.03 -50.3
180.0 490.0 0.00 -50.0
0.0 500.0 0.00 40.0
5.0 500.0 0.02 40.9
10.0 500.0 0.01 39.0
15.0 500.0 0.01 40.6
20.0 500.0 0.01 41.5
25.0 500.0 0.03 41.1
30.0 500.0 0.01 44.2
35.0 500.0 0.01 46.0
40.0 500.0 0.00 47.9
45.0 500.0 0.01 49.9
50.0 500.0 0.00 51.1
55.0 500.0 0.00 55.2
60.0 500.0 0.01 59.4
65.0 500.0 0.00 63.0
70.0 500.0 0.01 67.9
75.0 500.0 0.00 73.2
80.0 500.0 0.01 78.5
85.0 500.0 0.00 84.0
90.0 500.0 0.00 -90.0
95.0 500.0 0.00 -84.1
100.0 500.0 0.01 -78.0
105.0 500.0 0.00 -72.5
110.0 500.0 0.01 -68.3
115.0 500.0 0.00 -63.0
120.0 500.0 0.01 -59.0
125.0 500.0 0.01 -55.6
130.0 500.0 0.02 -51.7
135.0 500.0 0.01 -49.5
140.0 500.0 0.00 -47.9
145.0 500.0 0.00 -45.3
150.0 500.0 0.01 -44.6
155.0 500.0 0.04 -44.1
160.0 500.0 0.01 -42.1
165.0 500.0 0.01 -41.8
170.0 500.0 0.00 -38.9
175.0 500.0 0.02 -40.6
180.0 500.0 0.00 -40.0
0.0 510.0 0.00 30.0
5.0 510.0 0.00 30.8
10.0 510.0 0.02 30.5
15.0 510.0 0.08 30.1
20.0 510.0 0.00 30.8
25.0 510.0 0.01 30.9
30.0 510.0 0.01 29.1
35.0 510.0 0.01 34.5
40.0 510.0 0.01 35.6
45.0 510.0 0.01 40.0
50.0 510.0 0.01 41.2
55.0 510.0 0.03 45.3
60.0 510.0 0.01 49.2
65.0 510.0 0.01 53.4
70.0 510.0 0.00 58.9
75.0 510.0 0.00 65.7
80.0 510.0 0.00 73.5
85.0 510.0 0.00 81.3
90.0 510.0 0.00 -90.0
95.0 510.0 0.00 -81.4
100.0 510.0 0.00 -72.9
105.0 510.0 0.00 -66.0
110.0 510.0 0.01 -59.1
115.0 510.0 0.00 -53.1
120.0 510.0 0.01 -49.1
125.0 510.0 0.01 -43.7
130.0 510.0 0.00 -41.0
135.0 510.0 0.02 -39.0
140.0 510.0 0.00 -35.6
145.0 510.0 0.00 -36.1
150.0 510.0 0.07 -31.5
155.0 510.0 0.03 -31.6
160.0 510.0 0.00 -32.4
165.0 510.0 0.01 -26.5
170.0 510.0 0.02 -31.0
175.0 510.0 0.01 -30.8
180.0 510.0 0.00 -30.0
0.0 520.0 0.00 20.0
5.0 520.0 0.01 21.0
10.0 520.0 0.01 20.9
15.0 520.0 0.00 19.0
20.0 520.0 0.03 22.9
25.0 520.0 0.02 21.4
30.0 520.0 0.02 22.6
35.0 520.0 0.00 23.1
40.0 520.0 0.01 25.9
45.0 520.0 0.04 27.0
50.0 520.0 0.01 30.9
55.0 520.0 0.00 31.6
60.0 520.0 0.01 36.2
65.0 520.0 0.01 40.2
70.0 520.0 0.00 47.3
75.0 520.0 0.01 54.7
80.0 520.0 0.00 64.7
85.0 520.0 0.00 76.4
90.0 520.0 0.00 -90.0
95.0 520.0 0.00 -76.4
100.0 520.0 0.00 -64.4
105.0 520.0 0.01 -54.8
110.0 520.0 0.00 -47.3
115.0 520.0 0.01 -40.8
120.0 520.0 0.01 -36.1
125.0 520.0 0.01 -32.1
130.0 520.0 0.01 -30.8
135.0 520.0 0.04 -26.0
140.0 520.0 0.01 -26.0
145.0 520.0 0.01 -24.8
150.0 520.0 0.01 -21.8
155.0 520.0 0.00 -20.6
160.0 520.0 0.02 -19.2
165.0 520.0 0.03 -20.6
170.0 520.0 0.01 -21.2
175.0 520.0 0.01 -21.1
180.0 520.0 0.00 -20.0
0.0 530.0 0.00 10.0
5.0 530.0 0.00 10.3
10.0 530.0 0.00 11.0
15.0 530.0 0.02 9.9
20.0 530.0 0.03 10.5
25.0 530.0 0.01 9.8
30.0 530.0 0.03 11.9
35.0 530.0 0.03 8.3
40.0 530.0 0.09 13.8
45.0 530.0 0.03 15.3
50.0 530.0 0.02 18.4
55.0 530.0 0.01 18.6
60.0 530.0 0.03 18.9
65.0 530.0 0.02 22.8
70.0 530.0 0.01 27.4
75.0 530.0 0.00 34.8
80.0 530.0 0.01 45.7
85.0 530.0 0.00 63.5
90.0 530.0 0.00 -90.0
95.0 530.0 0.00 -63.5
100.0 530.0 0.01 -45.4
105.0 530.0 0.01 -34.0
110.0 530.0 0.01 -26.9
115.0 530.0 0.01 -21.9
120.0 530.0 0.03 -19.8
125.0 530.0 0.03 -17.2
130.0 530.0 0.06 -15.8
135.0 530.0 0.02 -11.8
140.0 530.0 0.08 -15.5
145.0 530.0 0.07 -14.8
150.0 530.0 0.02 -10.5
155.0 530.0 0.02 -11.3
160.0 530.0 0.03 -11.0
165.0 530.0 0.01 -11.8
170.0 530.0 0.01 -10.8
175.0 530.0 0.00 -10.3
180.0 530.0 0.00 -10.0
0.0 540.0 0.00 -0.0
5.0 540.0 0.00 -0.0
10.0 540.0 0.00 -0.0
15.0 540.0 0.00 -0.0
20.0 540.0 0.00 -0.0
25.0 540.0 0.00 -0.0
30.0 540.0 0.00 -0.0
35.0 540.0 0.00 -0.0
40.0 540.0 0.00 -0.0
45.0 540.0 0.00 -0.0
50.0 540.0 0.00 -0.0
55.0 540.0 0.00 -0.0
60.0 540.0 0.00 -0.0
65.0 540.0 0.00 -0.0
70.0 540.0 0.00 -0.0
75.0 540.0 0.00 -0.0
80.0 540.0 0.00 -0.0
85.0 540.0 0.00 -0.0
90.0 540.0 0.00 0.0
95.0 540.0 0.00 0.0
100.0 540.0 0.00 0.0
105.0 540.0 0.00 0.0
110.0 540.0 0.00 0.0
115.0 540.0 0.00 0.0
120.0 540.0 0.00 0.0
125.0 540.0 0.00 0.0
130.0 540.0 0.00 0.0
135.0 540.0 0.00 0.0
140.0 540.0 0.00 0.0
145.0 540.0 0.00 0.0
150.0 540.0 0.00 0.0
155.0 540.0 0.00 0.0
160.0 540.0 0.00 0.0
165.0 540.0 0.00 0.0
170.0 540.0 0.00 0.0
175.0 540.0 0.00 0.0
180.0 540.0 0.00 0.0
0.0 550.0 0.00 -10.0
5.0 550.0 0.00 -10.3
10.0 550.0 0.00 -11.0
15.0 550.0 0.02 -9.9
20.0 550.0 0.03 -10.5
25.0 550.0 0.01 -9.8
30.0 550.0 0.03 -11.9
35.0 550.0 0.03 -8.3
40.0 550.0 0.09 -13.8
45.0 550.0 0.03 -15.3
50.0 550.0 0.02 -18.4
55.0 550.0 0.01 -18.6
60.0 550.0 0.03 -18.9
65.0 550.0 0.02 -22.8
70.0 550.0 0.01 -27.4
75.0 550.0 0.00 -34.8
80.0 550.0 0.01 -45.7
85.0 550.0 0.00 -63.5
90.0 550.0 0.00 90.0
95.0 550.0 0.00 63.5
100.0 550.0 0.01 45.4
105.0 550.0 0.01 34.0
110.0 550.0 0.01 26.9
115.0 550.0 0.01 21.9
120.0 550.0 0.03 19.8
125.0 550.0 0.03 17.2
130.0 550.0 0.06 15.8
135.0 550.0 0.02 11.8
140.0 550.0 0.08 15.5
145.0 550.0 0.07 14.8
150.0 550.0 0.02 10.5
155.0 550.0 0.02 11.3
160.0 550.0 0.03 11.0
165.0 550.0 0.01 11.8
170.0 550.0 0.01 10.8
175.0 550.0 0.00 10.3
180.0 550.0 0.00 10.0
0.0 560.0 0.00 -20.0
5.0 560.0 0.01 -21.0
10.0 560.0 0.01 -20.9
15.0 560.0 0.00 -19.0
20.0 560.0 0.03 -22.9
25.0 560.0 0.02 -21.4
30.0 560.0 0.02 -22.6
35.0 560.0 0.00 -23.1
40.0 560.0 0.01 -25.9
45.0 560.0 0.04 -27.0
50.0 560.0 0.01 -30.9
55.0 560.0 0.00 -31.6
60.0 560.0 0.01 -36.2
65.0 560.0 0.01 -40.2
70.0 560.0 0.00 -47.3
75.0 560.0 0.01 -54.7
80.0 560.0 0.00 -64.7
85.0 560.0 0.00 -76.4
90.0 560.0 0.00 90.0
95.0 560.0 0.00 76.4
100.0 560.0 0.00 64.4
105.0 560.0 0.01 54.8
110.0 560.0 0.00 47.3
115.0 560.0 0.01 40.8
120.0 560.0 0.01 36.1
125.0 560.0 0.01 32.1
130.0 560.0 0.01 30.8
135.0 560.0 0.04 26.0
140.0 560.0 0.01 26.0
145.0 560.0 0.01 24.8
150.0 560.0 0.01 21.8
155.0 560.0 0.00 20.6
160.0 560.0 0.02 19.2
165.0 560.0 0.03 20.6
170.0 560.0 0.01 21.2
175.0 560.0 0.01 21.1
180.0 560.0 0.00 20.0
0.0 570.0 0.00 -30.0
5.0 570.0 0.00 -30.8
10.0 570.0 0.02 -30.5
15.0 570.0 0.08 -30.1
20.0 570.0 0.00 -30.8
25.0 570.0 0.01 -30.9
30.0 570.0 0.01 -29.1
35.0 570.0 0.01 -34.5
40.0 570.0 0.01 -35.6
45.0 570.0 0.01 -40.0
50.0 570.0 0.01 -41.2
55.0 570.0 0.03 -45.3
60.0 570.0 0.01 -49.2
65.0 570.0 0.01 -53.4
70.0 570.0 0.00 -58.9
75.0 570.0 0.00 -65.7
80.0 570.0 0.00 -73.5
85.0 570.0 0.00 -81.3
90.0 570.0 0.00 90.0
95.0 570.0 0.00 81.4
100.0 570.0 0.00 72.9
105.0 570.0 0.00 66.0
110.0 570.0 0.01 59.1
115.0 570.0 0.00 53.1
120.0 570.0 0.01 49.1
125.0 570.0 0.01 43.7
130.0 570.0 0.00 41.0
135.0 570.0 0.02 39.0
140.0 570.0 0.00 35.6
145.0 570.0 0.00 36.1
150.0 570.0 0.07 31.5
155.0 570.0 0.03 31.6
160.0 570.0 0.00 32.4
165.0 570.0 0.01 26.5
170.0 570.0 0.02 31.0
175.0 570.0 0.01 30.8
180.0 570.0 0.00 30.0
0.0 580.0 0.00 -40.0
5.0 580.0 0.02 -40.9
10.0 580.0 0.01 -39.0
15.0 580.0 0.01 -40.6
20.0 580.0 0.01 -41.5
25.0 580.0 0.03 -41.1
30.0 580.0 0.01 -44.2
35.0 580.0 0.01 -46.0
40.0 580.0 0.00 -47.9
45.0 580.0 0.01 -49.9
50.0 580.0 0.00 -51.1
55.0 580.0 0.00 -55.2
60.0 580.0 0.01 -59.4
65.0 580.0 0.00 -63.0
70.0 580.0 0.01 -67.9
75.0 580.0 0.00 -73.2
80.0 580.0 0.01 -78.5
85.0 580.0 0.00 -84.0
90.0 580.0 0.00 90.0
95.0 580.0 0.00 84.1
100.0 580.0 0.01 78.0
105.0 580.0 0.00 72.5
110.0 580.0 0.01 68.3
115.0 580.0 0.00 63.0
120.0 580.0 0.01 59.0
125.0 580.0 0.01 55.6
130.0 580.0 0.02 51.7
135.0 580.0 0.01 49.5
140.0 580.0 0.00 47.9
145.0 580.0 0.00 45.3
150.0 580.0 0.01 44.6
155.0 580.0 0.04 44.1
160.0 580.0 0.01 42.1
165.0 580.0 0.01 41.8
170.0 580.0 0.00 38.9
175.0 580.0 0.02 40.6
180.0 580.0 0.00 40.0
0.0 590.0 0.00 -50.0
5.0 590.0 0.02 -50.6
10.0 590.0 0.03 -50.9
15.0 590.0 0.01 -51.8
20.0 590.0 0.01 -51.5
25.0 590.0 0.01 -53.3
30.0 590.0 0.00 -53.0
35.0 590.0 0.01 -55.6
40.0 590.0 0.01 -56.3
45.0 590.0 0.01 -60.2
50.0 590.0 0.01 -61.6
55.0 590.0 0.00 -64.4
60.0 590.0 0.01 -67.2
65.0 590.0 0.00 -70.8
70.0 590.0 0.00 -73.7
75.0 590.0 0.02 -76.4
80.0 590.0 0.00 -81.6
85.0 590.0 0.00 -85.8
90.0 590.0 0.00 90.0
95.0 590.0 0.00 85.9
100.0 590.0 0.00 81.8
105.0 590.0 0.03 77.7
110.0 590.0 0.01 73.8
115.0 590.0 0.00 70.7
120.0 590.0 0.01 67.1
125.0 590.0 0.00 64.5
130.0 590.0 0.00 61.4
135.0 590.0 0.02 58.9
140.0 590.0 0.00 56.3
145.0 590.0 0.01 55.7
150.0 590.0 0.01 53.6
155.0 590.0 0.01 52.6
160.0 590.0 0.01 52.1
165.0 590.0 0.01 50.2
170.0 590.0 0.03 50.2
175.0 590.0 0.03 50.3
180.0 590.0 0.00 50.0
0.0 600.0 0.00 -60.0
5.0 600.0 0.02 -60.4
10.0 600.0 0.01 -61.2
15.0 600.0 0.01 -60.7
20.0 600.0 0.01 -62.1
25.0 600.0 0.01 -62.2
30.0 600.0 0.01 -63.3
35.0 600.0 0.01 -64.5
40.0 600.0 0.00 -65.6
45.0 600.0 0.01 -67.8
50.0 600.0 0.01 -69.7
55.0 600.0 0.01 -71.4
60.0 600.0 0.00 -76.2
65.0 600.0 0.01 -76.5
70.0 600.0 0.00 -78.8
75.0 600.0 0.00 -81.5
80.0 600.0 0.00 -84.5
85.0 600.0 0.00 -87.3
90.0 600.0 0.00 90.0
95.0 600.0 0.00 87.1
100.0 600.0 0.00 84.1
105.0 600.0 0.00 81.5
110.0 600.0 0.00 78.9
115.0 600.0 0.00 76.8
120.0 600.0 0.02 71.3
125.0 600.0 0.01 72.3
130.0 600.0 0.00 69.9
135.0 600.0 0.00 67.6
140.0 600.0 0.01 65.6
145.0 600.0 0.01 65.0
150.0 600.0 0.01 63.6
155.0 600.0 0.01 63.0
160.0 600.0 0.01 61.0
165.0 600.0 0.00 61.4
170.0 600.0 0.01 61.0
175.0 600.0 0.02 60.1
180.0 600.0 0.00 60.0
0.0 610.0 0.00 -70.0
5.0 610.0 0.02 -70.6
10.0 610.0 0.00 -72.0
15.0 610.0 0.01 -70.8
20.0 610.0 0.01 -71.5
25.0 610.0 0.01 -72.2
30.0 610.0 0.00 -73.1
35.0 610.0 0.00 -73.6
40.0 610.0 0.00 -74.1
45.0 610.0 0.00 -75.8
50.0 610.0 0.01 -77.0
55.0 610.0 0.00 -77.3
60.0 610.0 0.00 -79.8
65.0 610.0 0.00 -81.5
70.0 610.0 0.00 -82.8
75.0 610.0 0.00 -85.0
80.0 610.0 0.00 -86.7
85.0 610.0 0.00 -88.2
90.0 610.0 0.00 90.0
95.0 610.0 0.00 88.1
100.0 610.0 0.00 86.1
105.0 610.0 0.01 84.5
110.0 610.0 0.00 82.8
115.0 610.0 0.00 81.4
120.0 610.0 0.00 79.6
125.0 610.0 0.01 77.8
130.0 610.0 0.00 77.2
135.0 610.0 0.00 75.3
140.0 610.0 0.00 74.2
145.0 610.0 0.00 73.2
150.0 610.0 0.01 73.0
155.0 610.0 0.01 72.3
160.0 610.0 0.01 70.7
165.0 610.0 0.00 69.9
170.0 610.0 0.01 71.9
175.0 610.0 0.02 70.4
180.0 610.0 0.00 70.0
0.0 620.0 0.00 -80.0
5.0 620.0 0.04 -81.5
10.0 620.0 0.01 -80.3
15.0 620.0 0.00 -81.1
20.0 620.0 0.01 -80.0
25.0 620.0 0.00 -80.7
30.0 620.0 0.01 -81.3
35.0 620.0 0.00 -81.4
40.0 620.0 0.00 -81.7
45.0 620.0 0.01 -83.5
50.0 620.0 0.00 -83.5
55.0 620.0 0.00 -84.3
60.0 620.0 0.00 -84.6
65.0 620.0 0.02 -85.9
70.0 620.0 0.01 -86.3
75.0 620.0 0.01 -88.3
80.0 620.0 0.01 -88.6
85.0 620.0 0.00 -88.9
90.0 620.0 0.00 90.0
95.0 620.0 0.00 88.9
100.0 620.0 0.01 88.2
105.0 620.0 0.02 87.4
110.0 620.0 0.00 86.1
115.0 620.0 0.01 86.9
120.0 620.0 0.00 85.3
125.0 620.0 0.00 84.3
130.0 620.0 0.00 83.4
135.0 620.0 0.01 82.6
140.0 620.0 0.00 81.7
145.0 620.0 0.00 82.2
150.0 620.0 0.00 81.6
155.0 620.0 0.00 80.8
160.0 620.0 0.01 81.2
165.0 620.0 0.01 80.6
170.0 620.0 0.01 80.6
175.0 620.0 0.04 81.0
180.0 620.0 0.00 80.0
0.0 630.0 0.00 90.0
5.0 630.0 0.02 -89.7
10.0 630.0 0.01 -89.6
15.0 630.0 0.01 89.6
20.0 630.0 0.01 -89.8
25.0 630.0 0.01 89.7
30.0 630.0 0.00 -89.8
35.0 630.0 0.00 89.8
40.0 630.0 0.00 -90.0
45.0 630.0 0.01 89.7
50.0 630.0 0.00 89.7
55.0 630.0 0.00 -89.6
60.0 630.0 0.01 -89.9
65.0 630.0 0.00 89.7
70.0 630.0 0.00 -89.6
75.0 630.0 0.01 89.5
80.0 630.0 0.01 -89.8
85.0 630.0 0.02 89.7
90.0 630.0 0.00 90.0
95.0 630.0 0.01 88.8
100.0 630.0 0.01 -89.4
105.0 630.0 0.01 -90.0
110.0 630.0 0.01 89.7
115.0 630.0 0.00 -89.7
120.0 630.0 0.01 -90.0
125.0 630.0 0.01 89.9
130.0 630.0 0.00 -89.8
135.0 630.0 0.01 90.0
140.0 630.0 0.00 -90.0
145.0 630.0 0.00 89.7
150.0 630.0 0.00 89.7
155.0 630.0 0.00 -89.7
160.0 630.0 0.01 -89.8
165.0 630.0 0.01 -89.6
170.0 630.0 0.01 89.9
175.0 630.0 0.02 89.4
180.0 630.0 0.00 -90.0
0.0 640.0 0.00 80.0
5.0 640.0 0.02 79.5
10.0 640.0 0.03 80.1
15.0 640.0 0.00 79.8
20.0 640.0 0.00 80.9
25.0 640.0 0.00 81.4
30.0 640.0 0.01 81.4
35.0 640.0 0.00 82.1
40.0 640.0 0.00 82.6
45.0 640.0 0.01 82.7
50.0 640.0 0.00 83.6
55.0 640.0 0.00 84.1
60.0 640.0 0.00 85.7
65.0 640.0 0.00 85.6
70.0 640.0 0.01 87.1
75.0 640.0 0.01 87.3
80.0 640.0 0.01 88.0
85.0 640.0 0.01 89.6
90.0 640.0 0.00 -90.0
95.0 640.0 0.01 -89.6
100.0 640.0 0.01 -88.3
105.0 640.0 0.00 -87.2
110.0 640.0 0.00 -87.3
115.0 640.0 0.00 -85.4
120.0 640.0 0.01 -84.3
125.0 640.0 0.00 -84.2
130.0 640.0 0.00 -83.6
135.0 640.0 0.01 -82.8
140.0 640.0 0.00 -82.6
145.0 640.0 0.00 -81.5
150.0 640.0 0.01 -80.9
155.0 640.0 0.01 -81.2
160.0 640.0 0.00 -80.3
165.0 640.0 0.01 -80.3
170.0 640.0 0.03 -79.3
175.0 640.0 0.02 -79.7
180.0 640.0 0.00 -80.0
0.0 650.0 0.00 70.0
5.0 650.0 0.05 68.8
10.0 650.0 0.00 69.5
15.0 650.0 0.01 70.6
20.0 650.0 0.02 70.7
25.0 650.0 0.01 71.7
30.0 650.0 0.00 72.0
35.0 650.0 0.00 73.0
40.0 650.0 0.00 74.7
45.0 650.0 0.00 75.3
50.0 650.0 0.01 76.6
55.0 650.0 0.00 78.5
60.0 650.0 0.00 79.6
65.0 650.0 0.00 81.2
70.0 650.0 0.00 82.9
75.0 650.0 0.00 84.4
80.0 650.0 0.00 86.1
85.0 650.0 0.00 88.2
90.0 650.0 0.00 -90.0
95.0 650.0 0.00 -88.3
100.0 650.0 0.00 -86.6
105.0 650.0 0.00 -84.6
110.0 650.0 0.00 -83.0
115.0 650.0 0.00 -81.3
120.0 650.0 0.00 -79.8
125.0 650.0 0.00 -78.3
130.0 650.0 0.00 -76.2
135.0 650.0 0.00 -75.8
140.0 650.0 0.00 -74.6
145.0 650.0 0.00 -73.8
150.0 650.0 0.01 -72.2
155.0 650.0 0.00 -71.4
160.0 650.0 0.01 -71.6
165.0 650.0 0.00 -71.2
170.0 650.0 0.00 -69.5
175.0 650.0 0.05 -69.5
180.0 650.0 0.00 -70.0
0.0 660.0 0.00 60.0
5.0 660.0 0.02 59.9
10.0 660.0 0.00 59.1
15.0 660.0 0.02 61.3
20.0 660.0 0.00 61.0
25.0 660.0 0.00 62.6
30.0 660.0 0.01 63.5
35.0 660.0 0.00 64.9
40.0 660.0 0.00 66.2
45.0 660.0 0.00 67.7
50.0 660.0 0.01 69.5
55.0 660.0 0.00 71.9
60.0 660.0 0.00 73.9
65.0 660.0 0.00 76.1
70.0 660.0 0.00 78.9
75.0 660.0 0.00 81.5
80.0 660.0 0.00 84.1
85.0 660.0 0.00 87.1
90.0 660.0 0.00 -90.0
95.0 660.0 0.00 -87.2
100.0 660.0 0.00 -84.4
105.0 660.0 0.00 -81.5
110.0 660.0 0.00 -78.8
115.0 660.0 0.00 -76.2
120.0 660.0 0.00 -74.0
125.0 660.0 0.00 -71.8
130.0 660.0 0.00 -69.2
135.0 660.0 0.00 -67.9
140.0 660.0 0.00 -66.1
145.0 660.0 0.00 -64.4
150.0 660.0 0.01 -63.0
155.0 660.0 0.00 -62.3
160.0 660.0 0.00 -62.0
165.0 660.0 0.01 -59.8
170.0 660.0 0.01 -59.3
175.0 660.0 0.02 -60.2
180.0 660.0 0.00 -60.0
0.0 670.0 0.00 50.0
5.0 670.0 0.01 49.5
10.0 670.0 0.01 50.6
15.0 670.0 0.01 50.8
20.0 670.0 0.01 52.0
25.0 670.0 0.00 52.0
30.0 670.0 0.01 54.1
35.0 670.0 0.00 55.5
40.0 670.0 0.00 57.6
45.0 670.0 0.00 59.5
50.0 670.0 0.00 61.8
55.0 670.0 0.00 64.2
60.0 670.0 0.00 67.2
65.0 670.0 0.00 70.2
70.0 670.0 0.00 74.3
75.0 670.0 0.00 77.7
80.0 670.0 0.00 81.7
85.0 670.0 0.00 85.8
90.0 670.0 0.00 -90.0
95.0 670.0 0.00 -85.8
100.0 670.0 0.00 -81.7
105.0 670.0 0.00 -77.7
110.0 670.0 0.00 -74.2
115.0 670.0 0.00 -70.3
120.0 670.0 0.00 -67.3
125.0 670.0 0.00 -64.1
130.0 670.0 0.00 -62.0
135.0 670.0 0.00 -59.1
140.0 670.0 0.00 -57.6
145.0 670.0 0.00 -55.5
150.0 670.0 0.00 -53.8
155.0 670.0 0.01 -52.8
160.0 670.0 0.01 -51.5
165.0 670.0 0.00 -51.6
170.0 670.0 0.01 -51.0
175.0 670.0 0.02 -49.7
180.0 670.0 0.00 -50.0
0.0 680.0 0.00 40.0
5.0 680.0 0.01 39.4
10.0 680.0 0.00 41.4
15.0 680.0 0.01 41.1
20.0 680.0 0.01 42.2
25.0 680.0 0.00 43.1
30.0 680.0 0.01 43.8
35.0 680.0 0.01 45.3
40.0 680.0 0.00 47.4
45.0 680.0 0.00 49.6
50.0 680.0 0.00 52.5
55.0 680.0 0.00 55.9
60.0 680.0 0.00 59.3
65.0 680.0 0.00 63.4
70.0 680.0 0.00 67.8
75.0 680.0 0.00 72.8
80.0 680.0 0.00 78.2
85.0 680.0 0.00 84.1
90.0 680.0 0.00 -90.0
95.0 680.0 0.00 -84.1
100.0 680.0 0.00 -78.4
105.0 680.0 0.00 -72.8
110.0 680.0 0.00 -67.9
115.0 680.0 0.00 -63.3
120.0 680.0 0.00 -59.1
125.0 680.0 0.00 -55.9
130.0 680.0 0.00 -52.3
135.0 680.0 0.00 -50.1
140.0 680.0 0.01 -47.5
145.0 680.0 0.00 -46.1
150.0 680.0 0.01 -43.3
155.0 680.0 0.01 -42.6
160.0 680.0 0.01 -41.3
165.0 680.0 0.00 -40.3
170.0 680.0 0.01 -41.4
175.0 680.0 0.01 -39.5
180.0 680.0 0.00 -40.0
0.0 690.0 0.00 30.0
5.0 690.0 0.01 29.0
10.0 690.0 0.04 29.9
15.0 690.0 0.01 31.2
20.0 690.0 0.00 32.4
25.0 690.0 0.01 32.5
30.0 690.0 0.01 33.7
35.0 690.0 0.00 35.6
40.0 690.0 0.00 37.4
45.0 690.0 0.00 38.9
50.0 690.0 0.00 42.0
55.0 690.0 0.00 45.3
60.0 690.0 0.00 48.9
65.0 690.0 0.00 53.8
70.0 690.0 0.00 59.6
75.0 690.0 0.00 65.9
80.0 690.0 0.00 73.3
85.0 690.0 0.00 81.4
90.0 690.0 0.00 -90.0
95.0 690.0 0.00 -81.4
100.0 690.0 0.00 -73.2
105.0 690.0 0.00 -65.8
110.0 690.0 0.00 -59.6
115.0 690.0 0.00 -53.7
120.0 690.0 0.00 -49.3
125.0 690.0 0.00 -45.1
130.0 690.0 0.00 -41.8
135.0 690.0 0.01 -39.3
140.0 690.0 0.00 -37.4
145.0 690.0 0.00 -34.9
150.0 690.0 0.00 -33.4
155.0 690.0 0.00 -32.9
160.0 690.0 0.00 -30.6
165.0 690.0 0.00 -31.7
170.0 690.0 0.03 -29.1
175.0 690.0 0.02 -29.1
180.0 690.0 0.00 -30.0
0.0 700.0 0.00 20.0
5.0 700.0 0.01 19.6
10.0 700.0 0.03 19.4
15.0 700.0 0.01 21.5
20.0 700.0 0.01 21.3
25.0 700.0 0.01 21.7
30.0 700.0 0.01 23.2
35.0 700.0 0.01 24.6
40.0 700.0 0.00 24.9
45.0 700.0 0.01 27.1
50.0 700.0 0.00 29.7
55.0 700.0 0.01 32.8
60.0 700.0 0.00 35.8
65.0 700.0 0.00 40.6
70.0 700.0 0.00 46.9
75.0 700.0 0.00 54.5
80.0 700.0 0.00 64.4
85.0 700.0 0.00 76.6
90.0 700.0 0.00 -90.0
95.0 700.0 0.00 -76.5
100.0 700.0 0.00 -64.6
105.0 700.0 0.00 -54.7
110.0 700.0 0.00 -46.8
115.0 700.0 0.00 -40.8
120.0 700.0 0.00 -36.2
125.0 700.0 0.00 -32.8
130.0 700.0 0.00 -29.7
135.0 700.0 0.01 -27.1
140.0 700.0 0.00 -24.8
145.0 700.0 0.01 -23.6
150.0 700.0 0.00 -23.6
155.0 700.0 0.01 -22.5
160.0 700.0 0.01 -21.1
165.0 700.0 0.01 -20.1
170.0 700.0 0.02 -18.8
175.0 700.0 0.00 -19.5
180.0 700.0 0.00 -20.0
0.0 710.0 0.00 10.0
5.0 710.0 0.00 9.4
10.0 710.0 0.00 9.5
15.0 710.0 0.01 10.1
20.0 710.0 0.02 10.6
25.0 710.0 0.00 12.6
30.0 710.0 0.03 11.6
35.0 710.0 0.01 11.6
40.0 710.0 0.01 13.4
45.0 710.0 0.01 13.8
50.0 710.0 0.01 15.0
55.0 710.0 0.00 17.3
60.0 710.0 0.00 19.1
65.0 710.0 0.00 22.9
70.0 710.0 0.00 27.0
75.0 710.0 0.00 34.4
80.0 710.0 0.00 45.3
85.0 710.0 0.00 63.7
90.0 710.0 0.00 -90.0
95.0 710.0 0.00 -63.7
100.0 710.0 0.00 -45.6
105.0 710.0 0.00 -34.3
110.0 710.0 0.00 -27.1
115.0 710.0 0.00 -22.9
120.0 710.0 0.00 -19.7
125.0 710.0 0.01 -16.9
130.0 710.0 0.00 -14.9
135.0 710.0 0.01 -13.9
140.0 710.0 0.01 -13.2
145.0 710.0 0.00 -12.8
150.0 710.0 0.01 -12.8
155.0 710.0 0.03 -11.0
160.0 710.0 0.02 -10.6
165.0 710.0 0.00 -9.8
170.0 710.0 0.01 -9.6
175.0 710.0 0.00 -9.4
180.0 710.0 0.00 -10.0
0.0 720.0 0.00 -0.0
5.0 720.0 0.00 -0.0
10.0 720.0 0.00 -0.0
15.0 720.0 0.00 -0.0
20.0 720.0 0.00 -0.0
25.0 720.0 0.00 -0.0
30.0 720.0 0.00 -0.0
35.0 720.0 0.00 -0.0
40.0 720.0 0.00 -0.0
45.0 720.0 0.00 -0.0
50.0 720.0 0.00 -0.0
55.0 720.0 0.00 -0.0
60.0 720.0 0.00 -0.0
65.0 720.0 0.00 -0.0
70.0 720.0 0.00 -0.0
75.0 720.0 0.00 -0.0
80.0 720.0 0.00 -0.0
85.0 720.0 0.00 -0.0
90.0 720.0 0.00 82.9
95.0 720.0 0.00 0.0
100.0 720.0 0.00 0.0
105.0 720.0 0.00 0.0
110.0 720.0 0.00 0.0
115.0 720.0 0.00 0.0
120.0 720.0 0.00 0.0
125.0 720.0 0.00 0.0
130.0 720.0 0.00 0.0
135.0 720.0 0.00 0.0
140.0 720.0 0.00 0.0
145.0 720.0 0.00 0.0
150.0 720.0 0.00 0.0
155.0 720.0 0.00 0.0
160.0 720.0 0.00 0.0
165.0 720.0 0.00 0.0
170.0 720.0 0.00 0.0
175.0 720.0 0.00 0.0
180.0 720.0 0.00 0.0
