# FGCom-mumble Far-Field Radiation Pattern
# Frequency: 7.0 MHz
# Altitude: 0 m
# Format: Theta Phi Gain_dBi H_Polarization V_Polarization
# Theta: Elevation angle (0-180 degrees)
# Phi: Azimuth angle (0-360 degrees)
# Gain: Antenna gain in dBi
# H_Polarization: Horizontal polarization component
# V_Polarization: Vertical polarization component
0.00 0.00 6.52 0.0 1.0
5.00 0.00 7.61 0.0 1.0
10.00 0.00 8.72 0.0 1.0
15.00 0.00 9.83 0.0 1.0
20.00 0.00 10.93 0.0 1.0
25.00 0.00 12.01 0.0 1.0
30.00 0.00 13.06 0.0 1.0
35.00 0.00 14.08 0.0 1.0
40.00 0.00 15.04 0.0 1.0
45.00 0.00 15.91 0.5 0.5
50.00 0.00 16.67 0.5 0.5
55.00 0.00 17.27 0.5 0.5
60.00 0.00 17.67 0.5 0.5
65.00 0.00 17.81 0.5 0.5
70.00 0.00 17.59 0.5 0.5
75.00 0.00 16.82 0.5 0.5
80.00 0.00 15.07 0.5 0.5
85.00 0.00 10.91 0.5 0.5
90.00 0.00 -191.93 0.5 0.5
0.00 10.00 6.38 0.0 1.0
5.00 10.00 7.49 0.0 1.0
10.00 10.00 8.61 0.0 1.0
15.00 10.00 9.73 0.0 1.0
20.00 10.00 10.84 0.0 1.0
25.00 10.00 11.93 0.0 1.0
30.00 10.00 12.99 0.0 1.0
35.00 10.00 14.02 0.0 1.0
40.00 10.00 14.99 0.0 1.0
45.00 10.00 15.87 0.5 0.5
50.00 10.00 16.63 0.5 0.5
55.00 10.00 17.24 0.5 0.5
60.00 10.00 17.65 0.5 0.5
65.00 10.00 17.79 0.5 0.5
70.00 10.00 17.57 0.5 0.5
75.00 10.00 16.80 0.5 0.5
80.00 10.00 15.05 0.5 0.5
85.00 10.00 10.90 0.5 0.5
90.00 10.00 -192.01 0.5 0.5
0.00 20.00 5.98 0.0 1.0
5.00 20.00 7.12 0.0 1.0
10.00 20.00 8.28 0.0 1.0
15.00 20.00 9.44 0.0 1.0
20.00 20.00 10.57 0.0 1.0
25.00 20.00 11.69 0.0 1.0
30.00 20.00 12.79 0.0 1.0
35.00 20.00 13.84 0.0 1.0
40.00 20.00 14.83 0.0 1.0
45.00 20.00 15.74 0.5 0.5
50.00 20.00 16.52 0.5 0.5
55.00 20.00 17.15 0.5 0.5
60.00 20.00 17.57 0.5 0.5
65.00 20.00 17.73 0.5 0.5
70.00 20.00 17.52 0.5 0.5
75.00 20.00 16.76 0.5 0.5
80.00 20.00 15.01 0.5 0.5
85.00 20.00 10.86 0.5 0.5
90.00 20.00 -191.84 0.5 0.5
0.00 30.00 5.27 0.0 1.0
5.00 30.00 6.48 0.0 1.0
10.00 30.00 7.71 0.0 1.0
15.00 30.00 8.93 0.0 1.0
20.00 30.00 10.13 0.0 1.0
25.00 30.00 11.30 0.0 1.0
30.00 30.00 12.44 0.0 1.0
35.00 30.00 13.54 0.0 1.0
40.00 30.00 14.58 0.0 1.0
45.00 30.00 15.52 0.5 0.5
50.00 30.00 16.34 0.5 0.5
55.00 30.00 17.00 0.5 0.5
60.00 30.00 17.44 0.5 0.5
65.00 30.00 17.62 0.5 0.5
70.00 30.00 17.43 0.5 0.5
75.00 30.00 16.68 0.5 0.5
80.00 30.00 14.95 0.5 0.5
85.00 30.00 10.80 0.5 0.5
90.00 30.00 -191.54 0.5 0.5
0.00 40.00 4.20 0.0 1.0
5.00 40.00 5.54 0.0 1.0
10.00 40.00 6.89 0.0 1.0
15.00 40.00 8.20 0.0 1.0
20.00 40.00 9.49 0.0 1.0
25.00 40.00 10.75 0.0 1.0
30.00 40.00 11.97 0.0 1.0
35.00 40.00 13.14 0.0 1.0
40.00 40.00 14.24 0.0 1.0
45.00 40.00 15.23 0.5 0.5
50.00 40.00 16.10 0.5 0.5
55.00 40.00 16.80 0.5 0.5
60.00 40.00 17.28 0.5 0.5
65.00 40.00 17.48 0.5 0.5
70.00 40.00 17.31 0.5 0.5
75.00 40.00 16.58 0.5 0.5
80.00 40.00 14.86 0.5 0.5
85.00 40.00 10.71 0.5 0.5
90.00 40.00 -192.18 0.5 0.5
0.00 50.00 2.68 0.0 1.0
5.00 50.00 4.23 0.0 1.0
10.00 50.00 5.76 0.0 1.0
15.00 50.00 7.24 0.0 1.0
20.00 50.00 8.67 0.0 1.0
25.00 50.00 10.05 0.0 1.0
30.00 50.00 11.37 0.0 1.0
35.00 50.00 12.64 0.0 1.0
40.00 50.00 13.82 0.0 1.0
45.00 50.00 14.89 0.5 0.5
50.00 50.00 15.81 0.5 0.5
55.00 50.00 16.56 0.5 0.5
60.00 50.00 17.08 0.5 0.5
65.00 50.00 17.32 0.5 0.5
70.00 50.00 17.17 0.5 0.5
75.00 50.00 16.46 0.5 0.5
80.00 50.00 14.75 0.5 0.5
85.00 50.00 10.61 0.5 0.5
90.00 50.00 -192.06 0.5 0.5
0.00 60.00 0.50 0.0 1.0
5.00 60.00 2.43 0.0 1.0
10.00 60.00 4.28 0.0 1.0
15.00 60.00 6.02 0.0 1.0
20.00 60.00 7.66 0.0 1.0
25.00 60.00 9.21 0.0 1.0
30.00 60.00 10.68 0.0 1.0
35.00 60.00 12.06 0.0 1.0
40.00 60.00 13.34 0.0 1.0
45.00 60.00 14.50 0.5 0.5
50.00 60.00 15.49 0.5 0.5
55.00 60.00 16.29 0.5 0.5
60.00 60.00 16.86 0.5 0.5
65.00 60.00 17.13 0.5 0.5
70.00 60.00 17.01 0.5 0.5
75.00 60.00 16.32 0.5 0.5
80.00 60.00 14.62 0.5 0.5
85.00 60.00 10.50 0.5 0.5
90.00 60.00 -192.05 0.5 0.5
0.00 70.00 -2.80 0.0 1.0
5.00 70.00 -0.08 0.0 1.0
10.00 70.00 2.37 0.0 1.0
15.00 70.00 4.53 0.0 1.0
20.00 70.00 6.47 0.0 1.0
25.00 70.00 8.26 0.0 1.0
30.00 70.00 9.91 0.0 1.0
35.00 70.00 11.44 0.0 1.0
40.00 70.00 12.84 0.0 1.0
45.00 70.00 14.09 0.5 0.5
50.00 70.00 15.15 0.5 0.5
55.00 70.00 16.01 0.5 0.5
60.00 70.00 16.63 0.5 0.5
65.00 70.00 16.93 0.5 0.5
70.00 70.00 16.84 0.5 0.5
75.00 70.00 16.17 0.5 0.5
80.00 70.00 14.49 0.5 0.5
85.00 70.00 10.37 0.5 0.5
90.00 70.00 -192.53 0.5 0.5
0.00 80.00 -8.68 0.0 1.0
5.00 80.00 -3.73 0.0 1.0
10.00 80.00 -0.06 0.0 1.0
15.00 80.00 2.78 0.0 1.0
20.00 80.00 5.16 0.0 1.0
25.00 80.00 7.25 0.0 1.0
30.00 80.00 9.13 0.0 1.0
35.00 80.00 10.83 0.0 1.0
40.00 80.00 12.35 0.0 1.0
45.00 80.00 13.69 0.5 0.5
50.00 80.00 14.83 0.5 0.5
55.00 80.00 15.74 0.5 0.5
60.00 80.00 16.40 0.5 0.5
65.00 80.00 16.74 0.5 0.5
70.00 80.00 16.68 0.5 0.5
75.00 80.00 16.02 0.5 0.5
80.00 80.00 14.35 0.5 0.5
85.00 80.00 10.24 0.5 0.5
90.00 80.00 -192.15 0.5 0.5
0.00 90.00 -69.16 0.0 1.0
5.00 90.00 -9.12 0.0 1.0
10.00 90.00 -2.90 0.0 1.0
15.00 90.00 0.94 0.0 1.0
20.00 90.00 3.86 0.0 1.0
25.00 90.00 6.29 0.0 1.0
30.00 90.00 8.40 0.0 1.0
35.00 90.00 10.26 0.0 1.0
40.00 90.00 11.90 0.0 1.0
45.00 90.00 13.33 0.5 0.5
50.00 90.00 14.53 0.5 0.5
55.00 90.00 15.50 0.5 0.5
60.00 90.00 16.19 0.5 0.5
65.00 90.00 16.56 0.5 0.5
70.00 90.00 16.52 0.5 0.5
75.00 90.00 15.87 0.5 0.5
80.00 90.00 14.21 0.5 0.5
85.00 90.00 10.11 0.5 0.5
90.00 90.00 -192.60 0.5 0.5
0.00 100.00 -8.70 0.0 1.0
5.00 100.00 -10.19 0.0 1.0
10.00 100.00 -4.89 0.0 1.0
15.00 100.00 -0.51 0.0 1.0
20.00 100.00 2.81 0.0 1.0
25.00 100.00 5.51 0.0 1.0
30.00 100.00 7.81 0.0 1.0
35.00 100.00 9.80 0.0 1.0
40.00 100.00 11.54 0.0 1.0
45.00 100.00 13.03 0.5 0.5
50.00 100.00 14.29 0.5 0.5
55.00 100.00 15.29 0.5 0.5
60.00 100.00 16.01 0.5 0.5
65.00 100.00 16.40 0.5 0.5
70.00 100.00 16.37 0.5 0.5
75.00 100.00 15.74 0.5 0.5
80.00 100.00 14.09 0.5 0.5
85.00 100.00 9.99 0.5 0.5
90.00 100.00 -192.66 0.5 0.5
0.00 110.00 -2.81 0.0 1.0
5.00 110.00 -4.86 0.0 1.0
10.00 110.00 -3.93 0.0 1.0
15.00 110.00 -0.85 0.0 1.0
20.00 110.00 2.30 0.0 1.0
25.00 110.00 5.05 0.0 1.0
30.00 110.00 7.42 0.0 1.0
35.00 110.00 9.49 0.0 1.0
40.00 110.00 11.28 0.0 1.0
45.00 110.00 12.82 0.5 0.5
50.00 110.00 14.11 0.5 0.5
55.00 110.00 15.13 0.5 0.5
60.00 110.00 15.87 0.5 0.5
65.00 110.00 16.27 0.5 0.5
70.00 110.00 16.25 0.5 0.5
75.00 110.00 15.62 0.5 0.5
80.00 110.00 13.97 0.5 0.5
85.00 110.00 9.87 0.5 0.5
90.00 110.00 -192.69 0.5 0.5
0.00 120.00 0.49 0.0 1.0
5.00 120.00 -1.14 0.0 1.0
10.00 120.00 -1.51 0.0 1.0
15.00 120.00 -0.02 0.0 1.0
20.00 120.00 2.42 0.0 1.0
25.00 120.00 4.95 0.0 1.0
30.00 120.00 7.27 0.0 1.0
35.00 120.00 9.34 0.0 1.0
40.00 120.00 11.14 0.0 1.0
45.00 120.00 12.69 0.5 0.5
50.00 120.00 13.99 0.5 0.5
55.00 120.00 15.02 0.5 0.5
60.00 120.00 15.76 0.5 0.5
65.00 120.00 16.17 0.5 0.5
70.00 120.00 16.14 0.5 0.5
75.00 120.00 15.52 0.5 0.5
80.00 120.00 13.87 0.5 0.5
85.00 120.00 9.77 0.5 0.5
90.00 120.00 -192.94 0.5 0.5
0.00 130.00 2.68 0.0 1.0
5.00 130.00 1.32 0.0 1.0
10.00 130.00 0.66 0.0 1.0
15.00 130.00 1.26 0.0 1.0
20.00 130.00 2.98 0.0 1.0
25.00 130.00 5.15 0.0 1.0
30.00 130.00 7.32 0.0 1.0
35.00 130.00 9.32 0.0 1.0
40.00 130.00 11.10 0.0 1.0
45.00 130.00 12.64 0.5 0.5
50.00 130.00 13.93 0.5 0.5
55.00 130.00 14.95 0.5 0.5
60.00 130.00 15.69 0.5 0.5
65.00 130.00 16.09 0.5 0.5
70.00 130.00 16.07 0.5 0.5
75.00 130.00 15.44 0.5 0.5
80.00 130.00 13.79 0.5 0.5
85.00 130.00 9.69 0.5 0.5
90.00 130.00 -192.96 0.5 0.5
0.00 140.00 4.20 0.0 1.0
5.00 140.00 3.01 0.0 1.0
10.00 140.00 2.29 0.0 1.0
15.00 140.00 2.48 0.0 1.0
20.00 140.00 3.69 0.0 1.0
25.00 140.00 5.51 0.0 1.0
30.00 140.00 7.49 0.0 1.0
35.00 140.00 9.39 0.0 1.0
40.00 140.00 11.12 0.0 1.0
45.00 140.00 12.63 0.5 0.5
50.00 140.00 13.90 0.5 0.5
55.00 140.00 14.92 0.5 0.5
60.00 140.00 15.65 0.5 0.5
65.00 140.00 16.04 0.5 0.5
70.00 140.00 16.01 0.5 0.5
75.00 140.00 15.38 0.5 0.5
80.00 140.00 13.72 0.5 0.5
85.00 140.00 9.62 0.5 0.5
90.00 140.00 -192.51 0.5 0.5
0.00 150.00 5.27 0.0 1.0
5.00 150.00 4.18 0.0 1.0
10.00 150.00 3.45 0.0 1.0
15.00 150.00 3.45 0.0 1.0
20.00 150.00 4.34 0.0 1.0
25.00 150.00 5.88 0.0 1.0
30.00 150.00 7.70 0.0 1.0
35.00 150.00 9.51 0.0 1.0
40.00 150.00 11.18 0.0 1.0
45.00 150.00 12.66 0.5 0.5
50.00 150.00 13.91 0.5 0.5
55.00 150.00 14.91 0.5 0.5
60.00 150.00 15.62 0.5 0.5
65.00 150.00 16.01 0.5 0.5
70.00 150.00 15.97 0.5 0.5
75.00 150.00 15.33 0.5 0.5
80.00 150.00 13.67 0.5 0.5
85.00 150.00 9.57 0.5 0.5
90.00 150.00 -193.11 0.5 0.5
0.00 160.00 5.98 0.0 1.0
5.00 160.00 4.95 0.0 1.0
10.00 160.00 4.23 0.0 1.0
15.00 160.00 4.13 0.0 1.0
20.00 160.00 4.83 0.0 1.0
25.00 160.00 6.20 0.0 1.0
30.00 160.00 7.89 0.0 1.0
35.00 160.00 9.62 0.0 1.0
40.00 160.00 11.25 0.0 1.0
45.00 160.00 12.70 0.5 0.5
50.00 160.00 13.93 0.5 0.5
55.00 160.00 14.91 0.5 0.5
60.00 160.00 15.62 0.5 0.5
65.00 160.00 15.99 0.5 0.5
70.00 160.00 15.94 0.5 0.5
75.00 160.00 15.30 0.5 0.5
80.00 160.00 13.64 0.5 0.5
85.00 160.00 9.53 0.5 0.5
90.00 160.00 -193.08 0.5 0.5
0.00 170.00 6.38 0.0 1.0
5.00 170.00 5.39 0.0 1.0
10.00 170.00 4.67 0.0 1.0
15.00 170.00 4.53 0.0 1.0
20.00 170.00 5.14 0.0 1.0
25.00 170.00 6.41 0.0 1.0
30.00 170.00 8.02 0.0 1.0
35.00 170.00 9.70 0.0 1.0
40.00 170.00 11.30 0.0 1.0
45.00 170.00 12.73 0.5 0.5
50.00 170.00 13.94 0.5 0.5
55.00 170.00 14.92 0.5 0.5
60.00 170.00 15.61 0.5 0.5
65.00 170.00 15.98 0.5 0.5
70.00 170.00 15.93 0.5 0.5
75.00 170.00 15.29 0.5 0.5
80.00 170.00 13.62 0.5 0.5
85.00 170.00 9.51 0.5 0.5
90.00 170.00 -193.00 0.5 0.5
0.00 180.00 6.52 0.0 1.0
5.00 180.00 5.53 0.0 1.0
10.00 180.00 4.82 0.0 1.0
15.00 180.00 4.66 0.0 1.0
20.00 180.00 5.24 0.0 1.0
25.00 180.00 6.48 0.0 1.0
30.00 180.00 8.06 0.0 1.0
35.00 180.00 9.73 0.0 1.0
40.00 180.00 11.32 0.0 1.0
45.00 180.00 12.74 0.5 0.5
50.00 180.00 13.95 0.5 0.5
55.00 180.00 14.92 0.5 0.5
60.00 180.00 15.61 0.5 0.5
65.00 180.00 15.98 0.5 0.5
70.00 180.00 15.93 0.5 0.5
75.00 180.00 15.28 0.5 0.5
80.00 180.00 13.61 0.5 0.5
85.00 180.00 9.51 0.5 0.5
90.00 180.00 -193.19 0.5 0.5
0.00 190.00 6.38 0.0 1.0
5.00 190.00 5.39 0.0 1.0
10.00 190.00 4.68 0.0 1.0
15.00 190.00 4.53 0.0 1.0
20.00 190.00 5.14 0.0 1.0
25.00 190.00 6.41 0.0 1.0
30.00 190.00 8.02 0.0 1.0
35.00 190.00 9.70 0.0 1.0
40.00 190.00 11.30 0.0 1.0
45.00 190.00 12.73 0.5 0.5
50.00 190.00 13.94 0.5 0.5
55.00 190.00 14.92 0.5 0.5
60.00 190.00 15.61 0.5 0.5
65.00 190.00 15.98 0.5 0.5
70.00 190.00 15.93 0.5 0.5
75.00 190.00 15.29 0.5 0.5
80.00 190.00 13.62 0.5 0.5
85.00 190.00 9.51 0.5 0.5
90.00 190.00 -193.01 0.5 0.5
0.00 200.00 5.98 0.0 1.0
5.00 200.00 4.95 0.0 1.0
10.00 200.00 4.23 0.0 1.0
15.00 200.00 4.13 0.0 1.0
20.00 200.00 4.83 0.0 1.0
25.00 200.00 6.20 0.0 1.0
30.00 200.00 7.89 0.0 1.0
35.00 200.00 9.62 0.0 1.0
40.00 200.00 11.25 0.0 1.0
45.00 200.00 12.70 0.5 0.5
50.00 200.00 13.93 0.5 0.5
55.00 200.00 14.91 0.5 0.5
60.00 200.00 15.62 0.5 0.5
65.00 200.00 15.99 0.5 0.5
70.00 200.00 15.94 0.5 0.5
75.00 200.00 15.30 0.5 0.5
80.00 200.00 13.64 0.5 0.5
85.00 200.00 9.53 0.5 0.5
90.00 200.00 -192.74 0.5 0.5
0.00 210.00 5.27 0.0 1.0
5.00 210.00 4.18 0.0 1.0
10.00 210.00 3.45 0.0 1.0
15.00 210.00 3.45 0.0 1.0
20.00 210.00 4.34 0.0 1.0
25.00 210.00 5.89 0.0 1.0
30.00 210.00 7.70 0.0 1.0
35.00 210.00 9.51 0.0 1.0
40.00 210.00 11.18 0.0 1.0
45.00 210.00 12.66 0.5 0.5
50.00 210.00 13.91 0.5 0.5
55.00 210.00 14.91 0.5 0.5
60.00 210.00 15.63 0.5 0.5
65.00 210.00 16.01 0.5 0.5
70.00 210.00 15.97 0.5 0.5
75.00 210.00 15.33 0.5 0.5
80.00 210.00 13.67 0.5 0.5
85.00 210.00 9.57 0.5 0.5
90.00 210.00 -193.09 0.5 0.5
0.00 220.00 4.20 0.0 1.0
5.00 220.00 3.01 0.0 1.0
10.00 220.00 2.29 0.0 1.0
15.00 220.00 2.48 0.0 1.0
20.00 220.00 3.69 0.0 1.0
25.00 220.00 5.51 0.0 1.0
30.00 220.00 7.49 0.0 1.0
35.00 220.00 9.39 0.0 1.0
40.00 220.00 11.12 0.0 1.0
45.00 220.00 12.63 0.5 0.5
50.00 220.00 13.91 0.5 0.5
55.00 220.00 14.92 0.5 0.5
60.00 220.00 15.65 0.5 0.5
65.00 220.00 16.04 0.5 0.5
70.00 220.00 16.01 0.5 0.5
75.00 220.00 15.38 0.5 0.5
80.00 220.00 13.72 0.5 0.5
85.00 220.00 9.62 0.5 0.5
90.00 220.00 -192.72 0.5 0.5
0.00 230.00 2.68 0.0 1.0
5.00 230.00 1.32 0.0 1.0
10.00 230.00 0.66 0.0 1.0
15.00 230.00 1.27 0.0 1.0
20.00 230.00 2.99 0.0 1.0
25.00 230.00 5.15 0.0 1.0
30.00 230.00 7.32 0.0 1.0
35.00 230.00 9.32 0.0 1.0
40.00 230.00 11.10 0.0 1.0
45.00 230.00 12.64 0.5 0.5
50.00 230.00 13.93 0.5 0.5
55.00 230.00 14.95 0.5 0.5
60.00 230.00 15.69 0.5 0.5
65.00 230.00 16.09 0.5 0.5
70.00 230.00 16.07 0.5 0.5
75.00 230.00 15.44 0.5 0.5
80.00 230.00 13.79 0.5 0.5
85.00 230.00 9.69 0.5 0.5
90.00 230.00 -192.79 0.5 0.5
0.00 240.00 0.50 0.0 1.0
5.00 240.00 -1.13 0.0 1.0
10.00 240.00 -1.50 0.0 1.0
15.00 240.00 -0.02 0.0 1.0
20.00 240.00 2.42 0.0 1.0
25.00 240.00 4.95 0.0 1.0
30.00 240.00 7.27 0.0 1.0
35.00 240.00 9.34 0.0 1.0
40.00 240.00 11.14 0.0 1.0
45.00 240.00 12.69 0.5 0.5
50.00 240.00 13.99 0.5 0.5
55.00 240.00 15.02 0.5 0.5
60.00 240.00 15.76 0.5 0.5
65.00 240.00 16.17 0.5 0.5
70.00 240.00 16.14 0.5 0.5
75.00 240.00 15.52 0.5 0.5
80.00 240.00 13.87 0.5 0.5
85.00 240.00 9.77 0.5 0.5
90.00 240.00 -192.57 0.5 0.5
0.00 250.00 -2.80 0.0 1.0
5.00 250.00 -4.85 0.0 1.0
10.00 250.00 -3.93 0.0 1.0
15.00 250.00 -0.85 0.0 1.0
20.00 250.00 2.30 0.0 1.0
25.00 250.00 5.05 0.0 1.0
30.00 250.00 7.42 0.0 1.0
35.00 250.00 9.49 0.0 1.0
40.00 250.00 11.28 0.0 1.0
45.00 250.00 12.82 0.5 0.5
50.00 250.00 14.11 0.5 0.5
55.00 250.00 15.13 0.5 0.5
60.00 250.00 15.87 0.5 0.5
65.00 250.00 16.27 0.5 0.5
70.00 250.00 16.25 0.5 0.5
75.00 250.00 15.62 0.5 0.5
80.00 250.00 13.97 0.5 0.5
85.00 250.00 9.87 0.5 0.5
90.00 250.00 -192.57 0.5 0.5
0.00 260.00 -8.68 0.0 1.0
5.00 260.00 -10.18 0.0 1.0
10.00 260.00 -4.89 0.0 1.0
15.00 260.00 -0.51 0.0 1.0
20.00 260.00 2.81 0.0 1.0
25.00 260.00 5.51 0.0 1.0
30.00 260.00 7.81 0.0 1.0
35.00 260.00 9.80 0.0 1.0
40.00 260.00 11.54 0.0 1.0
45.00 260.00 13.03 0.5 0.5
50.00 260.00 14.29 0.5 0.5
55.00 260.00 15.29 0.5 0.5
60.00 260.00 16.01 0.5 0.5
65.00 260.00 16.40 0.5 0.5
70.00 260.00 16.37 0.5 0.5
75.00 260.00 15.74 0.5 0.5
80.00 260.00 14.09 0.5 0.5
85.00 260.00 9.99 0.5 0.5
90.00 260.00 -192.29 0.5 0.5
0.00 270.00 -69.16 0.0 1.0
5.00 270.00 -9.13 0.0 1.0
10.00 270.00 -2.90 0.0 1.0
15.00 270.00 0.94 0.0 1.0
20.00 270.00 3.86 0.0 1.0
25.00 270.00 6.29 0.0 1.0
30.00 270.00 8.40 0.0 1.0
35.00 270.00 10.26 0.0 1.0
40.00 270.00 11.90 0.0 1.0
45.00 270.00 13.33 0.5 0.5
50.00 270.00 14.53 0.5 0.5
55.00 270.00 15.50 0.5 0.5
60.00 270.00 16.19 0.5 0.5
65.00 270.00 16.56 0.5 0.5
70.00 270.00 16.52 0.5 0.5
75.00 270.00 15.87 0.5 0.5
80.00 270.00 14.21 0.5 0.5
85.00 270.00 10.11 0.5 0.5
90.00 270.00 -192.41 0.5 0.5
0.00 280.00 -8.70 0.0 1.0
5.00 280.00 -3.74 0.0 1.0
10.00 280.00 -0.06 0.0 1.0
15.00 280.00 2.78 0.0 1.0
20.00 280.00 5.16 0.0 1.0
25.00 280.00 7.25 0.0 1.0
30.00 280.00 9.13 0.0 1.0
35.00 280.00 10.82 0.0 1.0
40.00 280.00 12.35 0.0 1.0
45.00 280.00 13.69 0.5 0.5
50.00 280.00 14.83 0.5 0.5
55.00 280.00 15.74 0.5 0.5
60.00 280.00 16.40 0.5 0.5
65.00 280.00 16.74 0.5 0.5
70.00 280.00 16.68 0.5 0.5
75.00 280.00 16.02 0.5 0.5
80.00 280.00 14.35 0.5 0.5
85.00 280.00 10.24 0.5 0.5
90.00 280.00 -192.26 0.5 0.5
0.00 290.00 -2.81 0.0 1.0
5.00 290.00 -0.09 0.0 1.0
10.00 290.00 2.37 0.0 1.0
15.00 290.00 4.53 0.0 1.0
20.00 290.00 6.47 0.0 1.0
25.00 290.00 8.25 0.0 1.0
30.00 290.00 9.91 0.0 1.0
35.00 290.00 11.44 0.0 1.0
40.00 290.00 12.84 0.0 1.0
45.00 290.00 14.09 0.5 0.5
50.00 290.00 15.15 0.5 0.5
55.00 290.00 16.01 0.5 0.5
60.00 290.00 16.63 0.5 0.5
65.00 290.00 16.93 0.5 0.5
70.00 290.00 16.84 0.5 0.5
75.00 290.00 16.17 0.5 0.5
80.00 290.00 14.49 0.5 0.5
85.00 290.00 10.37 0.5 0.5
90.00 290.00 -192.08 0.5 0.5
0.00 300.00 0.49 0.0 1.0
5.00 300.00 2.42 0.0 1.0
10.00 300.00 4.28 0.0 1.0
15.00 300.00 6.02 0.0 1.0
20.00 300.00 7.65 0.0 1.0
25.00 300.00 9.21 0.0 1.0
30.00 300.00 10.68 0.0 1.0
35.00 300.00 12.06 0.0 1.0
40.00 300.00 13.34 0.0 1.0
45.00 300.00 14.50 0.5 0.5
50.00 300.00 15.49 0.5 0.5
55.00 300.00 16.29 0.5 0.5
60.00 300.00 16.86 0.5 0.5
65.00 300.00 17.13 0.5 0.5
70.00 300.00 17.01 0.5 0.5
75.00 300.00 16.32 0.5 0.5
80.00 300.00 14.62 0.5 0.5
85.00 300.00 10.50 0.5 0.5
90.00 300.00 -192.54 0.5 0.5
0.00 310.00 2.68 0.0 1.0
5.00 310.00 4.22 0.0 1.0
10.00 310.00 5.76 0.0 1.0
15.00 310.00 7.24 0.0 1.0
20.00 310.00 8.67 0.0 1.0
25.00 310.00 10.05 0.0 1.0
30.00 310.00 11.37 0.0 1.0
35.00 310.00 12.64 0.0 1.0
40.00 310.00 13.82 0.0 1.0
45.00 310.00 14.89 0.5 0.5
50.00 310.00 15.81 0.5 0.5
55.00 310.00 16.56 0.5 0.5
60.00 310.00 17.08 0.5 0.5
65.00 310.00 17.32 0.5 0.5
70.00 310.00 17.17 0.5 0.5
75.00 310.00 16.46 0.5 0.5
80.00 310.00 14.75 0.5 0.5
85.00 310.00 10.61 0.5 0.5
90.00 310.00 -192.38 0.5 0.5
0.00 320.00 4.20 0.0 1.0
5.00 320.00 5.54 0.0 1.0
10.00 320.00 6.88 0.0 1.0
15.00 320.00 8.20 0.0 1.0
20.00 320.00 9.49 0.0 1.0
25.00 320.00 10.75 0.0 1.0
30.00 320.00 11.97 0.0 1.0
35.00 320.00 13.14 0.0 1.0
40.00 320.00 14.24 0.0 1.0
45.00 320.00 15.23 0.5 0.5
50.00 320.00 16.10 0.5 0.5
55.00 320.00 16.80 0.5 0.5
60.00 320.00 17.28 0.5 0.5
65.00 320.00 17.48 0.5 0.5
70.00 320.00 17.31 0.5 0.5
75.00 320.00 16.58 0.5 0.5
80.00 320.00 14.86 0.5 0.5
85.00 320.00 10.71 0.5 0.5
90.00 320.00 -192.13 0.5 0.5
0.00 330.00 5.27 0.0 1.0
5.00 330.00 6.48 0.0 1.0
10.00 330.00 7.71 0.0 1.0
15.00 330.00 8.93 0.0 1.0
20.00 330.00 10.13 0.0 1.0
25.00 330.00 11.30 0.0 1.0
30.00 330.00 12.44 0.0 1.0
35.00 330.00 13.54 0.0 1.0
40.00 330.00 14.58 0.0 1.0
45.00 330.00 15.52 0.5 0.5
50.00 330.00 16.34 0.5 0.5
55.00 330.00 17.00 0.5 0.5
60.00 330.00 17.44 0.5 0.5
65.00 330.00 17.62 0.5 0.5
70.00 330.00 17.43 0.5 0.5
75.00 330.00 16.68 0.5 0.5
80.00 330.00 14.95 0.5 0.5
85.00 330.00 10.80 0.5 0.5
90.00 330.00 -191.82 0.5 0.5
0.00 340.00 5.98 0.0 1.0
5.00 340.00 7.12 0.0 1.0
10.00 340.00 8.28 0.0 1.0
15.00 340.00 9.44 0.0 1.0
20.00 340.00 10.57 0.0 1.0
25.00 340.00 11.69 0.0 1.0
30.00 340.00 12.79 0.0 1.0
35.00 340.00 13.84 0.0 1.0
40.00 340.00 14.83 0.0 1.0
45.00 340.00 15.74 0.5 0.5
50.00 340.00 16.52 0.5 0.5
55.00 340.00 17.15 0.5 0.5
60.00 340.00 17.57 0.5 0.5
65.00 340.00 17.73 0.5 0.5
70.00 340.00 17.52 0.5 0.5
75.00 340.00 16.76 0.5 0.5
80.00 340.00 15.01 0.5 0.5
85.00 340.00 10.86 0.5 0.5
90.00 340.00 -191.34 0.5 0.5
0.00 350.00 6.38 0.0 1.0
5.00 350.00 7.49 0.0 1.0
10.00 350.00 8.61 0.0 1.0
15.00 350.00 9.73 0.0 1.0
20.00 350.00 10.84 0.0 1.0
25.00 350.00 11.93 0.0 1.0
30.00 350.00 12.99 0.0 1.0
35.00 350.00 14.02 0.0 1.0
40.00 350.00 14.99 0.0 1.0
45.00 350.00 15.87 0.5 0.5
50.00 350.00 16.63 0.5 0.5
55.00 350.00 17.24 0.5 0.5
60.00 350.00 17.65 0.5 0.5
65.00 350.00 17.79 0.5 0.5
70.00 350.00 17.57 0.5 0.5
75.00 350.00 16.80 0.5 0.5
80.00 350.00 15.05 0.5 0.5
85.00 350.00 10.90 0.5 0.5
90.00 350.00 -192.00 0.5 0.5
0.00 360.00 6.52 0.0 1.0
5.00 360.00 7.61 0.0 1.0
10.00 360.00 8.72 0.0 1.0
15.00 360.00 9.83 0.0 1.0
20.00 360.00 10.93 0.0 1.0
25.00 360.00 12.01 0.0 1.0
30.00 360.00 13.06 0.0 1.0
35.00 360.00 14.08 0.0 1.0
40.00 360.00 15.04 0.0 1.0
45.00 360.00 15.91 0.5 0.5
50.00 360.00 16.67 0.5 0.5
55.00 360.00 17.27 0.5 0.5
60.00 360.00 17.67 0.5 0.5
65.00 360.00 17.81 0.5 0.5
70.00 360.00 17.59 0.5 0.5
75.00 360.00 16.82 0.5 0.5
80.00 360.00 15.07 0.5 0.5
85.00 360.00 10.91 0.5 0.5
90.00 360.00 -191.93 0.5 0.5
0.00 370.00 6.38 0.0 1.0
5.00 370.00 7.49 0.0 1.0
10.00 370.00 8.61 0.0 1.0
15.00 370.00 9.73 0.0 1.0
20.00 370.00 10.84 0.0 1.0
25.00 370.00 11.93 0.0 1.0
30.00 370.00 12.99 0.0 1.0
35.00 370.00 14.02 0.0 1.0
40.00 370.00 14.99 0.0 1.0
45.00 370.00 15.87 0.5 0.5
50.00 370.00 16.63 0.5 0.5
55.00 370.00 17.24 0.5 0.5
60.00 370.00 17.65 0.5 0.5
65.00 370.00 17.79 0.5 0.5
70.00 370.00 17.57 0.5 0.5
75.00 370.00 16.80 0.5 0.5
80.00 370.00 15.05 0.5 0.5
85.00 370.00 10.90 0.5 0.5
90.00 370.00 -191.93 0.5 0.5
0.00 380.00 5.98 0.0 1.0
5.00 380.00 7.12 0.0 1.0
10.00 380.00 8.28 0.0 1.0
15.00 380.00 9.44 0.0 1.0
20.00 380.00 10.57 0.0 1.0
25.00 380.00 11.69 0.0 1.0
30.00 380.00 12.79 0.0 1.0
35.00 380.00 13.84 0.0 1.0
40.00 380.00 14.83 0.0 1.0
45.00 380.00 15.74 0.5 0.5
50.00 380.00 16.52 0.5 0.5
55.00 380.00 17.15 0.5 0.5
60.00 380.00 17.57 0.5 0.5
65.00 380.00 17.73 0.5 0.5
70.00 380.00 17.52 0.5 0.5
75.00 380.00 16.76 0.5 0.5
80.00 380.00 15.01 0.5 0.5
85.00 380.00 10.86 0.5 0.5
90.00 380.00 -191.35 0.5 0.5
0.00 390.00 5.27 0.0 1.0
5.00 390.00 6.48 0.0 1.0
10.00 390.00 7.71 0.0 1.0
15.00 390.00 8.93 0.0 1.0
20.00 390.00 10.13 0.0 1.0
25.00 390.00 11.30 0.0 1.0
30.00 390.00 12.44 0.0 1.0
35.00 390.00 13.54 0.0 1.0
40.00 390.00 14.58 0.0 1.0
45.00 390.00 15.52 0.5 0.5
50.00 390.00 16.34 0.5 0.5
55.00 390.00 17.00 0.5 0.5
60.00 390.00 17.44 0.5 0.5
65.00 390.00 17.62 0.5 0.5
70.00 390.00 17.43 0.5 0.5
75.00 390.00 16.68 0.5 0.5
80.00 390.00 14.95 0.5 0.5
85.00 390.00 10.80 0.5 0.5
90.00 390.00 -191.97 0.5 0.5
0.00 400.00 4.20 0.0 1.0
5.00 400.00 5.54 0.0 1.0
10.00 400.00 6.89 0.0 1.0
15.00 400.00 8.20 0.0 1.0
20.00 400.00 9.49 0.0 1.0
25.00 400.00 10.75 0.0 1.0
30.00 400.00 11.97 0.0 1.0
35.00 400.00 13.14 0.0 1.0
40.00 400.00 14.24 0.0 1.0
45.00 400.00 15.23 0.5 0.5
50.00 400.00 16.10 0.5 0.5
55.00 400.00 16.80 0.5 0.5
60.00 400.00 17.28 0.5 0.5
65.00 400.00 17.48 0.5 0.5
70.00 400.00 17.31 0.5 0.5
75.00 400.00 16.58 0.5 0.5
80.00 400.00 14.86 0.5 0.5
85.00 400.00 10.71 0.5 0.5
90.00 400.00 -192.31 0.5 0.5
0.00 410.00 2.68 0.0 1.0
5.00 410.00 4.23 0.0 1.0
10.00 410.00 5.76 0.0 1.0
15.00 410.00 7.24 0.0 1.0
20.00 410.00 8.67 0.0 1.0
25.00 410.00 10.05 0.0 1.0
30.00 410.00 11.37 0.0 1.0
35.00 410.00 12.64 0.0 1.0
40.00 410.00 13.82 0.0 1.0
45.00 410.00 14.89 0.5 0.5
50.00 410.00 15.81 0.5 0.5
55.00 410.00 16.56 0.5 0.5
60.00 410.00 17.08 0.5 0.5
65.00 410.00 17.32 0.5 0.5
70.00 410.00 17.17 0.5 0.5
75.00 410.00 16.46 0.5 0.5
80.00 410.00 14.75 0.5 0.5
85.00 410.00 10.61 0.5 0.5
90.00 410.00 -191.51 0.5 0.5
0.00 420.00 0.50 0.0 1.0
5.00 420.00 2.43 0.0 1.0
10.00 420.00 4.28 0.0 1.0
15.00 420.00 6.02 0.0 1.0
20.00 420.00 7.66 0.0 1.0
25.00 420.00 9.21 0.0 1.0
30.00 420.00 10.68 0.0 1.0
35.00 420.00 12.06 0.0 1.0
40.00 420.00 13.34 0.0 1.0
45.00 420.00 14.50 0.5 0.5
50.00 420.00 15.49 0.5 0.5
55.00 420.00 16.29 0.5 0.5
60.00 420.00 16.86 0.5 0.5
65.00 420.00 17.13 0.5 0.5
70.00 420.00 17.01 0.5 0.5
75.00 420.00 16.32 0.5 0.5
80.00 420.00 14.62 0.5 0.5
85.00 420.00 10.50 0.5 0.5
90.00 420.00 -192.39 0.5 0.5
0.00 430.00 -2.80 0.0 1.0
5.00 430.00 -0.08 0.0 1.0
10.00 430.00 2.37 0.0 1.0
15.00 430.00 4.53 0.0 1.0
20.00 430.00 6.47 0.0 1.0
25.00 430.00 8.26 0.0 1.0
30.00 430.00 9.91 0.0 1.0
35.00 430.00 11.44 0.0 1.0
40.00 430.00 12.84 0.0 1.0
45.00 430.00 14.09 0.5 0.5
50.00 430.00 15.15 0.5 0.5
55.00 430.00 16.01 0.5 0.5
60.00 430.00 16.63 0.5 0.5
65.00 430.00 16.93 0.5 0.5
70.00 430.00 16.84 0.5 0.5
75.00 430.00 16.17 0.5 0.5
80.00 430.00 14.49 0.5 0.5
85.00 430.00 10.37 0.5 0.5
90.00 430.00 -192.14 0.5 0.5
0.00 440.00 -8.68 0.0 1.0
5.00 440.00 -3.73 0.0 1.0
10.00 440.00 -0.06 0.0 1.0
15.00 440.00 2.78 0.0 1.0
20.00 440.00 5.16 0.0 1.0
25.00 440.00 7.25 0.0 1.0
30.00 440.00 9.13 0.0 1.0
35.00 440.00 10.83 0.0 1.0
40.00 440.00 12.35 0.0 1.0
45.00 440.00 13.69 0.5 0.5
50.00 440.00 14.83 0.5 0.5
55.00 440.00 15.74 0.5 0.5
60.00 440.00 16.40 0.5 0.5
65.00 440.00 16.74 0.5 0.5
70.00 440.00 16.68 0.5 0.5
75.00 440.00 16.02 0.5 0.5
80.00 440.00 14.35 0.5 0.5
85.00 440.00 10.24 0.5 0.5
90.00 440.00 -192.60 0.5 0.5
0.00 450.00 -69.16 0.0 1.0
5.00 450.00 -9.12 0.0 1.0
10.00 450.00 -2.90 0.0 1.0
15.00 450.00 0.94 0.0 1.0
20.00 450.00 3.86 0.0 1.0
25.00 450.00 6.29 0.0 1.0
30.00 450.00 8.40 0.0 1.0
35.00 450.00 10.26 0.0 1.0
40.00 450.00 11.90 0.0 1.0
45.00 450.00 13.33 0.5 0.5
50.00 450.00 14.53 0.5 0.5
55.00 450.00 15.50 0.5 0.5
60.00 450.00 16.19 0.5 0.5
65.00 450.00 16.56 0.5 0.5
70.00 450.00 16.52 0.5 0.5
75.00 450.00 15.87 0.5 0.5
80.00 450.00 14.21 0.5 0.5
85.00 450.00 10.11 0.5 0.5
90.00 450.00 -192.45 0.5 0.5
0.00 460.00 -8.70 0.0 1.0
5.00 460.00 -10.19 0.0 1.0
10.00 460.00 -4.89 0.0 1.0
15.00 460.00 -0.51 0.0 1.0
20.00 460.00 2.81 0.0 1.0
25.00 460.00 5.51 0.0 1.0
30.00 460.00 7.81 0.0 1.0
35.00 460.00 9.80 0.0 1.0
40.00 460.00 11.54 0.0 1.0
45.00 460.00 13.03 0.5 0.5
50.00 460.00 14.29 0.5 0.5
55.00 460.00 15.29 0.5 0.5
60.00 460.00 16.01 0.5 0.5
65.00 460.00 16.40 0.5 0.5
70.00 460.00 16.37 0.5 0.5
75.00 460.00 15.74 0.5 0.5
80.00 460.00 14.09 0.5 0.5
85.00 460.00 9.99 0.5 0.5
90.00 460.00 -192.70 0.5 0.5
0.00 470.00 -2.81 0.0 1.0
5.00 470.00 -4.86 0.0 1.0
10.00 470.00 -3.93 0.0 1.0
15.00 470.00 -0.85 0.0 1.0
20.00 470.00 2.30 0.0 1.0
25.00 470.00 5.05 0.0 1.0
30.00 470.00 7.42 0.0 1.0
35.00 470.00 9.49 0.0 1.0
40.00 470.00 11.28 0.0 1.0
45.00 470.00 12.82 0.5 0.5
50.00 470.00 14.11 0.5 0.5
55.00 470.00 15.13 0.5 0.5
60.00 470.00 15.87 0.5 0.5
65.00 470.00 16.27 0.5 0.5
70.00 470.00 16.25 0.5 0.5
75.00 470.00 15.62 0.5 0.5
80.00 470.00 13.97 0.5 0.5
85.00 470.00 9.87 0.5 0.5
90.00 470.00 -192.68 0.5 0.5
0.00 480.00 0.49 0.0 1.0
5.00 480.00 -1.14 0.0 1.0
10.00 480.00 -1.51 0.0 1.0
15.00 480.00 -0.02 0.0 1.0
20.00 480.00 2.42 0.0 1.0
25.00 480.00 4.95 0.0 1.0
30.00 480.00 7.27 0.0 1.0
35.00 480.00 9.34 0.0 1.0
40.00 480.00 11.14 0.0 1.0
45.00 480.00 12.69 0.5 0.5
50.00 480.00 13.99 0.5 0.5
55.00 480.00 15.02 0.5 0.5
60.00 480.00 15.76 0.5 0.5
65.00 480.00 16.17 0.5 0.5
70.00 480.00 16.14 0.5 0.5
75.00 480.00 15.52 0.5 0.5
80.00 480.00 13.87 0.5 0.5
85.00 480.00 9.77 0.5 0.5
90.00 480.00 -193.12 0.5 0.5
0.00 490.00 2.68 0.0 1.0
5.00 490.00 1.32 0.0 1.0
10.00 490.00 0.66 0.0 1.0
15.00 490.00 1.26 0.0 1.0
20.00 490.00 2.98 0.0 1.0
25.00 490.00 5.15 0.0 1.0
30.00 490.00 7.32 0.0 1.0
35.00 490.00 9.32 0.0 1.0
40.00 490.00 11.10 0.0 1.0
45.00 490.00 12.64 0.5 0.5
50.00 490.00 13.93 0.5 0.5
55.00 490.00 14.95 0.5 0.5
60.00 490.00 15.69 0.5 0.5
65.00 490.00 16.09 0.5 0.5
70.00 490.00 16.07 0.5 0.5
75.00 490.00 15.44 0.5 0.5
80.00 490.00 13.79 0.5 0.5
85.00 490.00 9.69 0.5 0.5
90.00 490.00 -193.27 0.5 0.5
0.00 500.00 4.20 0.0 1.0
5.00 500.00 3.01 0.0 1.0
10.00 500.00 2.29 0.0 1.0
15.00 500.00 2.48 0.0 1.0
20.00 500.00 3.69 0.0 1.0
25.00 500.00 5.51 0.0 1.0
30.00 500.00 7.49 0.0 1.0
35.00 500.00 9.39 0.0 1.0
40.00 500.00 11.12 0.0 1.0
45.00 500.00 12.63 0.5 0.5
50.00 500.00 13.90 0.5 0.5
55.00 500.00 14.92 0.5 0.5
60.00 500.00 15.65 0.5 0.5
65.00 500.00 16.04 0.5 0.5
70.00 500.00 16.01 0.5 0.5
75.00 500.00 15.38 0.5 0.5
80.00 500.00 13.72 0.5 0.5
85.00 500.00 9.62 0.5 0.5
90.00 500.00 -192.83 0.5 0.5
0.00 510.00 5.27 0.0 1.0
5.00 510.00 4.18 0.0 1.0
10.00 510.00 3.45 0.0 1.0
15.00 510.00 3.45 0.0 1.0
20.00 510.00 4.34 0.0 1.0
25.00 510.00 5.88 0.0 1.0
30.00 510.00 7.70 0.0 1.0
35.00 510.00 9.51 0.0 1.0
40.00 510.00 11.18 0.0 1.0
45.00 510.00 12.66 0.5 0.5
50.00 510.00 13.91 0.5 0.5
55.00 510.00 14.91 0.5 0.5
60.00 510.00 15.62 0.5 0.5
65.00 510.00 16.01 0.5 0.5
70.00 510.00 15.97 0.5 0.5
75.00 510.00 15.33 0.5 0.5
80.00 510.00 13.67 0.5 0.5
85.00 510.00 9.57 0.5 0.5
90.00 510.00 -192.85 0.5 0.5
0.00 520.00 5.98 0.0 1.0
5.00 520.00 4.95 0.0 1.0
10.00 520.00 4.23 0.0 1.0
15.00 520.00 4.13 0.0 1.0
20.00 520.00 4.83 0.0 1.0
25.00 520.00 6.20 0.0 1.0
30.00 520.00 7.89 0.0 1.0
35.00 520.00 9.62 0.0 1.0
40.00 520.00 11.25 0.0 1.0
45.00 520.00 12.70 0.5 0.5
50.00 520.00 13.93 0.5 0.5
55.00 520.00 14.91 0.5 0.5
60.00 520.00 15.62 0.5 0.5
65.00 520.00 15.99 0.5 0.5
70.00 520.00 15.94 0.5 0.5
75.00 520.00 15.30 0.5 0.5
80.00 520.00 13.64 0.5 0.5
85.00 520.00 9.53 0.5 0.5
90.00 520.00 -193.07 0.5 0.5
0.00 530.00 6.38 0.0 1.0
5.00 530.00 5.39 0.0 1.0
10.00 530.00 4.67 0.0 1.0
15.00 530.00 4.53 0.0 1.0
20.00 530.00 5.14 0.0 1.0
25.00 530.00 6.41 0.0 1.0
30.00 530.00 8.02 0.0 1.0
35.00 530.00 9.70 0.0 1.0
40.00 530.00 11.30 0.0 1.0
45.00 530.00 12.73 0.5 0.5
50.00 530.00 13.94 0.5 0.5
55.00 530.00 14.92 0.5 0.5
60.00 530.00 15.61 0.5 0.5
65.00 530.00 15.98 0.5 0.5
70.00 530.00 15.93 0.5 0.5
75.00 530.00 15.29 0.5 0.5
80.00 530.00 13.62 0.5 0.5
85.00 530.00 9.51 0.5 0.5
90.00 530.00 -193.19 0.5 0.5
0.00 540.00 6.52 0.0 1.0
5.00 540.00 5.53 0.0 1.0
10.00 540.00 4.82 0.0 1.0
15.00 540.00 4.66 0.0 1.0
20.00 540.00 5.24 0.0 1.0
25.00 540.00 6.48 0.0 1.0
30.00 540.00 8.06 0.0 1.0
35.00 540.00 9.73 0.0 1.0
40.00 540.00 11.32 0.0 1.0
45.00 540.00 12.74 0.5 0.5
50.00 540.00 13.95 0.5 0.5
55.00 540.00 14.92 0.5 0.5
60.00 540.00 15.61 0.5 0.5
65.00 540.00 15.98 0.5 0.5
70.00 540.00 15.93 0.5 0.5
75.00 540.00 15.28 0.5 0.5
80.00 540.00 13.61 0.5 0.5
85.00 540.00 9.51 0.5 0.5
90.00 540.00 -193.19 0.5 0.5
0.00 550.00 6.38 0.0 1.0
5.00 550.00 5.39 0.0 1.0
10.00 550.00 4.68 0.0 1.0
15.00 550.00 4.53 0.0 1.0
20.00 550.00 5.14 0.0 1.0
25.00 550.00 6.41 0.0 1.0
30.00 550.00 8.02 0.0 1.0
35.00 550.00 9.70 0.0 1.0
40.00 550.00 11.30 0.0 1.0
45.00 550.00 12.73 0.5 0.5
50.00 550.00 13.94 0.5 0.5
55.00 550.00 14.92 0.5 0.5
60.00 550.00 15.61 0.5 0.5
65.00 550.00 15.98 0.5 0.5
70.00 550.00 15.93 0.5 0.5
75.00 550.00 15.29 0.5 0.5
80.00 550.00 13.62 0.5 0.5
85.00 550.00 9.51 0.5 0.5
90.00 550.00 -192.93 0.5 0.5
0.00 560.00 5.98 0.0 1.0
5.00 560.00 4.95 0.0 1.0
10.00 560.00 4.23 0.0 1.0
15.00 560.00 4.13 0.0 1.0
20.00 560.00 4.83 0.0 1.0
25.00 560.00 6.20 0.0 1.0
30.00 560.00 7.89 0.0 1.0
35.00 560.00 9.62 0.0 1.0
40.00 560.00 11.25 0.0 1.0
45.00 560.00 12.70 0.5 0.5
50.00 560.00 13.93 0.5 0.5
55.00 560.00 14.91 0.5 0.5
60.00 560.00 15.62 0.5 0.5
65.00 560.00 15.99 0.5 0.5
70.00 560.00 15.94 0.5 0.5
75.00 560.00 15.30 0.5 0.5
80.00 560.00 13.64 0.5 0.5
85.00 560.00 9.53 0.5 0.5
90.00 560.00 -192.93 0.5 0.5
0.00 570.00 5.27 0.0 1.0
5.00 570.00 4.18 0.0 1.0
10.00 570.00 3.45 0.0 1.0
15.00 570.00 3.45 0.0 1.0
20.00 570.00 4.34 0.0 1.0
25.00 570.00 5.89 0.0 1.0
30.00 570.00 7.70 0.0 1.0
35.00 570.00 9.51 0.0 1.0
40.00 570.00 11.18 0.0 1.0
45.00 570.00 12.66 0.5 0.5
50.00 570.00 13.91 0.5 0.5
55.00 570.00 14.91 0.5 0.5
60.00 570.00 15.63 0.5 0.5
65.00 570.00 16.01 0.5 0.5
70.00 570.00 15.97 0.5 0.5
75.00 570.00 15.33 0.5 0.5
80.00 570.00 13.67 0.5 0.5
85.00 570.00 9.57 0.5 0.5
90.00 570.00 -192.94 0.5 0.5
0.00 580.00 4.20 0.0 1.0
5.00 580.00 3.01 0.0 1.0
10.00 580.00 2.29 0.0 1.0
15.00 580.00 2.48 0.0 1.0
20.00 580.00 3.69 0.0 1.0
25.00 580.00 5.51 0.0 1.0
30.00 580.00 7.49 0.0 1.0
35.00 580.00 9.39 0.0 1.0
40.00 580.00 11.12 0.0 1.0
45.00 580.00 12.63 0.5 0.5
50.00 580.00 13.91 0.5 0.5
55.00 580.00 14.92 0.5 0.5
60.00 580.00 15.65 0.5 0.5
65.00 580.00 16.04 0.5 0.5
70.00 580.00 16.01 0.5 0.5
75.00 580.00 15.38 0.5 0.5
80.00 580.00 13.72 0.5 0.5
85.00 580.00 9.62 0.5 0.5
90.00 580.00 -192.91 0.5 0.5
0.00 590.00 2.68 0.0 1.0
5.00 590.00 1.32 0.0 1.0
10.00 590.00 0.66 0.0 1.0
15.00 590.00 1.27 0.0 1.0
20.00 590.00 2.99 0.0 1.0
25.00 590.00 5.15 0.0 1.0
30.00 590.00 7.32 0.0 1.0
35.00 590.00 9.32 0.0 1.0
40.00 590.00 11.10 0.0 1.0
45.00 590.00 12.64 0.5 0.5
50.00 590.00 13.93 0.5 0.5
55.00 590.00 14.95 0.5 0.5
60.00 590.00 15.69 0.5 0.5
65.00 590.00 16.09 0.5 0.5
70.00 590.00 16.07 0.5 0.5
75.00 590.00 15.44 0.5 0.5
80.00 590.00 13.79 0.5 0.5
85.00 590.00 9.69 0.5 0.5
90.00 590.00 -193.16 0.5 0.5
0.00 600.00 0.50 0.0 1.0
5.00 600.00 -1.13 0.0 1.0
10.00 600.00 -1.50 0.0 1.0
15.00 600.00 -0.02 0.0 1.0
20.00 600.00 2.42 0.0 1.0
25.00 600.00 4.95 0.0 1.0
30.00 600.00 7.27 0.0 1.0
35.00 600.00 9.34 0.0 1.0
40.00 600.00 11.14 0.0 1.0
45.00 600.00 12.69 0.5 0.5
50.00 600.00 13.99 0.5 0.5
55.00 600.00 15.02 0.5 0.5
60.00 600.00 15.76 0.5 0.5
65.00 600.00 16.17 0.5 0.5
70.00 600.00 16.14 0.5 0.5
75.00 600.00 15.52 0.5 0.5
80.00 600.00 13.87 0.5 0.5
85.00 600.00 9.77 0.5 0.5
90.00 600.00 -193.14 0.5 0.5
0.00 610.00 -2.80 0.0 1.0
5.00 610.00 -4.85 0.0 1.0
10.00 610.00 -3.93 0.0 1.0
15.00 610.00 -0.85 0.0 1.0
20.00 610.00 2.30 0.0 1.0
25.00 610.00 5.05 0.0 1.0
30.00 610.00 7.42 0.0 1.0
35.00 610.00 9.49 0.0 1.0
40.00 610.00 11.28 0.0 1.0
45.00 610.00 12.82 0.5 0.5
50.00 610.00 14.11 0.5 0.5
55.00 610.00 15.13 0.5 0.5
60.00 610.00 15.87 0.5 0.5
65.00 610.00 16.27 0.5 0.5
70.00 610.00 16.25 0.5 0.5
75.00 610.00 15.62 0.5 0.5
80.00 610.00 13.97 0.5 0.5
85.00 610.00 9.87 0.5 0.5
90.00 610.00 -192.40 0.5 0.5
0.00 620.00 -8.68 0.0 1.0
5.00 620.00 -10.18 0.0 1.0
10.00 620.00 -4.89 0.0 1.0
15.00 620.00 -0.51 0.0 1.0
20.00 620.00 2.81 0.0 1.0
25.00 620.00 5.51 0.0 1.0
30.00 620.00 7.81 0.0 1.0
35.00 620.00 9.80 0.0 1.0
40.00 620.00 11.54 0.0 1.0
45.00 620.00 13.03 0.5 0.5
50.00 620.00 14.29 0.5 0.5
55.00 620.00 15.29 0.5 0.5
60.00 620.00 16.01 0.5 0.5
65.00 620.00 16.40 0.5 0.5
70.00 620.00 16.37 0.5 0.5
75.00 620.00 15.74 0.5 0.5
80.00 620.00 14.09 0.5 0.5
85.00 620.00 9.99 0.5 0.5
90.00 620.00 -192.57 0.5 0.5
0.00 630.00 -69.16 0.0 1.0
5.00 630.00 -9.13 0.0 1.0
10.00 630.00 -2.90 0.0 1.0
15.00 630.00 0.94 0.0 1.0
20.00 630.00 3.86 0.0 1.0
25.00 630.00 6.29 0.0 1.0
30.00 630.00 8.40 0.0 1.0
35.00 630.00 10.26 0.0 1.0
40.00 630.00 11.90 0.0 1.0
45.00 630.00 13.33 0.5 0.5
50.00 630.00 14.53 0.5 0.5
55.00 630.00 15.50 0.5 0.5
60.00 630.00 16.19 0.5 0.5
65.00 630.00 16.56 0.5 0.5
70.00 630.00 16.52 0.5 0.5
75.00 630.00 15.87 0.5 0.5
80.00 630.00 14.21 0.5 0.5
85.00 630.00 10.11 0.5 0.5
90.00 630.00 -192.38 0.5 0.5
0.00 640.00 -8.70 0.0 1.0
5.00 640.00 -3.74 0.0 1.0
10.00 640.00 -0.06 0.0 1.0
15.00 640.00 2.78 0.0 1.0
20.00 640.00 5.16 0.0 1.0
25.00 640.00 7.25 0.0 1.0
30.00 640.00 9.13 0.0 1.0
35.00 640.00 10.82 0.0 1.0
40.00 640.00 12.35 0.0 1.0
45.00 640.00 13.69 0.5 0.5
50.00 640.00 14.83 0.5 0.5
55.00 640.00 15.74 0.5 0.5
60.00 640.00 16.40 0.5 0.5
65.00 640.00 16.74 0.5 0.5
70.00 640.00 16.68 0.5 0.5
75.00 640.00 16.02 0.5 0.5
80.00 640.00 14.35 0.5 0.5
85.00 640.00 10.24 0.5 0.5
90.00 640.00 -192.52 0.5 0.5
0.00 650.00 -2.81 0.0 1.0
5.00 650.00 -0.09 0.0 1.0
10.00 650.00 2.37 0.0 1.0
15.00 650.00 4.53 0.0 1.0
20.00 650.00 6.47 0.0 1.0
25.00 650.00 8.25 0.0 1.0
30.00 650.00 9.91 0.0 1.0
35.00 650.00 11.44 0.0 1.0
40.00 650.00 12.84 0.0 1.0
45.00 650.00 14.09 0.5 0.5
50.00 650.00 15.15 0.5 0.5
55.00 650.00 16.01 0.5 0.5
60.00 650.00 16.63 0.5 0.5
65.00 650.00 16.93 0.5 0.5
70.00 650.00 16.84 0.5 0.5
75.00 650.00 16.17 0.5 0.5
80.00 650.00 14.49 0.5 0.5
85.00 650.00 10.37 0.5 0.5
90.00 650.00 -192.37 0.5 0.5
0.00 660.00 0.49 0.0 1.0
5.00 660.00 2.42 0.0 1.0
10.00 660.00 4.28 0.0 1.0
15.00 660.00 6.02 0.0 1.0
20.00 660.00 7.65 0.0 1.0
25.00 660.00 9.21 0.0 1.0
30.00 660.00 10.68 0.0 1.0
35.00 660.00 12.06 0.0 1.0
40.00 660.00 13.34 0.0 1.0
45.00 660.00 14.50 0.5 0.5
50.00 660.00 15.49 0.5 0.5
55.00 660.00 16.29 0.5 0.5
60.00 660.00 16.86 0.5 0.5
65.00 660.00 17.13 0.5 0.5
70.00 660.00 17.01 0.5 0.5
75.00 660.00 16.32 0.5 0.5
80.00 660.00 14.62 0.5 0.5
85.00 660.00 10.50 0.5 0.5
90.00 660.00 -192.25 0.5 0.5
0.00 670.00 2.68 0.0 1.0
5.00 670.00 4.22 0.0 1.0
10.00 670.00 5.76 0.0 1.0
15.00 670.00 7.24 0.0 1.0
20.00 670.00 8.67 0.0 1.0
25.00 670.00 10.05 0.0 1.0
30.00 670.00 11.37 0.0 1.0
35.00 670.00 12.64 0.0 1.0
40.00 670.00 13.82 0.0 1.0
45.00 670.00 14.89 0.5 0.5
50.00 670.00 15.81 0.5 0.5
55.00 670.00 16.56 0.5 0.5
60.00 670.00 17.08 0.5 0.5
65.00 670.00 17.32 0.5 0.5
70.00 670.00 17.17 0.5 0.5
75.00 670.00 16.46 0.5 0.5
80.00 670.00 14.75 0.5 0.5
85.00 670.00 10.61 0.5 0.5
90.00 670.00 -192.20 0.5 0.5
0.00 680.00 4.20 0.0 1.0
5.00 680.00 5.54 0.0 1.0
10.00 680.00 6.88 0.0 1.0
15.00 680.00 8.20 0.0 1.0
20.00 680.00 9.49 0.0 1.0
25.00 680.00 10.75 0.0 1.0
30.00 680.00 11.97 0.0 1.0
35.00 680.00 13.14 0.0 1.0
40.00 680.00 14.24 0.0 1.0
45.00 680.00 15.23 0.5 0.5
50.00 680.00 16.10 0.5 0.5
55.00 680.00 16.80 0.5 0.5
60.00 680.00 17.28 0.5 0.5
65.00 680.00 17.48 0.5 0.5
70.00 680.00 17.31 0.5 0.5
75.00 680.00 16.58 0.5 0.5
80.00 680.00 14.86 0.5 0.5
85.00 680.00 10.71 0.5 0.5
90.00 680.00 -192.09 0.5 0.5
0.00 690.00 5.27 0.0 1.0
5.00 690.00 6.48 0.0 1.0
10.00 690.00 7.71 0.0 1.0
15.00 690.00 8.93 0.0 1.0
20.00 690.00 10.13 0.0 1.0
25.00 690.00 11.30 0.0 1.0
30.00 690.00 12.44 0.0 1.0
35.00 690.00 13.54 0.0 1.0
40.00 690.00 14.58 0.0 1.0
45.00 690.00 15.52 0.5 0.5
50.00 690.00 16.34 0.5 0.5
55.00 690.00 17.00 0.5 0.5
60.00 690.00 17.44 0.5 0.5
65.00 690.00 17.62 0.5 0.5
70.00 690.00 17.43 0.5 0.5
75.00 690.00 16.68 0.5 0.5
80.00 690.00 14.95 0.5 0.5
85.00 690.00 10.80 0.5 0.5
90.00 690.00 -192.02 0.5 0.5
0.00 700.00 5.98 0.0 1.0
5.00 700.00 7.12 0.0 1.0
10.00 700.00 8.28 0.0 1.0
15.00 700.00 9.44 0.0 1.0
20.00 700.00 10.57 0.0 1.0
25.00 700.00 11.69 0.0 1.0
30.00 700.00 12.79 0.0 1.0
35.00 700.00 13.84 0.0 1.0
40.00 700.00 14.83 0.0 1.0
45.00 700.00 15.74 0.5 0.5
50.00 700.00 16.52 0.5 0.5
55.00 700.00 17.15 0.5 0.5
60.00 700.00 17.57 0.5 0.5
65.00 700.00 17.73 0.5 0.5
70.00 700.00 17.52 0.5 0.5
75.00 700.00 16.76 0.5 0.5
80.00 700.00 15.01 0.5 0.5
85.00 700.00 10.86 0.5 0.5
90.00 700.00 -191.89 0.5 0.5
0.00 710.00 6.38 0.0 1.0
5.00 710.00 7.49 0.0 1.0
10.00 710.00 8.61 0.0 1.0
15.00 710.00 9.73 0.0 1.0
20.00 710.00 10.84 0.0 1.0
25.00 710.00 11.93 0.0 1.0
30.00 710.00 12.99 0.0 1.0
35.00 710.00 14.02 0.0 1.0
40.00 710.00 14.99 0.0 1.0
45.00 710.00 15.87 0.5 0.5
50.00 710.00 16.63 0.5 0.5
55.00 710.00 17.24 0.5 0.5
60.00 710.00 17.65 0.5 0.5
65.00 710.00 17.79 0.5 0.5
70.00 710.00 17.57 0.5 0.5
75.00 710.00 16.80 0.5 0.5
80.00 710.00 15.05 0.5 0.5
85.00 710.00 10.90 0.5 0.5
90.00 710.00 -191.98 0.5 0.5
0.00 720.00 6.52 0.0 1.0
5.00 720.00 7.61 0.0 1.0
10.00 720.00 8.72 0.0 1.0
15.00 720.00 9.83 0.0 1.0
20.00 720.00 10.93 0.0 1.0
25.00 720.00 12.01 0.0 1.0
30.00 720.00 13.06 0.0 1.0
35.00 720.00 14.08 0.0 1.0
40.00 720.00 15.04 0.0 1.0
45.00 720.00 15.91 0.5 0.5
50.00 720.00 16.67 0.5 0.5
55.00 720.00 17.27 0.5 0.5
60.00 720.00 17.67 0.5 0.5
65.00 720.00 17.81 0.5 0.5
70.00 720.00 17.59 0.5 0.5
75.00 720.00 16.82 0.5 0.5
80.00 720.00 15.07 0.5 0.5
85.00 720.00 10.91 0.5 0.5
90.00 720.00 -191.93 0.5 0.5
