    0.00      0.00     -9.97  -169.06    -9.97      0.0000     -0.00 LINEAR  1.0878E-01     91.99  1.2071E-09    -85.11
    5.00      0.00    -10.04   -10.22    -7.12      0.0528    -44.41 RIGHT   1.0783E-01     91.91  1.0565E-01    -82.04
   10.00      0.00    -10.27    -4.30    -3.32      0.0429    -63.38 RIGHT   1.0503E-01     91.68  2.0888E-01    -82.19
   15.00      0.00    -10.66    -0.95    -0.51      0.0323    -71.97 RIGHT   1.0047E-01     91.28  3.0720E-01    -82.44
   20.00      0.00    -11.21     1.30     1.54      0.0256    -76.75 RIGHT   9.4310E-02     90.70  3.9810E-01    -82.76
   25.00      0.00    -11.93     2.91     3.05      0.0212    -79.80 RIGHT   8.6780E-02     89.91  4.7899E-01    -83.14
   30.00      0.00    -12.84     4.07     4.15      0.0185    -81.94 RIGHT   7.8172E-02     88.86  5.4735E-01    -83.55
   35.00      0.00    -13.94     4.88     4.93      0.0168    -83.53 RIGHT   6.8833E-02     87.48  6.0076E-01    -83.97
   40.00      0.00    -15.26     5.39     5.42      0.0159    -84.77 RIGHT   5.9148E-02     85.68  6.3713E-01    -84.38
   45.00      0.00    -16.80     5.62     5.65      0.0156    -85.77 RIGHT   4.9516E-02     83.30  6.5479E-01    -84.75
   50.00      0.00    -18.59     5.60     5.61      0.0157    -86.58 RIGHT   4.0323E-02     80.13  6.5267E-01    -85.08
   55.00      0.00    -20.62     5.29     5.30      0.0163    -87.26 RIGHT   3.1918E-02     75.85  6.3034E-01    -85.33
   60.00      0.00    -22.88     4.69     4.70      0.0173    -87.82 RIGHT   2.4588E-02     70.05  5.8806E-01    -85.51
   65.00      0.00    -25.34     3.73     3.74      0.0187    -88.29 RIGHT   1.8526E-02     62.22  5.2674E-01    -85.59
   70.00      0.00    -27.90     2.32     2.33      0.0207    -88.69 RIGHT   1.3793E-02     52.11  4.4786E-01    -85.58
   75.00      0.00    -30.49     0.27     0.27      0.0235    -89.03 RIGHT   1.0238E-02     40.17  3.5334E-01    -85.47
   80.00      0.00    -33.32    -2.90    -2.90      0.0277    -89.32 RIGHT   7.3978E-03     28.04  2.4544E-01    -85.25
   85.00      0.00    -37.74    -8.64    -8.64      0.0342    -89.56 RIGHT   4.4441E-03     17.62  1.2673E-01    -84.93
   90.00      0.00   -999.99  -999.99  -999.99      0.0000      0.00         3.4841E-13   -170.71  7.5869E-12     95.50
    0.00     10.00    -10.10   -25.17    -9.97      0.0000    -10.00 LINEAR  1.0713E-01     91.99  1.8889E-02    -88.01
