# Radiation Pattern Data
# Generated from: yagi-16element_44.out
# Frequency: 432.0 MHz
# Format: Theta Phi Gain_dBi Phase_deg
# Theta: elevation angle (0-180 degrees)
# Phi: azimuth angle (0-360 degrees)
0.0 0.0 0.00 0.1
5.0 0.0 0.00 -0.1
10.0 0.0 0.00 0.1
15.0 0.0 0.00 -0.3
20.0 0.0 0.00 0.0
25.0 0.0 0.00 0.1
30.0 0.0 0.00 -0.1
35.0 0.0 0.00 -0.1
40.0 0.0 0.00 -0.0
45.0 0.0 0.00 0.0
50.0 0.0 0.00 -0.1
55.0 0.0 0.00 -0.2
60.0 0.0 0.00 -0.1
65.0 0.0 0.00 -0.2
70.0 0.0 0.00 -0.2
75.0 0.0 0.00 -0.3
80.0 0.0 0.00 -0.5
85.0 0.0 0.00 -0.8
90.0 0.0 0.01 -0.8
95.0 0.0 0.02 -0.2
100.0 0.0 0.01 0.1
105.0 0.0 0.01 0.2
110.0 0.0 0.01 0.3
115.0 0.0 0.00 0.3
120.0 0.0 0.00 0.2
125.0 0.0 0.00 0.1
130.0 0.0 0.00 0.1
135.0 0.0 0.00 -0.0
140.0 0.0 0.00 0.0
145.0 0.0 0.00 0.1
150.0 0.0 0.00 0.1
155.0 0.0 0.00 -0.0
160.0 0.0 0.00 -0.0
165.0 0.0 0.00 0.1
170.0 0.0 0.00 -0.1
175.0 0.0 0.00 0.2
180.0 0.0 0.00 -0.1
0.0 10.0 0.00 -9.9
5.0 10.0 0.01 -9.3
10.0 10.0 0.01 -10.8
15.0 10.0 0.11 -6.5
20.0 10.0 0.04 -9.0
25.0 10.0 0.04 -12.2
30.0 10.0 0.03 -12.8
35.0 10.0 0.01 -10.6
40.0 10.0 0.03 -11.3
45.0 10.0 0.07 -14.5
50.0 10.0 0.03 -22.3
55.0 10.0 0.11 -18.4
60.0 10.0 0.05 -15.7
65.0 10.0 0.01 -17.4
70.0 10.0 0.07 -21.4
75.0 10.0 0.16 -27.5
80.0 10.0 0.27 -36.9
85.0 10.0 0.44 -51.8
90.0 10.0 0.58 -78.5
95.0 10.0 0.51 72.3
100.0 10.0 0.34 58.0
105.0 10.0 0.15 50.3
110.0 10.0 0.05 41.6
115.0 10.0 0.15 28.1
120.0 10.0 0.10 17.9
125.0 10.0 0.02 14.0
130.0 10.0 0.03 14.1
135.0 10.0 0.02 15.8
140.0 10.0 0.02 15.1
145.0 10.0 0.04 12.1
150.0 10.0 0.01 9.9
155.0 10.0 0.02 10.9
160.0 10.0 0.01 12.9
165.0 10.0 0.01 4.9
170.0 10.0 0.03 10.2
175.0 10.0 0.01 11.7
180.0 10.0 0.00 9.9
0.0 20.0 0.00 -19.9
5.0 20.0 0.01 -18.2
10.0 20.0 0.02 -21.3
15.0 20.0 0.21 -25.0
20.0 20.0 0.07 -16.8
25.0 20.0 0.10 -22.6
30.0 20.0 0.03 -28.2
35.0 20.0 0.05 -21.8
40.0 20.0 0.03 -21.6
45.0 20.0 0.10 -25.2
50.0 20.0 0.15 -35.0
55.0 20.0 0.06 -46.6
60.0 20.0 0.22 -36.9
65.0 20.0 0.12 -33.0
70.0 20.0 0.03 -35.9
75.0 20.0 0.06 -42.0
80.0 20.0 0.13 -50.4
85.0 20.0 0.17 -60.7
90.0 20.0 0.18 -72.1
95.0 20.0 0.14 -83.3
100.0 20.0 0.03 86.0
105.0 20.0 0.13 73.9
110.0 20.0 0.27 56.0
115.0 20.0 0.21 38.0
120.0 20.0 0.07 29.4
125.0 20.0 0.04 27.8
130.0 20.0 0.08 30.6
135.0 20.0 0.00 32.2
140.0 20.0 0.07 28.1
145.0 20.0 0.07 22.1
150.0 20.0 0.00 19.7
155.0 20.0 0.04 22.9
160.0 20.0 0.07 26.4
165.0 20.0 0.07 12.5
170.0 20.0 0.06 20.9
175.0 20.0 0.04 23.1
180.0 20.0 0.00 19.9
0.0 30.0 0.00 -29.9
5.0 30.0 0.01 -26.6
10.0 30.0 0.04 -31.4
15.0 30.0 0.07 -39.4
20.0 30.0 0.08 -21.0
25.0 30.0 0.14 -29.9
30.0 30.0 0.11 -40.9
35.0 30.0 0.11 -38.6
40.0 30.0 0.05 -32.1
45.0 30.0 0.06 -33.2
50.0 30.0 0.16 -38.4
55.0 30.0 0.23 -50.2
60.0 30.0 0.11 -67.0
65.0 30.0 0.19 -71.8
70.0 30.0 0.33 -64.5
75.0 30.0 0.32 -60.3
80.0 30.0 0.27 -62.1
85.0 30.0 0.26 -67.8
90.0 30.0 0.28 -76.1
95.0 30.0 0.33 -87.7
100.0 30.0 0.36 76.3
105.0 30.0 0.30 59.2
110.0 30.0 0.15 48.1
115.0 30.0 0.00 43.4
120.0 30.0 0.11 43.9
125.0 30.0 0.12 47.9
130.0 30.0 0.02 49.7
135.0 30.0 0.10 44.8
140.0 30.0 0.13 35.9
145.0 30.0 0.04 29.8
150.0 30.0 0.06 31.5
155.0 30.0 0.03 37.5
160.0 30.0 0.32 35.2
165.0 30.0 0.13 23.9
170.0 30.0 0.08 32.3
175.0 30.0 0.09 33.3
180.0 30.0 0.00 29.9
0.0 40.0 0.00 -39.9
5.0 40.0 0.02 -34.9
10.0 40.0 0.06 -40.7
15.0 40.0 0.01 -47.5
20.0 40.0 0.25 -13.1
25.0 40.0 0.16 -32.8
30.0 40.0 0.22 -43.1
35.0 40.0 0.13 -57.6
40.0 40.0 0.16 -54.4
45.0 40.0 0.12 -44.4
50.0 40.0 0.00 -43.6
55.0 40.0 0.11 -47.0
60.0 40.0 0.21 -53.6
65.0 40.0 0.29 -64.4
70.0 40.0 0.28 -78.0
75.0 40.0 0.21 -89.8
80.0 40.0 0.12 81.9
85.0 40.0 0.07 75.8
90.0 40.0 0.06 70.9
95.0 40.0 0.08 67.0
100.0 40.0 0.13 64.5
105.0 40.0 0.18 64.1
110.0 40.0 0.21 66.0
115.0 40.0 0.17 68.8
120.0 40.0 0.06 69.8
125.0 40.0 0.08 66.2
130.0 40.0 0.18 57.3
135.0 40.0 0.17 46.1
140.0 40.0 0.05 39.4
145.0 40.0 0.08 41.3
150.0 40.0 0.08 48.9
155.0 40.0 0.14 55.3
160.0 40.0 0.06 13.8
165.0 40.0 0.18 37.5
170.0 40.0 0.09 44.8
175.0 40.0 0.14 40.1
180.0 40.0 0.00 39.9
0.0 50.0 0.00 -49.9
5.0 50.0 0.08 -45.8
10.0 50.0 0.09 -48.5
15.0 50.0 0.07 -54.9
20.0 50.0 0.08 -68.0
25.0 50.0 0.08 -18.9
30.0 50.0 0.21 -38.9
35.0 50.0 0.29 -50.3
40.0 50.0 0.30 -65.8
45.0 50.0 0.06 -78.5
50.0 50.0 0.23 -72.9
55.0 50.0 0.24 -61.1
60.0 50.0 0.15 -57.1
65.0 50.0 0.06 -57.6
70.0 50.0 0.02 -60.1
75.0 50.0 0.08 -63.8
80.0 50.0 0.11 -67.9
85.0 50.0 0.13 -72.2
90.0 50.0 0.12 -76.1
95.0 50.0 0.09 -79.7
100.0 50.0 0.04 -83.1
105.0 50.0 0.04 -87.0
110.0 50.0 0.14 87.6
115.0 50.0 0.24 79.4
120.0 50.0 0.28 67.7
125.0 50.0 0.22 55.8
130.0 50.0 0.08 49.1
135.0 50.0 0.08 49.4
140.0 50.0 0.16 56.4
145.0 50.0 0.09 65.5
150.0 50.0 0.20 72.8
155.0 50.0 0.31 11.8
160.0 50.0 0.27 38.9
165.0 50.0 0.20 52.8
170.0 50.0 0.07 59.3
175.0 50.0 0.11 45.3
180.0 50.0 0.00 49.9
0.0 60.0 0.00 -59.9
5.0 60.0 0.10 -58.9
10.0 60.0 0.09 -52.0
15.0 60.0 0.13 -60.7
20.0 60.0 0.10 -68.1
25.0 60.0 0.01 -81.4
30.0 60.0 0.67 28.7
35.0 60.0 0.09 -28.7
40.0 60.0 0.27 -43.1
45.0 60.0 0.38 -53.8
50.0 60.0 0.45 -66.8
55.0 60.0 0.43 -83.0
60.0 60.0 0.29 84.2
65.0 60.0 0.11 77.5
70.0 60.0 0.05 74.9
75.0 60.0 0.18 74.3
80.0 60.0 0.25 73.9
85.0 60.0 0.28 72.7
90.0 60.0 0.27 70.1
95.0 60.0 0.24 66.5
100.0 60.0 0.18 62.7
105.0 60.0 0.09 59.5
110.0 60.0 0.02 57.8
115.0 60.0 0.14 58.4
120.0 60.0 0.24 62.4
125.0 60.0 0.29 70.0
130.0 60.0 0.24 79.2
135.0 60.0 0.09 87.2
140.0 60.0 0.21 -85.2
145.0 60.0 0.79 -16.7
150.0 60.0 0.14 21.6
155.0 60.0 0.38 47.9
160.0 60.0 0.30 63.2
165.0 60.0 0.17 70.8
170.0 60.0 0.11 75.5
175.0 60.0 0.04 53.8
180.0 60.0 0.00 59.9
0.0 70.0 0.00 -69.9
5.0 70.0 0.09 -71.0
10.0 70.0 0.18 -57.1
15.0 70.0 0.15 -57.6
20.0 70.0 0.21 -67.3
25.0 70.0 0.21 -74.6
30.0 70.0 0.19 -82.7
35.0 70.0 0.14 86.1
40.0 70.0 0.00 69.2
45.0 70.0 0.27 40.4
50.0 70.0 0.26 -0.4
55.0 70.0 0.06 -21.3
60.0 70.0 0.09 -31.7
65.0 70.0 0.18 -38.5
70.0 70.0 0.25 -43.6
75.0 70.0 0.30 -47.8
80.0 70.0 0.32 -51.3
85.0 70.0 0.33 -54.0
90.0 70.0 0.31 -56.0
95.0 70.0 0.27 -57.2
100.0 70.0 0.21 -57.4
105.0 70.0 0.12 -56.7
110.0 70.0 0.00 -54.6
115.0 70.0 0.16 -49.8
120.0 70.0 0.36 -37.4
125.0 70.0 0.39 -9.7
130.0 70.0 0.09 11.0
135.0 70.0 0.24 23.3
140.0 70.0 0.48 38.5
145.0 70.0 0.56 60.0
150.0 70.0 0.47 75.8
155.0 70.0 0.34 84.4
160.0 70.0 0.17 -89.7
165.0 70.0 0.13 -85.7
170.0 70.0 0.31 60.1
175.0 70.0 0.00 64.4
180.0 70.0 0.00 69.9
0.0 80.0 0.00 -79.9
5.0 80.0 0.06 -81.9
10.0 80.0 0.18 -82.4
15.0 80.0 0.37 -75.3
20.0 80.0 0.33 -51.9
25.0 80.0 0.00 -45.7
30.0 80.0 0.22 -50.4
35.0 80.0 0.35 -56.8
40.0 80.0 0.42 -62.9
45.0 80.0 0.48 -68.4
50.0 80.0 0.53 -73.5
55.0 80.0 0.58 -78.6
60.0 80.0 0.63 -83.8
65.0 80.0 0.68 -89.3
70.0 80.0 0.72 84.9
75.0 80.0 0.76 79.1
80.0 80.0 0.80 73.9
85.0 80.0 0.83 69.9
90.0 80.0 0.86 68.6
95.0 80.0 0.90 72.6
100.0 80.0 0.92 88.0
105.0 80.0 0.89 -73.5
110.0 80.0 0.82 -65.4
115.0 80.0 0.74 -62.4
120.0 80.0 0.65 -61.2
125.0 80.0 0.55 -60.6
130.0 80.0 0.45 -60.0
135.0 80.0 0.34 -59.4
140.0 80.0 0.21 -58.3
145.0 80.0 0.04 -56.7
150.0 80.0 0.20 -54.4
155.0 80.0 0.64 -52.7
160.0 80.0 0.57 52.4
165.0 80.0 0.15 59.4
170.0 80.0 0.01 68.5
175.0 80.0 0.03 75.5
180.0 80.0 0.00 79.9
0.0 90.0 0.00 -89.9
5.0 90.0 0.05 87.8
10.0 90.0 0.09 85.4
15.0 90.0 0.14 82.8
20.0 90.0 0.17 80.0
25.0 90.0 0.20 77.0
30.0 90.0 0.22 73.8
35.0 90.0 0.24 70.5
40.0 90.0 0.24 67.3
45.0 90.0 0.23 64.2
50.0 90.0 0.21 61.3
55.0 90.0 0.19 58.8
60.0 90.0 0.16 56.6
65.0 90.0 0.13 54.8
70.0 90.0 0.10 53.3
75.0 90.0 0.06 52.1
80.0 90.0 0.03 51.2
85.0 90.0 0.01 50.5
90.0 90.0 0.04 50.2
95.0 90.0 0.08 50.1
100.0 90.0 0.11 50.2
105.0 90.0 0.14 50.7
110.0 90.0 0.17 51.5
115.0 90.0 0.20 52.6
120.0 90.0 0.22 54.0
125.0 90.0 0.24 55.9
130.0 90.0 0.25 58.1
135.0 90.0 0.26 60.6
140.0 90.0 0.26 63.5
145.0 90.0 0.25 66.7
150.0 90.0 0.24 70.0
155.0 90.0 0.21 73.4
160.0 90.0 0.18 76.8
165.0 90.0 0.14 80.2
170.0 90.0 0.10 83.4
175.0 90.0 0.05 86.7
180.0 90.0 0.00 89.9
0.0 100.0 0.00 80.1
5.0 100.0 0.03 77.8
10.0 100.0 0.04 75.4
15.0 100.0 0.04 73.2
20.0 100.0 0.01 71.4
25.0 100.0 0.03 70.2
30.0 100.0 0.09 69.7
35.0 100.0 0.16 70.3
40.0 100.0 0.25 72.8
45.0 100.0 0.35 78.1
50.0 100.0 0.41 87.3
55.0 100.0 0.41 -80.5
60.0 100.0 0.34 -69.9
65.0 100.0 0.22 -62.8
70.0 100.0 0.11 -58.4
75.0 100.0 0.00 -55.4
80.0 100.0 0.08 -53.3
85.0 100.0 0.14 -51.6
90.0 100.0 0.18 -50.3
95.0 100.0 0.20 -49.1
100.0 100.0 0.20 -48.3
105.0 100.0 0.17 -47.7
110.0 100.0 0.13 -47.5
115.0 100.0 0.08 -47.7
120.0 100.0 0.01 -48.5
125.0 100.0 0.07 -49.9
130.0 100.0 0.14 -52.2
135.0 100.0 0.21 -55.4
140.0 100.0 0.27 -59.8
145.0 100.0 0.31 -65.0
150.0 100.0 0.31 -70.5
155.0 100.0 0.29 -75.4
160.0 100.0 0.24 -79.2
165.0 100.0 0.19 -81.7
170.0 100.0 0.12 -82.7
175.0 100.0 0.06 -82.3
180.0 100.0 0.00 -80.1
0.0 110.0 0.00 70.1
5.0 110.0 0.02 67.9
10.0 110.0 0.01 65.9
15.0 110.0 0.03 64.6
20.0 110.0 0.11 65.3
25.0 110.0 0.21 71.5
30.0 110.0 0.18 85.8
35.0 110.0 0.07 -86.8
40.0 110.0 0.30 89.1
45.0 110.0 0.41 79.0
50.0 110.0 0.42 68.2
55.0 110.0 0.37 59.8
60.0 110.0 0.29 54.0
65.0 110.0 0.19 49.9
70.0 110.0 0.08 46.7
75.0 110.0 0.03 43.9
80.0 110.0 0.14 41.4
85.0 110.0 0.24 39.3
90.0 110.0 0.32 38.1
95.0 110.0 0.37 38.9
100.0 110.0 0.39 42.2
105.0 110.0 0.38 47.7
110.0 110.0 0.33 54.0
115.0 110.0 0.25 60.0
120.0 110.0 0.14 65.1
125.0 110.0 0.02 69.5
130.0 110.0 0.13 74.1
135.0 110.0 0.30 80.6
140.0 110.0 0.46 -86.0
145.0 110.0 0.45 -63.8
150.0 110.0 0.22 -52.7
155.0 110.0 0.00 -52.9
160.0 110.0 0.13 -58.5
165.0 110.0 0.15 -65.0
170.0 110.0 0.12 -69.6
175.0 110.0 0.06 -71.3
180.0 110.0 0.00 -70.1
0.0 120.0 0.00 60.1
5.0 120.0 0.01 58.1
10.0 120.0 0.02 56.6
15.0 120.0 0.10 57.8
20.0 120.0 0.13 68.7
25.0 120.0 0.12 74.2
30.0 120.0 0.27 65.5
35.0 120.0 0.28 54.8
40.0 120.0 0.21 43.7
45.0 120.0 0.00 29.8
50.0 120.0 0.43 -4.6
55.0 120.0 0.07 -58.0
60.0 120.0 0.25 -75.5
65.0 120.0 0.37 -87.4
70.0 120.0 0.40 84.1
75.0 120.0 0.40 78.5
80.0 120.0 0.38 75.3
85.0 120.0 0.35 74.1
90.0 120.0 0.34 74.3
95.0 120.0 0.34 75.6
100.0 120.0 0.36 78.0
105.0 120.0 0.41 81.3
110.0 120.0 0.49 86.2
115.0 120.0 0.61 -84.8
120.0 120.0 0.72 -59.3
125.0 120.0 0.51 -27.0
130.0 120.0 0.06 -16.2
135.0 120.0 0.56 -14.1
140.0 120.0 0.59 -89.5
145.0 120.0 0.16 -88.3
150.0 120.0 0.14 -81.7
155.0 120.0 0.31 -65.0
160.0 120.0 0.15 -49.2
165.0 120.0 0.05 -50.8
170.0 120.0 0.10 -57.1
175.0 120.0 0.06 -60.6
180.0 120.0 0.00 -60.1
0.0 130.0 0.00 50.1
5.0 130.0 0.01 48.4
10.0 130.0 0.04 47.7
15.0 130.0 0.10 54.5
20.0 130.0 0.11 59.1
25.0 130.0 0.21 50.1
30.0 130.0 0.18 38.8
35.0 130.0 0.12 18.8
40.0 130.0 0.24 -80.7
45.0 130.0 0.19 76.8
50.0 130.0 0.26 65.0
55.0 130.0 0.24 56.8
60.0 130.0 0.15 50.9
65.0 130.0 0.01 47.5
70.0 130.0 0.23 47.1
75.0 130.0 0.53 53.4
80.0 130.0 0.73 84.7
85.0 130.0 0.58 -69.0
90.0 130.0 0.46 -61.2
95.0 130.0 0.42 -57.1
100.0 130.0 0.45 -54.9
105.0 130.0 0.57 -58.0
110.0 130.0 0.63 -76.9
115.0 130.0 0.43 88.0
120.0 130.0 0.16 87.4
125.0 130.0 0.06 -88.5
130.0 130.0 0.27 -81.7
135.0 130.0 0.49 -68.0
140.0 130.0 0.49 -29.9
145.0 130.0 0.18 -14.8
150.0 130.0 0.47 -63.5
155.0 130.0 0.03 -68.7
160.0 130.0 0.21 -56.6
165.0 130.0 0.09 -42.2
170.0 130.0 0.06 -45.6
175.0 130.0 0.05 -50.0
180.0 130.0 0.00 -50.1
0.0 140.0 0.00 40.1
5.0 140.0 0.00 38.7
10.0 140.0 0.05 39.1
15.0 140.0 0.01 47.2
20.0 140.0 0.14 41.6
25.0 140.0 0.13 31.7
30.0 140.0 0.35 9.4
35.0 140.0 0.04 65.8
40.0 140.0 0.18 51.9
45.0 140.0 0.16 42.9
50.0 140.0 0.02 36.2
55.0 140.0 0.31 36.5
60.0 140.0 0.53 74.4
65.0 140.0 0.14 -89.5
70.0 140.0 0.10 -87.9
75.0 140.0 0.25 -87.8
80.0 140.0 0.33 -87.4
85.0 140.0 0.38 -86.0
90.0 140.0 0.40 -82.9
95.0 140.0 0.39 -78.1
100.0 140.0 0.37 -71.7
105.0 140.0 0.33 -64.2
110.0 140.0 0.28 -56.1
115.0 140.0 0.20 -47.7
120.0 140.0 0.06 -39.7
125.0 140.0 0.20 -36.4
130.0 140.0 0.41 -56.7
135.0 140.0 0.08 -69.5
140.0 140.0 0.21 -63.3
145.0 140.0 0.42 -44.4
150.0 140.0 0.07 -13.5
155.0 140.0 0.36 -46.4
160.0 140.0 0.02 -52.5
165.0 140.0 0.14 -39.2
170.0 140.0 0.02 -35.3
175.0 140.0 0.04 -39.7
180.0 140.0 0.00 -40.1
0.0 150.0 0.00 30.1
5.0 150.0 0.00 29.1
10.0 150.0 0.05 30.4
15.0 150.0 0.06 34.2
20.0 150.0 0.11 27.9
25.0 150.0 0.03 14.3
30.0 150.0 0.03 50.5
35.0 150.0 0.13 38.0
40.0 150.0 0.10 30.4
45.0 150.0 0.09 25.5
50.0 150.0 0.41 43.8
55.0 150.0 0.09 67.6
60.0 150.0 0.21 67.0
65.0 150.0 0.39 60.6
70.0 150.0 0.47 49.2
75.0 150.0 0.42 36.4
80.0 150.0 0.29 27.3
85.0 150.0 0.16 22.2
90.0 150.0 0.08 21.4
95.0 150.0 0.11 27.2
100.0 150.0 0.25 42.4
105.0 150.0 0.43 68.7
110.0 150.0 0.45 -80.7
115.0 150.0 0.37 -60.4
120.0 150.0 0.29 -47.4
125.0 150.0 0.20 -37.2
130.0 150.0 0.07 -28.8
135.0 150.0 0.20 -28.6
140.0 150.0 0.17 -49.1
145.0 150.0 0.14 -47.1
150.0 150.0 0.30 -30.3
155.0 150.0 0.14 -12.0
160.0 150.0 0.12 -39.1
165.0 150.0 0.10 -33.9
170.0 150.0 0.01 -26.2
175.0 150.0 0.03 -29.6
180.0 150.0 0.00 -30.1
0.0 160.0 0.00 20.1
5.0 160.0 0.00 19.4
10.0 160.0 0.03 21.1
15.0 160.0 0.05 21.7
20.0 160.0 0.06 16.6
25.0 160.0 0.39 17.1
30.0 160.0 0.06 27.9
35.0 160.0 0.08 21.7
40.0 160.0 0.02 17.1
45.0 160.0 0.26 26.8
50.0 160.0 0.04 45.6
55.0 160.0 0.22 41.9
60.0 160.0 0.32 30.0
65.0 160.0 0.21 15.7
70.0 160.0 0.10 3.0
75.0 160.0 0.45 -23.1
80.0 160.0 0.27 -50.4
85.0 160.0 0.06 -52.4
90.0 160.0 0.03 -47.7
95.0 160.0 0.06 -40.9
100.0 160.0 0.04 -32.9
105.0 160.0 0.01 -22.8
110.0 160.0 0.12 -4.1
115.0 160.0 0.13 59.8
120.0 160.0 0.34 -52.6
125.0 160.0 0.23 -34.6
130.0 160.0 0.15 -25.7
135.0 160.0 0.05 -19.0
140.0 160.0 0.15 -20.2
145.0 160.0 0.05 -33.1
150.0 160.0 0.15 -27.4
155.0 160.0 0.13 -10.3
160.0 160.0 0.15 -22.7
165.0 160.0 0.04 -24.2
170.0 160.0 0.02 -17.6
175.0 160.0 0.02 -19.6
180.0 160.0 0.00 -20.1
0.0 170.0 0.00 10.1
5.0 170.0 0.00 9.8
10.0 170.0 0.01 10.8
15.0 170.0 0.03 10.5
20.0 170.0 0.03 7.5
25.0 170.0 0.10 17.2
30.0 170.0 0.04 12.8
35.0 170.0 0.03 9.8
40.0 170.0 0.06 8.9
45.0 170.0 0.11 19.8
50.0 170.0 0.08 22.1
55.0 170.0 0.16 15.6
60.0 170.0 0.10 7.3
65.0 170.0 0.13 -0.2
70.0 170.0 0.65 -20.9
75.0 170.0 0.19 -74.6
80.0 170.0 0.24 -68.4
85.0 170.0 0.36 -53.9
90.0 170.0 0.32 -41.1
95.0 170.0 0.24 -32.3
100.0 170.0 0.16 -25.6
105.0 170.0 0.10 -20.0
110.0 170.0 0.05 -14.6
115.0 170.0 0.02 -6.7
120.0 170.0 0.05 59.8
125.0 170.0 0.17 -23.4
130.0 170.0 0.10 -15.3
135.0 170.0 0.06 -11.1
140.0 170.0 0.02 -8.7
145.0 170.0 0.07 -14.9
150.0 170.0 0.05 -15.1
155.0 170.0 0.09 -7.9
160.0 170.0 0.09 -9.2
165.0 170.0 0.01 -12.5
170.0 170.0 0.01 -9.0
175.0 170.0 0.01 -9.8
180.0 170.0 0.00 -10.1
0.0 180.0 0.00 0.1
5.0 180.0 0.00 0.1
10.0 180.0 0.00 0.0
15.0 180.0 0.00 -0.0
20.0 180.0 0.00 -0.0
25.0 180.0 0.00 -0.1
30.0 180.0 0.00 0.1
35.0 180.0 0.00 0.1
40.0 180.0 0.00 -0.0
45.0 180.0 0.00 -0.2
50.0 180.0 0.00 -0.2
55.0 180.0 0.00 -0.1
60.0 180.0 0.00 -0.1
65.0 180.0 0.01 -0.2
70.0 180.0 0.02 -0.3
75.0 180.0 0.13 1.7
80.0 180.0 0.02 -0.1
85.0 180.0 0.01 -0.2
90.0 180.0 0.01 -0.2
95.0 180.0 0.01 -0.2
100.0 180.0 0.00 -0.2
105.0 180.0 0.00 -0.2
110.0 180.0 0.00 -0.2
115.0 180.0 0.00 -0.2
120.0 180.0 0.00 -0.7
125.0 180.0 0.00 0.4
130.0 180.0 0.00 0.1
135.0 180.0 0.00 0.1
140.0 180.0 0.00 0.1
145.0 180.0 0.00 -0.1
150.0 180.0 0.00 -0.0
155.0 180.0 0.00 0.1
160.0 180.0 0.00 0.1
165.0 180.0 0.00 0.0
170.0 180.0 0.00 -0.0
175.0 180.0 0.00 -0.1
180.0 180.0 0.00 -0.1
0.0 190.0 0.00 -9.9
5.0 190.0 0.00 -9.5
10.0 190.0 0.02 -10.7
15.0 190.0 0.03 -10.6
20.0 190.0 0.02 -7.6
25.0 190.0 0.09 -17.4
30.0 190.0 0.04 -12.7
35.0 190.0 0.03 -9.7
40.0 190.0 0.07 -8.9
45.0 190.0 0.11 -20.1
50.0 190.0 0.08 -22.4
55.0 190.0 0.16 -15.8
60.0 190.0 0.11 -7.6
65.0 190.0 0.12 -0.1
70.0 190.0 0.64 19.2
75.0 190.0 0.19 74.3
80.0 190.0 0.24 67.9
85.0 190.0 0.36 53.2
90.0 190.0 0.32 40.5
95.0 190.0 0.23 31.8
100.0 190.0 0.16 25.2
105.0 190.0 0.10 19.7
110.0 190.0 0.05 14.2
115.0 190.0 0.02 6.1
120.0 190.0 0.04 -60.7
125.0 190.0 0.17 23.9
130.0 190.0 0.10 15.6
135.0 190.0 0.06 11.3
140.0 190.0 0.02 8.8
145.0 190.0 0.07 14.7
150.0 190.0 0.05 15.0
155.0 190.0 0.09 8.1
160.0 190.0 0.09 9.4
165.0 190.0 0.01 12.5
170.0 190.0 0.02 8.9
175.0 190.0 0.01 9.6
180.0 190.0 0.00 9.9
0.0 200.0 0.00 -19.9
5.0 200.0 0.00 -19.2
10.0 200.0 0.03 -21.0
15.0 200.0 0.05 -21.8
20.0 200.0 0.06 -16.7
25.0 200.0 0.39 -17.8
30.0 200.0 0.07 -27.9
35.0 200.0 0.08 -21.6
40.0 200.0 0.02 -17.1
45.0 200.0 0.27 -26.9
50.0 200.0 0.04 -45.9
55.0 200.0 0.22 -42.2
60.0 200.0 0.32 -30.3
65.0 200.0 0.22 -16.0
70.0 200.0 0.09 -3.4
75.0 200.0 0.45 22.3
80.0 200.0 0.28 50.0
85.0 200.0 0.07 52.1
90.0 200.0 0.03 47.4
95.0 200.0 0.05 40.5
100.0 200.0 0.04 32.5
105.0 200.0 0.02 22.4
110.0 200.0 0.12 3.4
115.0 200.0 0.13 -60.2
120.0 200.0 0.34 53.0
125.0 200.0 0.23 34.9
130.0 200.0 0.15 25.9
135.0 200.0 0.05 19.2
140.0 200.0 0.15 20.2
145.0 200.0 0.05 33.0
150.0 200.0 0.15 27.4
155.0 200.0 0.12 10.5
160.0 200.0 0.15 22.8
165.0 200.0 0.04 24.3
170.0 200.0 0.03 17.5
175.0 200.0 0.02 19.4
180.0 200.0 0.00 19.9
0.0 210.0 0.00 -29.9
5.0 210.0 0.00 -28.8
10.0 210.0 0.05 -30.3
15.0 210.0 0.06 -34.3
20.0 210.0 0.10 -27.9
25.0 210.0 0.04 -14.4
30.0 210.0 0.03 -50.5
35.0 210.0 0.13 -38.0
40.0 210.0 0.10 -30.3
45.0 210.0 0.09 -25.4
50.0 210.0 0.42 -44.0
55.0 210.0 0.09 -67.8
60.0 210.0 0.21 -67.2
65.0 210.0 0.39 -60.8
70.0 210.0 0.47 -49.6
75.0 210.0 0.43 -36.7
80.0 210.0 0.30 -27.6
85.0 210.0 0.16 -22.6
90.0 210.0 0.09 -21.8
95.0 210.0 0.12 -27.6
100.0 210.0 0.25 -42.7
105.0 210.0 0.42 -68.9
110.0 210.0 0.44 80.8
115.0 210.0 0.37 60.7
120.0 210.0 0.29 47.6
125.0 210.0 0.20 37.4
130.0 210.0 0.07 28.9
135.0 210.0 0.20 28.7
140.0 210.0 0.17 48.9
145.0 210.0 0.14 47.0
150.0 210.0 0.30 30.4
155.0 210.0 0.14 12.2
160.0 210.0 0.12 39.1
165.0 210.0 0.10 33.9
170.0 210.0 0.01 26.0
175.0 210.0 0.03 29.3
180.0 210.0 0.00 29.9
0.0 220.0 0.00 -39.9
5.0 220.0 0.00 -38.5
10.0 220.0 0.05 -38.9
15.0 220.0 0.00 -47.2
20.0 220.0 0.14 -41.6
25.0 220.0 0.13 -31.7
30.0 220.0 0.36 -9.6
35.0 220.0 0.04 -65.7
40.0 220.0 0.19 -51.8
45.0 220.0 0.16 -42.9
50.0 220.0 0.02 -36.1
55.0 220.0 0.31 -36.5
60.0 220.0 0.53 -74.7
65.0 220.0 0.14 89.4
70.0 220.0 0.10 87.9
75.0 220.0 0.25 87.8
80.0 220.0 0.33 87.4
85.0 220.0 0.38 86.0
90.0 220.0 0.40 83.0
95.0 220.0 0.39 78.2
100.0 220.0 0.37 71.8
105.0 220.0 0.33 64.4
110.0 220.0 0.28 56.2
115.0 220.0 0.20 47.8
120.0 220.0 0.06 39.9
125.0 220.0 0.20 36.5
130.0 220.0 0.41 56.6
135.0 220.0 0.08 69.4
140.0 220.0 0.21 63.2
145.0 220.0 0.42 44.4
150.0 220.0 0.07 13.8
155.0 220.0 0.36 46.5
160.0 220.0 0.02 52.5
165.0 220.0 0.15 39.2
170.0 220.0 0.02 35.1
175.0 220.0 0.04 39.4
180.0 220.0 0.00 39.9
0.0 230.0 0.00 -49.9
5.0 230.0 0.01 -48.1
10.0 230.0 0.04 -47.5
15.0 230.0 0.11 -54.4
20.0 230.0 0.11 -59.2
25.0 230.0 0.20 -50.2
30.0 230.0 0.18 -38.9
35.0 230.0 0.12 -18.9
40.0 230.0 0.24 80.7
45.0 230.0 0.19 -76.8
50.0 230.0 0.26 -64.9
55.0 230.0 0.24 -56.7
60.0 230.0 0.15 -50.8
65.0 230.0 0.01 -47.4
70.0 230.0 0.24 -47.0
75.0 230.0 0.53 -53.4
80.0 230.0 0.73 -85.0
85.0 230.0 0.58 68.9
90.0 230.0 0.45 61.2
95.0 230.0 0.41 57.1
100.0 230.0 0.45 55.0
105.0 230.0 0.56 58.0
110.0 230.0 0.63 76.7
115.0 230.0 0.43 -88.1
120.0 230.0 0.16 -87.5
125.0 230.0 0.06 88.4
130.0 230.0 0.27 81.6
135.0 230.0 0.49 68.0
140.0 230.0 0.49 30.1
145.0 230.0 0.18 15.0
150.0 230.0 0.47 63.6
155.0 230.0 0.03 68.7
160.0 230.0 0.21 56.6
165.0 230.0 0.09 42.1
170.0 230.0 0.06 45.4
175.0 230.0 0.05 49.8
180.0 230.0 0.00 49.9
0.0 240.0 0.00 -59.9
5.0 240.0 0.01 -57.8
10.0 240.0 0.02 -56.4
15.0 240.0 0.10 -57.6
20.0 240.0 0.14 -68.6
25.0 240.0 0.11 -74.3
30.0 240.0 0.27 -65.5
35.0 240.0 0.28 -54.8
40.0 240.0 0.21 -43.7
45.0 240.0 0.00 -29.8
50.0 240.0 0.43 4.7
55.0 240.0 0.07 58.0
60.0 240.0 0.25 75.5
65.0 240.0 0.37 87.4
70.0 240.0 0.40 -84.1
75.0 240.0 0.40 -78.5
80.0 240.0 0.38 -75.3
85.0 240.0 0.35 -74.1
90.0 240.0 0.34 -74.3
95.0 240.0 0.34 -75.7
100.0 240.0 0.36 -78.0
105.0 240.0 0.41 -81.3
110.0 240.0 0.49 -86.2
115.0 240.0 0.61 84.7
120.0 240.0 0.72 59.3
125.0 240.0 0.51 27.2
130.0 240.0 0.06 16.3
135.0 240.0 0.56 14.3
140.0 240.0 0.58 89.4
145.0 240.0 0.15 88.3
150.0 240.0 0.14 81.8
155.0 240.0 0.31 65.1
160.0 240.0 0.15 49.1
165.0 240.0 0.05 50.6
170.0 240.0 0.10 56.9
175.0 240.0 0.06 60.3
180.0 240.0 0.00 59.9
0.0 250.0 0.00 -69.9
5.0 250.0 0.02 -67.6
10.0 250.0 0.01 -65.6
15.0 250.0 0.03 -64.4
20.0 250.0 0.11 -65.1
25.0 250.0 0.22 -71.3
30.0 250.0 0.19 -85.8
35.0 250.0 0.06 86.8
40.0 250.0 0.30 -89.1
45.0 250.0 0.41 -79.0
50.0 250.0 0.42 -68.2
55.0 250.0 0.37 -59.9
60.0 250.0 0.28 -54.1
65.0 250.0 0.19 -49.9
70.0 250.0 0.08 -46.7
75.0 250.0 0.03 -43.9
80.0 250.0 0.14 -41.4
85.0 250.0 0.24 -39.3
90.0 250.0 0.32 -38.1
95.0 250.0 0.37 -38.9
100.0 250.0 0.39 -42.2
105.0 250.0 0.38 -47.7
110.0 250.0 0.33 -54.1
115.0 250.0 0.25 -60.0
120.0 250.0 0.14 -65.1
125.0 250.0 0.02 -69.5
130.0 250.0 0.13 -74.1
135.0 250.0 0.30 -80.5
140.0 250.0 0.47 86.1
145.0 250.0 0.45 63.7
150.0 250.0 0.22 52.6
155.0 250.0 0.01 52.7
160.0 250.0 0.12 58.3
165.0 250.0 0.15 64.8
170.0 250.0 0.12 69.3
175.0 250.0 0.06 71.1
180.0 250.0 0.00 69.9
0.0 260.0 0.00 -79.9
5.0 260.0 0.03 -77.5
10.0 260.0 0.04 -75.2
15.0 260.0 0.04 -73.0
20.0 260.0 0.01 -71.2
25.0 260.0 0.03 -69.9
30.0 260.0 0.09 -69.5
35.0 260.0 0.16 -70.2
40.0 260.0 0.25 -72.6
45.0 260.0 0.35 -77.9
50.0 260.0 0.42 -87.2
55.0 260.0 0.42 80.6
60.0 260.0 0.34 69.9
65.0 260.0 0.22 62.8
70.0 260.0 0.11 58.4
75.0 260.0 0.00 55.4
80.0 260.0 0.08 53.3
85.0 260.0 0.14 51.6
90.0 260.0 0.18 50.3
95.0 260.0 0.20 49.1
100.0 260.0 0.20 48.3
105.0 260.0 0.18 47.7
110.0 260.0 0.13 47.5
115.0 260.0 0.08 47.7
120.0 260.0 0.01 48.4
125.0 260.0 0.07 49.8
130.0 260.0 0.14 52.1
135.0 260.0 0.21 55.3
140.0 260.0 0.27 59.6
145.0 260.0 0.30 64.8
150.0 260.0 0.31 70.2
155.0 260.0 0.29 75.2
160.0 260.0 0.24 79.0
165.0 260.0 0.19 81.4
170.0 260.0 0.12 82.4
175.0 260.0 0.06 82.0
180.0 260.0 0.00 79.9
0.0 270.0 0.00 -89.9
5.0 270.0 0.05 -87.5
10.0 270.0 0.10 -85.1
15.0 270.0 0.14 -82.5
20.0 270.0 0.17 -79.7
25.0 270.0 0.20 -76.8
30.0 270.0 0.23 -73.6
35.0 270.0 0.24 -70.3
40.0 270.0 0.24 -67.1
45.0 270.0 0.23 -64.0
50.0 270.0 0.21 -61.2
55.0 270.0 0.19 -58.7
60.0 270.0 0.16 -56.5
65.0 270.0 0.13 -54.7
70.0 270.0 0.10 -53.2
75.0 270.0 0.06 -52.0
80.0 270.0 0.03 -51.1
85.0 270.0 0.01 -50.5
90.0 270.0 0.04 -50.2
95.0 270.0 0.08 -50.1
100.0 270.0 0.11 -50.3
105.0 270.0 0.14 -50.7
110.0 270.0 0.17 -51.5
115.0 270.0 0.20 -52.6
120.0 270.0 0.22 -54.1
125.0 270.0 0.24 -55.9
130.0 270.0 0.26 -58.2
135.0 270.0 0.26 -60.8
140.0 270.0 0.26 -63.7
145.0 270.0 0.26 -66.8
150.0 270.0 0.24 -70.2
155.0 270.0 0.22 -73.6
160.0 270.0 0.18 -77.0
165.0 270.0 0.14 -80.4
170.0 270.0 0.10 -83.7
175.0 270.0 0.05 -86.9
180.0 270.0 0.00 89.9
0.0 280.0 0.00 80.1
5.0 280.0 0.07 82.2
10.0 280.0 0.19 82.6
15.0 280.0 0.38 75.3
20.0 280.0 0.34 51.5
25.0 280.0 0.01 45.4
30.0 280.0 0.22 50.1
35.0 280.0 0.35 56.7
40.0 280.0 0.42 62.9
45.0 280.0 0.48 68.4
50.0 280.0 0.53 73.5
55.0 280.0 0.58 78.6
60.0 280.0 0.63 83.9
65.0 280.0 0.68 89.4
70.0 280.0 0.72 -84.8
75.0 280.0 0.76 -79.1
80.0 280.0 0.80 -73.8
85.0 280.0 0.83 -69.9
90.0 280.0 0.86 -68.6
95.0 280.0 0.90 -72.7
100.0 280.0 0.92 -88.1
105.0 280.0 0.89 73.5
110.0 280.0 0.82 65.4
115.0 280.0 0.74 62.4
120.0 280.0 0.65 61.2
125.0 280.0 0.55 60.6
130.0 280.0 0.45 60.1
135.0 280.0 0.34 59.4
140.0 280.0 0.20 58.4
145.0 280.0 0.04 56.8
150.0 280.0 0.20 54.5
155.0 280.0 0.64 53.1
160.0 280.0 0.56 -52.5
165.0 280.0 0.14 -59.5
170.0 280.0 0.01 -68.7
175.0 280.0 0.04 -75.8
180.0 280.0 0.00 -80.1
0.0 290.0 0.00 70.1
5.0 290.0 0.09 71.2
10.0 290.0 0.18 56.7
15.0 290.0 0.15 57.3
20.0 290.0 0.21 67.3
25.0 290.0 0.21 74.7
30.0 290.0 0.19 82.8
35.0 290.0 0.14 -86.0
40.0 290.0 0.00 -69.0
45.0 290.0 0.27 -40.3
50.0 290.0 0.26 0.3
55.0 290.0 0.05 21.2
60.0 290.0 0.09 31.7
65.0 290.0 0.19 38.5
70.0 290.0 0.25 43.6
75.0 290.0 0.30 47.8
80.0 290.0 0.32 51.3
85.0 290.0 0.33 54.0
90.0 290.0 0.31 56.0
95.0 290.0 0.27 57.2
100.0 290.0 0.21 57.4
105.0 290.0 0.12 56.7
110.0 290.0 0.00 54.6
115.0 290.0 0.16 49.8
120.0 290.0 0.36 37.3
125.0 290.0 0.39 9.6
130.0 290.0 0.09 -11.0
135.0 290.0 0.24 -23.3
140.0 290.0 0.49 -38.6
145.0 290.0 0.56 -60.2
150.0 290.0 0.47 -76.0
155.0 290.0 0.34 -84.5
160.0 290.0 0.17 89.7
165.0 290.0 0.13 86.0
170.0 290.0 0.30 -59.9
175.0 290.0 0.01 -64.6
180.0 290.0 0.00 -70.1
0.0 300.0 0.00 60.1
5.0 300.0 0.11 59.0
10.0 300.0 0.09 51.7
15.0 300.0 0.13 60.8
20.0 300.0 0.10 68.2
25.0 300.0 0.01 81.6
30.0 300.0 0.67 -28.6
35.0 300.0 0.09 28.5
40.0 300.0 0.27 43.0
45.0 300.0 0.38 53.9
50.0 300.0 0.45 66.9
55.0 300.0 0.43 83.0
60.0 300.0 0.29 -84.2
65.0 300.0 0.11 -77.5
70.0 300.0 0.06 -74.9
75.0 300.0 0.18 -74.2
80.0 300.0 0.25 -73.9
85.0 300.0 0.28 -72.6
90.0 300.0 0.27 -70.1
95.0 300.0 0.24 -66.5
100.0 300.0 0.18 -62.6
105.0 300.0 0.09 -59.5
110.0 300.0 0.02 -57.8
115.0 300.0 0.14 -58.4
120.0 300.0 0.24 -62.4
125.0 300.0 0.29 -70.1
130.0 300.0 0.24 -79.3
135.0 300.0 0.09 -87.2
140.0 300.0 0.21 85.2
145.0 300.0 0.79 16.0
150.0 300.0 0.14 -21.6
155.0 300.0 0.38 -48.1
160.0 300.0 0.30 -63.4
165.0 300.0 0.17 -70.9
170.0 300.0 0.11 -75.1
175.0 300.0 0.04 -54.0
180.0 300.0 0.00 -60.1
0.0 310.0 0.00 50.1
5.0 310.0 0.09 45.5
10.0 310.0 0.09 48.5
15.0 310.0 0.07 55.1
20.0 310.0 0.09 68.3
25.0 310.0 0.07 18.6
30.0 310.0 0.21 38.8
35.0 310.0 0.29 50.4
40.0 310.0 0.30 65.8
45.0 310.0 0.06 78.5
50.0 310.0 0.23 72.8
55.0 310.0 0.24 61.0
60.0 310.0 0.15 57.0
65.0 310.0 0.06 57.5
70.0 310.0 0.02 60.1
75.0 310.0 0.08 63.7
80.0 310.0 0.11 67.9
85.0 310.0 0.13 72.2
90.0 310.0 0.12 76.1
95.0 310.0 0.09 79.7
100.0 310.0 0.04 83.1
105.0 310.0 0.04 87.0
110.0 310.0 0.14 -87.6
115.0 310.0 0.24 -79.3
120.0 310.0 0.28 -67.6
125.0 310.0 0.22 -55.7
130.0 310.0 0.08 -49.0
135.0 310.0 0.08 -49.4
140.0 310.0 0.16 -56.5
145.0 310.0 0.09 -65.6
150.0 310.0 0.20 -72.8
155.0 310.0 0.30 -11.7
160.0 310.0 0.27 -39.1
165.0 310.0 0.19 -52.9
170.0 310.0 0.06 -59.3
175.0 310.0 0.10 -45.2
180.0 310.0 0.00 -50.1
0.0 320.0 0.00 40.1
5.0 320.0 0.03 34.4
10.0 320.0 0.06 40.8
15.0 320.0 0.01 47.8
20.0 320.0 0.26 12.4
25.0 320.0 0.16 32.8
30.0 320.0 0.22 43.2
35.0 320.0 0.13 57.6
40.0 320.0 0.16 54.3
45.0 320.0 0.12 44.3
50.0 320.0 0.00 43.6
55.0 320.0 0.11 46.9
60.0 320.0 0.21 53.6
65.0 320.0 0.29 64.4
70.0 320.0 0.28 78.0
75.0 320.0 0.21 89.8
80.0 320.0 0.12 -81.9
85.0 320.0 0.07 -75.8
90.0 320.0 0.06 -70.9
95.0 320.0 0.08 -67.0
100.0 320.0 0.13 -64.5
105.0 320.0 0.19 -64.1
110.0 320.0 0.21 -66.0
115.0 320.0 0.17 -68.9
120.0 320.0 0.06 -69.8
125.0 320.0 0.08 -66.2
130.0 320.0 0.18 -57.2
135.0 320.0 0.17 -46.0
140.0 320.0 0.05 -39.3
145.0 320.0 0.08 -41.3
150.0 320.0 0.08 -49.0
155.0 320.0 0.14 -55.3
160.0 320.0 0.05 -13.7
165.0 320.0 0.18 -37.8
170.0 320.0 0.09 -44.9
175.0 320.0 0.13 -39.6
180.0 320.0 0.00 -40.1
0.0 330.0 0.00 30.1
5.0 330.0 0.01 26.1
10.0 330.0 0.04 31.5
15.0 330.0 0.08 39.7
20.0 330.0 0.08 20.8
25.0 330.0 0.14 30.0
30.0 330.0 0.11 40.9
35.0 330.0 0.11 38.5
40.0 330.0 0.05 32.0
45.0 330.0 0.06 33.1
50.0 330.0 0.16 38.4
55.0 330.0 0.23 50.3
60.0 330.0 0.11 67.0
65.0 330.0 0.19 71.7
70.0 330.0 0.34 64.3
75.0 330.0 0.32 60.0
80.0 330.0 0.27 62.0
85.0 330.0 0.26 67.6
90.0 330.0 0.28 76.0
95.0 330.0 0.33 87.7
100.0 330.0 0.37 -76.1
105.0 330.0 0.30 -59.0
110.0 330.0 0.15 -47.9
115.0 330.0 0.00 -43.2
120.0 330.0 0.11 -43.9
125.0 330.0 0.12 -47.9
130.0 330.0 0.02 -49.7
135.0 330.0 0.10 -44.7
140.0 330.0 0.13 -35.8
145.0 330.0 0.04 -29.7
150.0 330.0 0.06 -31.5
155.0 330.0 0.03 -37.6
160.0 330.0 0.32 -34.8
165.0 330.0 0.14 -24.1
170.0 330.0 0.08 -32.4
175.0 330.0 0.09 -32.8
180.0 330.0 0.00 -30.1
0.0 340.0 0.00 20.1
5.0 340.0 0.02 17.8
10.0 340.0 0.02 21.5
15.0 340.0 0.22 25.1
20.0 340.0 0.07 16.8
25.0 340.0 0.10 22.7
30.0 340.0 0.03 28.2
35.0 340.0 0.05 21.6
40.0 340.0 0.03 21.6
45.0 340.0 0.10 25.2
50.0 340.0 0.15 35.0
55.0 340.0 0.06 46.5
60.0 340.0 0.22 36.6
65.0 340.0 0.12 32.8
70.0 340.0 0.03 35.6
75.0 340.0 0.06 41.7
80.0 340.0 0.13 50.1
85.0 340.0 0.18 60.5
90.0 340.0 0.19 72.0
95.0 340.0 0.14 83.3
100.0 340.0 0.03 -86.0
105.0 340.0 0.14 -73.8
110.0 340.0 0.27 -55.7
115.0 340.0 0.21 -37.7
120.0 340.0 0.07 -29.1
125.0 340.0 0.04 -27.7
130.0 340.0 0.08 -30.6
135.0 340.0 0.00 -32.3
140.0 340.0 0.08 -28.0
145.0 340.0 0.07 -22.0
150.0 340.0 0.01 -19.7
155.0 340.0 0.04 -23.1
160.0 340.0 0.08 -26.3
165.0 340.0 0.07 -12.6
170.0 340.0 0.06 -21.1
175.0 340.0 0.04 -22.6
180.0 340.0 0.00 -20.1
0.0 350.0 0.00 10.1
5.0 350.0 0.01 9.0
10.0 350.0 0.01 10.9
15.0 350.0 0.12 5.8
20.0 350.0 0.04 9.0
25.0 350.0 0.04 12.4
30.0 350.0 0.03 12.7
35.0 350.0 0.01 10.5
40.0 350.0 0.03 11.3
45.0 350.0 0.07 14.6
50.0 350.0 0.02 22.2
55.0 350.0 0.11 18.0
60.0 350.0 0.05 15.4
65.0 350.0 0.01 17.1
70.0 350.0 0.08 21.0
75.0 350.0 0.16 27.1
80.0 350.0 0.28 36.3
85.0 350.0 0.45 51.3
90.0 350.0 0.60 78.9
95.0 350.0 0.51 -71.4
100.0 350.0 0.34 -57.4
105.0 350.0 0.15 -49.8
110.0 350.0 0.05 -41.1
115.0 350.0 0.15 -27.6
120.0 350.0 0.10 -17.5
125.0 350.0 0.02 -13.8
130.0 350.0 0.03 -14.0
135.0 350.0 0.03 -15.8
140.0 350.0 0.02 -15.0
145.0 350.0 0.04 -11.9
150.0 350.0 0.01 -9.8
155.0 350.0 0.02 -11.0
160.0 350.0 0.02 -12.9
165.0 350.0 0.02 -4.9
170.0 350.0 0.03 -10.4
175.0 350.0 0.01 -11.3
180.0 350.0 0.00 -10.1
0.0 360.0 0.00 0.1
5.0 360.0 0.00 -0.1
10.0 360.0 0.00 0.1
15.0 360.0 0.00 -0.3
20.0 360.0 0.00 0.0
25.0 360.0 0.00 0.1
30.0 360.0 0.00 -0.1
35.0 360.0 0.00 -0.1
40.0 360.0 0.00 -0.0
45.0 360.0 0.00 0.0
50.0 360.0 0.00 -0.1
55.0 360.0 0.00 -0.2
60.0 360.0 0.00 -0.1
65.0 360.0 0.00 -0.2
70.0 360.0 0.00 -0.2
75.0 360.0 0.00 -0.3
80.0 360.0 0.00 -0.5
85.0 360.0 0.00 -0.8
90.0 360.0 0.01 -0.8
95.0 360.0 0.02 -0.2
100.0 360.0 0.01 0.1
105.0 360.0 0.01 0.2
110.0 360.0 0.01 0.3
115.0 360.0 0.00 0.3
120.0 360.0 0.00 0.2
125.0 360.0 0.00 0.1
130.0 360.0 0.00 0.1
135.0 360.0 0.00 -0.0
140.0 360.0 0.00 0.0
145.0 360.0 0.00 0.1
150.0 360.0 0.00 0.1
155.0 360.0 0.00 -0.0
160.0 360.0 0.00 -0.0
165.0 360.0 0.00 0.1
170.0 360.0 0.00 -0.1
175.0 360.0 0.00 0.2
180.0 360.0 0.00 -0.1
0.0 370.0 0.00 -9.9
5.0 370.0 0.01 -9.3
10.0 370.0 0.01 -10.8
15.0 370.0 0.11 -6.5
20.0 370.0 0.04 -9.0
25.0 370.0 0.04 -12.2
30.0 370.0 0.03 -12.8
35.0 370.0 0.01 -10.6
40.0 370.0 0.03 -11.3
45.0 370.0 0.07 -14.5
50.0 370.0 0.03 -22.3
55.0 370.0 0.11 -18.4
60.0 370.0 0.05 -15.7
65.0 370.0 0.01 -17.4
70.0 370.0 0.07 -21.4
75.0 370.0 0.16 -27.5
80.0 370.0 0.27 -36.9
85.0 370.0 0.44 -51.8
90.0 370.0 0.58 -78.5
95.0 370.0 0.51 72.3
100.0 370.0 0.34 58.0
105.0 370.0 0.15 50.3
110.0 370.0 0.05 41.6
115.0 370.0 0.15 28.1
120.0 370.0 0.10 17.9
125.0 370.0 0.02 14.0
130.0 370.0 0.03 14.1
135.0 370.0 0.02 15.8
140.0 370.0 0.02 15.1
145.0 370.0 0.04 12.1
150.0 370.0 0.01 9.9
155.0 370.0 0.02 10.9
160.0 370.0 0.01 12.9
165.0 370.0 0.01 4.9
170.0 370.0 0.03 10.2
175.0 370.0 0.01 11.7
180.0 370.0 0.00 9.9
0.0 380.0 0.00 -19.9
5.0 380.0 0.01 -18.2
10.0 380.0 0.02 -21.3
15.0 380.0 0.21 -25.0
20.0 380.0 0.07 -16.8
25.0 380.0 0.10 -22.6
30.0 380.0 0.03 -28.2
35.0 380.0 0.05 -21.8
40.0 380.0 0.03 -21.6
45.0 380.0 0.10 -25.2
50.0 380.0 0.15 -35.0
55.0 380.0 0.06 -46.6
60.0 380.0 0.22 -36.9
65.0 380.0 0.12 -33.0
70.0 380.0 0.03 -35.9
75.0 380.0 0.06 -42.0
80.0 380.0 0.13 -50.4
85.0 380.0 0.17 -60.7
90.0 380.0 0.18 -72.1
95.0 380.0 0.14 -83.3
100.0 380.0 0.03 86.0
105.0 380.0 0.13 73.9
110.0 380.0 0.27 56.0
115.0 380.0 0.21 38.0
120.0 380.0 0.07 29.4
125.0 380.0 0.04 27.8
130.0 380.0 0.08 30.6
135.0 380.0 0.00 32.2
140.0 380.0 0.07 28.1
145.0 380.0 0.07 22.1
150.0 380.0 0.00 19.7
155.0 380.0 0.04 22.9
160.0 380.0 0.07 26.4
165.0 380.0 0.07 12.5
170.0 380.0 0.06 20.9
175.0 380.0 0.04 23.1
180.0 380.0 0.00 19.9
0.0 390.0 0.00 -29.9
5.0 390.0 0.01 -26.6
10.0 390.0 0.04 -31.4
15.0 390.0 0.07 -39.4
20.0 390.0 0.08 -21.0
25.0 390.0 0.14 -29.9
30.0 390.0 0.11 -40.9
35.0 390.0 0.11 -38.6
40.0 390.0 0.05 -32.1
45.0 390.0 0.06 -33.2
50.0 390.0 0.16 -38.4
55.0 390.0 0.23 -50.2
60.0 390.0 0.11 -67.0
65.0 390.0 0.19 -71.8
70.0 390.0 0.33 -64.5
75.0 390.0 0.32 -60.3
80.0 390.0 0.27 -62.1
85.0 390.0 0.26 -67.8
90.0 390.0 0.28 -76.1
95.0 390.0 0.33 -87.7
100.0 390.0 0.36 76.3
105.0 390.0 0.30 59.2
110.0 390.0 0.15 48.1
115.0 390.0 0.00 43.4
120.0 390.0 0.11 43.9
125.0 390.0 0.12 47.9
130.0 390.0 0.02 49.7
135.0 390.0 0.10 44.8
140.0 390.0 0.13 35.9
145.0 390.0 0.04 29.8
150.0 390.0 0.06 31.5
155.0 390.0 0.03 37.5
160.0 390.0 0.32 35.2
165.0 390.0 0.13 23.9
170.0 390.0 0.08 32.3
175.0 390.0 0.09 33.3
180.0 390.0 0.00 29.9
0.0 400.0 0.00 -39.9
5.0 400.0 0.02 -34.9
10.0 400.0 0.06 -40.7
15.0 400.0 0.01 -47.5
20.0 400.0 0.25 -13.1
25.0 400.0 0.16 -32.8
30.0 400.0 0.22 -43.1
35.0 400.0 0.13 -57.6
40.0 400.0 0.16 -54.4
45.0 400.0 0.12 -44.4
50.0 400.0 0.00 -43.6
55.0 400.0 0.11 -47.0
60.0 400.0 0.21 -53.6
65.0 400.0 0.29 -64.4
70.0 400.0 0.28 -78.0
75.0 400.0 0.21 -89.8
80.0 400.0 0.12 81.9
85.0 400.0 0.07 75.8
90.0 400.0 0.06 70.9
95.0 400.0 0.08 67.0
100.0 400.0 0.13 64.5
105.0 400.0 0.18 64.1
110.0 400.0 0.21 66.0
115.0 400.0 0.17 68.8
120.0 400.0 0.06 69.8
125.0 400.0 0.08 66.2
130.0 400.0 0.18 57.3
135.0 400.0 0.17 46.1
140.0 400.0 0.05 39.4
145.0 400.0 0.08 41.3
150.0 400.0 0.08 48.9
155.0 400.0 0.14 55.3
160.0 400.0 0.06 13.8
165.0 400.0 0.18 37.5
170.0 400.0 0.09 44.8
175.0 400.0 0.14 40.1
180.0 400.0 0.00 39.9
0.0 410.0 0.00 -49.9
5.0 410.0 0.08 -45.8
10.0 410.0 0.09 -48.5
15.0 410.0 0.07 -54.9
20.0 410.0 0.08 -68.0
25.0 410.0 0.08 -18.9
30.0 410.0 0.21 -38.9
35.0 410.0 0.29 -50.3
40.0 410.0 0.30 -65.8
45.0 410.0 0.06 -78.5
50.0 410.0 0.23 -72.9
55.0 410.0 0.24 -61.1
60.0 410.0 0.15 -57.1
65.0 410.0 0.06 -57.6
70.0 410.0 0.02 -60.1
75.0 410.0 0.08 -63.8
80.0 410.0 0.11 -67.9
85.0 410.0 0.13 -72.2
90.0 410.0 0.12 -76.1
95.0 410.0 0.09 -79.7
100.0 410.0 0.04 -83.1
105.0 410.0 0.04 -87.0
110.0 410.0 0.14 87.6
115.0 410.0 0.24 79.4
120.0 410.0 0.28 67.7
125.0 410.0 0.22 55.8
130.0 410.0 0.08 49.1
135.0 410.0 0.08 49.4
140.0 410.0 0.16 56.4
145.0 410.0 0.09 65.5
150.0 410.0 0.20 72.8
155.0 410.0 0.31 11.8
160.0 410.0 0.27 38.9
165.0 410.0 0.20 52.8
170.0 410.0 0.07 59.3
175.0 410.0 0.11 45.3
180.0 410.0 0.00 49.9
0.0 420.0 0.00 -59.9
5.0 420.0 0.10 -58.9
10.0 420.0 0.09 -52.0
15.0 420.0 0.13 -60.7
20.0 420.0 0.10 -68.1
25.0 420.0 0.01 -81.4
30.0 420.0 0.67 28.7
35.0 420.0 0.09 -28.7
40.0 420.0 0.27 -43.1
45.0 420.0 0.38 -53.8
50.0 420.0 0.45 -66.8
55.0 420.0 0.43 -83.0
60.0 420.0 0.29 84.2
65.0 420.0 0.11 77.5
70.0 420.0 0.05 74.9
75.0 420.0 0.18 74.3
80.0 420.0 0.25 73.9
85.0 420.0 0.28 72.7
90.0 420.0 0.27 70.1
95.0 420.0 0.24 66.5
100.0 420.0 0.18 62.7
105.0 420.0 0.09 59.5
110.0 420.0 0.02 57.8
115.0 420.0 0.14 58.4
120.0 420.0 0.24 62.4
125.0 420.0 0.29 70.0
130.0 420.0 0.24 79.2
135.0 420.0 0.09 87.2
140.0 420.0 0.21 -85.2
145.0 420.0 0.79 -16.7
150.0 420.0 0.14 21.6
155.0 420.0 0.38 47.9
160.0 420.0 0.30 63.2
165.0 420.0 0.17 70.8
170.0 420.0 0.11 75.5
175.0 420.0 0.04 53.8
180.0 420.0 0.00 59.9
0.0 430.0 0.00 -69.9
5.0 430.0 0.09 -71.0
10.0 430.0 0.18 -57.1
15.0 430.0 0.15 -57.6
20.0 430.0 0.21 -67.3
25.0 430.0 0.21 -74.6
30.0 430.0 0.19 -82.7
35.0 430.0 0.14 86.1
40.0 430.0 0.00 69.2
45.0 430.0 0.27 40.4
50.0 430.0 0.26 -0.4
55.0 430.0 0.06 -21.3
60.0 430.0 0.09 -31.7
65.0 430.0 0.18 -38.5
70.0 430.0 0.25 -43.6
75.0 430.0 0.30 -47.8
80.0 430.0 0.32 -51.3
85.0 430.0 0.33 -54.0
90.0 430.0 0.31 -56.0
95.0 430.0 0.27 -57.2
100.0 430.0 0.21 -57.4
105.0 430.0 0.12 -56.7
110.0 430.0 0.00 -54.6
115.0 430.0 0.16 -49.8
120.0 430.0 0.36 -37.4
125.0 430.0 0.39 -9.7
130.0 430.0 0.09 11.0
135.0 430.0 0.24 23.3
140.0 430.0 0.48 38.5
145.0 430.0 0.56 60.0
150.0 430.0 0.47 75.8
155.0 430.0 0.34 84.4
160.0 430.0 0.17 -89.7
165.0 430.0 0.13 -85.7
170.0 430.0 0.31 60.1
175.0 430.0 0.00 64.4
180.0 430.0 0.00 69.9
0.0 440.0 0.00 -79.9
5.0 440.0 0.06 -81.9
10.0 440.0 0.18 -82.4
15.0 440.0 0.37 -75.3
20.0 440.0 0.33 -51.9
25.0 440.0 0.00 -45.7
30.0 440.0 0.22 -50.4
35.0 440.0 0.35 -56.8
40.0 440.0 0.42 -62.9
45.0 440.0 0.48 -68.4
50.0 440.0 0.53 -73.5
55.0 440.0 0.58 -78.6
60.0 440.0 0.63 -83.8
65.0 440.0 0.68 -89.3
70.0 440.0 0.72 84.9
75.0 440.0 0.76 79.1
80.0 440.0 0.80 73.9
85.0 440.0 0.83 69.9
90.0 440.0 0.86 68.6
95.0 440.0 0.90 72.6
100.0 440.0 0.92 88.0
105.0 440.0 0.89 -73.5
110.0 440.0 0.82 -65.4
115.0 440.0 0.74 -62.4
120.0 440.0 0.65 -61.2
125.0 440.0 0.55 -60.6
130.0 440.0 0.45 -60.0
135.0 440.0 0.34 -59.4
140.0 440.0 0.21 -58.3
145.0 440.0 0.04 -56.7
150.0 440.0 0.20 -54.4
155.0 440.0 0.64 -52.7
160.0 440.0 0.57 52.4
165.0 440.0 0.15 59.4
170.0 440.0 0.01 68.5
175.0 440.0 0.03 75.5
180.0 440.0 0.00 79.9
0.0 450.0 0.00 -89.9
5.0 450.0 0.05 87.8
10.0 450.0 0.09 85.4
15.0 450.0 0.14 82.8
20.0 450.0 0.17 80.0
25.0 450.0 0.20 77.0
30.0 450.0 0.22 73.8
35.0 450.0 0.24 70.5
40.0 450.0 0.24 67.3
45.0 450.0 0.23 64.2
50.0 450.0 0.21 61.3
55.0 450.0 0.19 58.8
60.0 450.0 0.16 56.6
65.0 450.0 0.13 54.8
70.0 450.0 0.10 53.3
75.0 450.0 0.06 52.1
80.0 450.0 0.03 51.2
85.0 450.0 0.01 50.5
90.0 450.0 0.04 50.2
95.0 450.0 0.08 50.1
100.0 450.0 0.11 50.2
105.0 450.0 0.14 50.7
110.0 450.0 0.17 51.5
115.0 450.0 0.20 52.6
120.0 450.0 0.22 54.0
125.0 450.0 0.24 55.9
130.0 450.0 0.25 58.1
135.0 450.0 0.26 60.6
140.0 450.0 0.26 63.5
145.0 450.0 0.25 66.7
150.0 450.0 0.24 70.0
155.0 450.0 0.21 73.4
160.0 450.0 0.18 76.8
165.0 450.0 0.14 80.2
170.0 450.0 0.10 83.4
175.0 450.0 0.05 86.7
180.0 450.0 0.00 89.9
0.0 460.0 0.00 80.1
5.0 460.0 0.03 77.8
10.0 460.0 0.04 75.4
15.0 460.0 0.04 73.2
20.0 460.0 0.01 71.4
25.0 460.0 0.03 70.2
30.0 460.0 0.09 69.7
35.0 460.0 0.16 70.3
40.0 460.0 0.25 72.8
45.0 460.0 0.35 78.1
50.0 460.0 0.41 87.3
55.0 460.0 0.41 -80.5
60.0 460.0 0.34 -69.9
65.0 460.0 0.22 -62.8
70.0 460.0 0.11 -58.4
75.0 460.0 0.00 -55.4
80.0 460.0 0.08 -53.3
85.0 460.0 0.14 -51.6
90.0 460.0 0.18 -50.3
95.0 460.0 0.20 -49.1
100.0 460.0 0.20 -48.3
105.0 460.0 0.17 -47.7
110.0 460.0 0.13 -47.5
115.0 460.0 0.08 -47.7
120.0 460.0 0.01 -48.5
125.0 460.0 0.07 -49.9
130.0 460.0 0.14 -52.2
135.0 460.0 0.21 -55.4
140.0 460.0 0.27 -59.8
145.0 460.0 0.31 -65.0
150.0 460.0 0.31 -70.5
155.0 460.0 0.29 -75.4
160.0 460.0 0.24 -79.2
165.0 460.0 0.19 -81.7
170.0 460.0 0.12 -82.7
175.0 460.0 0.06 -82.3
180.0 460.0 0.00 -80.1
0.0 470.0 0.00 70.1
5.0 470.0 0.02 67.9
10.0 470.0 0.01 65.9
15.0 470.0 0.03 64.6
20.0 470.0 0.11 65.3
25.0 470.0 0.21 71.5
30.0 470.0 0.18 85.8
35.0 470.0 0.07 -86.8
40.0 470.0 0.30 89.1
45.0 470.0 0.41 79.0
50.0 470.0 0.42 68.2
55.0 470.0 0.37 59.8
60.0 470.0 0.29 54.0
65.0 470.0 0.19 49.9
70.0 470.0 0.08 46.7
75.0 470.0 0.03 43.9
80.0 470.0 0.14 41.4
85.0 470.0 0.24 39.3
90.0 470.0 0.32 38.1
95.0 470.0 0.37 38.9
100.0 470.0 0.39 42.2
105.0 470.0 0.38 47.7
110.0 470.0 0.33 54.0
115.0 470.0 0.25 60.0
120.0 470.0 0.14 65.1
125.0 470.0 0.02 69.5
130.0 470.0 0.13 74.1
135.0 470.0 0.30 80.6
140.0 470.0 0.46 -86.0
145.0 470.0 0.45 -63.8
150.0 470.0 0.22 -52.7
155.0 470.0 0.00 -52.9
160.0 470.0 0.13 -58.5
165.0 470.0 0.15 -65.0
170.0 470.0 0.12 -69.6
175.0 470.0 0.06 -71.3
180.0 470.0 0.00 -70.1
0.0 480.0 0.00 60.1
5.0 480.0 0.01 58.1
10.0 480.0 0.02 56.6
15.0 480.0 0.10 57.8
20.0 480.0 0.13 68.7
25.0 480.0 0.12 74.2
30.0 480.0 0.27 65.5
35.0 480.0 0.28 54.8
40.0 480.0 0.21 43.7
45.0 480.0 0.00 29.8
50.0 480.0 0.43 -4.6
55.0 480.0 0.07 -58.0
60.0 480.0 0.25 -75.5
65.0 480.0 0.37 -87.4
70.0 480.0 0.40 84.1
75.0 480.0 0.40 78.5
80.0 480.0 0.38 75.3
85.0 480.0 0.35 74.1
90.0 480.0 0.34 74.3
95.0 480.0 0.34 75.6
100.0 480.0 0.36 78.0
105.0 480.0 0.41 81.3
110.0 480.0 0.49 86.2
115.0 480.0 0.61 -84.8
120.0 480.0 0.72 -59.3
125.0 480.0 0.51 -27.0
130.0 480.0 0.06 -16.2
135.0 480.0 0.56 -14.1
140.0 480.0 0.59 -89.5
145.0 480.0 0.16 -88.3
150.0 480.0 0.14 -81.7
155.0 480.0 0.31 -65.0
160.0 480.0 0.15 -49.2
165.0 480.0 0.05 -50.8
170.0 480.0 0.10 -57.1
175.0 480.0 0.06 -60.6
180.0 480.0 0.00 -60.1
0.0 490.0 0.00 50.1
5.0 490.0 0.01 48.4
10.0 490.0 0.04 47.7
15.0 490.0 0.10 54.5
20.0 490.0 0.11 59.1
25.0 490.0 0.21 50.1
30.0 490.0 0.18 38.8
35.0 490.0 0.12 18.8
40.0 490.0 0.24 -80.7
45.0 490.0 0.19 76.8
50.0 490.0 0.26 65.0
55.0 490.0 0.24 56.8
60.0 490.0 0.15 50.9
65.0 490.0 0.01 47.5
70.0 490.0 0.23 47.1
75.0 490.0 0.53 53.4
80.0 490.0 0.73 84.7
85.0 490.0 0.58 -69.0
90.0 490.0 0.46 -61.2
95.0 490.0 0.42 -57.1
100.0 490.0 0.45 -54.9
105.0 490.0 0.57 -58.0
110.0 490.0 0.63 -76.9
115.0 490.0 0.43 88.0
120.0 490.0 0.16 87.4
125.0 490.0 0.06 -88.5
130.0 490.0 0.27 -81.7
135.0 490.0 0.49 -68.0
140.0 490.0 0.49 -29.9
145.0 490.0 0.18 -14.8
150.0 490.0 0.47 -63.5
155.0 490.0 0.03 -68.7
160.0 490.0 0.21 -56.6
165.0 490.0 0.09 -42.2
170.0 490.0 0.06 -45.6
175.0 490.0 0.05 -50.0
180.0 490.0 0.00 -50.1
0.0 500.0 0.00 40.1
5.0 500.0 0.00 38.7
10.0 500.0 0.05 39.1
15.0 500.0 0.01 47.2
20.0 500.0 0.14 41.6
25.0 500.0 0.13 31.7
30.0 500.0 0.35 9.4
35.0 500.0 0.04 65.8
40.0 500.0 0.18 51.9
45.0 500.0 0.16 42.9
50.0 500.0 0.02 36.2
55.0 500.0 0.31 36.5
60.0 500.0 0.53 74.4
65.0 500.0 0.14 -89.5
70.0 500.0 0.10 -87.9
75.0 500.0 0.25 -87.8
80.0 500.0 0.33 -87.4
85.0 500.0 0.38 -86.0
90.0 500.0 0.40 -82.9
95.0 500.0 0.39 -78.1
100.0 500.0 0.37 -71.7
105.0 500.0 0.33 -64.2
110.0 500.0 0.28 -56.1
115.0 500.0 0.20 -47.7
120.0 500.0 0.06 -39.7
125.0 500.0 0.20 -36.4
130.0 500.0 0.41 -56.7
135.0 500.0 0.08 -69.5
140.0 500.0 0.21 -63.3
145.0 500.0 0.42 -44.4
150.0 500.0 0.07 -13.5
155.0 500.0 0.36 -46.4
160.0 500.0 0.02 -52.5
165.0 500.0 0.14 -39.2
170.0 500.0 0.02 -35.3
175.0 500.0 0.04 -39.7
180.0 500.0 0.00 -40.1
0.0 510.0 0.00 30.1
5.0 510.0 0.00 29.1
10.0 510.0 0.05 30.4
15.0 510.0 0.06 34.2
20.0 510.0 0.11 27.9
25.0 510.0 0.03 14.3
30.0 510.0 0.03 50.5
35.0 510.0 0.13 38.0
40.0 510.0 0.10 30.4
45.0 510.0 0.09 25.5
50.0 510.0 0.41 43.8
55.0 510.0 0.09 67.6
60.0 510.0 0.21 67.0
65.0 510.0 0.39 60.6
70.0 510.0 0.47 49.2
75.0 510.0 0.42 36.4
80.0 510.0 0.29 27.3
85.0 510.0 0.16 22.2
90.0 510.0 0.08 21.4
95.0 510.0 0.11 27.2
100.0 510.0 0.25 42.4
105.0 510.0 0.43 68.7
110.0 510.0 0.45 -80.7
115.0 510.0 0.37 -60.4
120.0 510.0 0.29 -47.4
125.0 510.0 0.20 -37.2
130.0 510.0 0.07 -28.8
135.0 510.0 0.20 -28.6
140.0 510.0 0.17 -49.1
145.0 510.0 0.14 -47.1
150.0 510.0 0.30 -30.3
155.0 510.0 0.14 -12.0
160.0 510.0 0.12 -39.1
165.0 510.0 0.10 -33.9
170.0 510.0 0.01 -26.2
175.0 510.0 0.03 -29.6
180.0 510.0 0.00 -30.1
0.0 520.0 0.00 20.1
5.0 520.0 0.00 19.4
10.0 520.0 0.03 21.1
15.0 520.0 0.05 21.7
20.0 520.0 0.06 16.6
25.0 520.0 0.39 17.1
30.0 520.0 0.06 27.9
35.0 520.0 0.08 21.7
40.0 520.0 0.02 17.1
45.0 520.0 0.26 26.8
50.0 520.0 0.04 45.6
55.0 520.0 0.22 41.9
60.0 520.0 0.32 30.0
65.0 520.0 0.21 15.7
70.0 520.0 0.10 3.0
75.0 520.0 0.45 -23.1
80.0 520.0 0.27 -50.4
85.0 520.0 0.06 -52.4
90.0 520.0 0.03 -47.7
95.0 520.0 0.06 -40.9
100.0 520.0 0.04 -32.9
105.0 520.0 0.01 -22.8
110.0 520.0 0.12 -4.1
115.0 520.0 0.13 59.8
120.0 520.0 0.34 -52.6
125.0 520.0 0.23 -34.6
130.0 520.0 0.15 -25.7
135.0 520.0 0.05 -19.0
140.0 520.0 0.15 -20.2
145.0 520.0 0.05 -33.1
150.0 520.0 0.15 -27.4
155.0 520.0 0.13 -10.3
160.0 520.0 0.15 -22.7
165.0 520.0 0.04 -24.2
170.0 520.0 0.02 -17.6
175.0 520.0 0.02 -19.6
180.0 520.0 0.00 -20.1
0.0 530.0 0.00 10.1
5.0 530.0 0.00 9.8
10.0 530.0 0.01 10.8
15.0 530.0 0.03 10.5
20.0 530.0 0.03 7.5
25.0 530.0 0.10 17.2
30.0 530.0 0.04 12.8
35.0 530.0 0.03 9.8
40.0 530.0 0.06 8.9
45.0 530.0 0.11 19.8
50.0 530.0 0.08 22.1
55.0 530.0 0.16 15.6
60.0 530.0 0.10 7.3
65.0 530.0 0.13 -0.2
70.0 530.0 0.65 -20.9
75.0 530.0 0.19 -74.6
80.0 530.0 0.24 -68.4
85.0 530.0 0.36 -53.9
90.0 530.0 0.32 -41.1
95.0 530.0 0.24 -32.3
100.0 530.0 0.16 -25.6
105.0 530.0 0.10 -20.0
110.0 530.0 0.05 -14.6
115.0 530.0 0.02 -6.7
120.0 530.0 0.05 59.8
125.0 530.0 0.17 -23.4
130.0 530.0 0.10 -15.3
135.0 530.0 0.06 -11.1
140.0 530.0 0.02 -8.7
145.0 530.0 0.07 -14.9
150.0 530.0 0.05 -15.1
155.0 530.0 0.09 -7.9
160.0 530.0 0.09 -9.2
165.0 530.0 0.01 -12.5
170.0 530.0 0.01 -9.0
175.0 530.0 0.01 -9.8
180.0 530.0 0.00 -10.1
0.0 540.0 0.00 0.1
5.0 540.0 0.00 0.1
10.0 540.0 0.00 0.0
15.0 540.0 0.00 -0.0
20.0 540.0 0.00 -0.0
25.0 540.0 0.00 -0.1
30.0 540.0 0.00 0.1
35.0 540.0 0.00 0.1
40.0 540.0 0.00 -0.0
45.0 540.0 0.00 -0.2
50.0 540.0 0.00 -0.2
55.0 540.0 0.00 -0.1
60.0 540.0 0.00 -0.1
65.0 540.0 0.01 -0.2
70.0 540.0 0.02 -0.3
75.0 540.0 0.13 1.7
80.0 540.0 0.02 -0.1
85.0 540.0 0.01 -0.2
90.0 540.0 0.01 -0.2
95.0 540.0 0.01 -0.2
100.0 540.0 0.00 -0.2
105.0 540.0 0.00 -0.2
110.0 540.0 0.00 -0.2
115.0 540.0 0.00 -0.2
120.0 540.0 0.00 -0.7
125.0 540.0 0.00 0.4
130.0 540.0 0.00 0.1
135.0 540.0 0.00 0.1
140.0 540.0 0.00 0.1
145.0 540.0 0.00 -0.1
150.0 540.0 0.00 -0.0
155.0 540.0 0.00 0.1
160.0 540.0 0.00 0.1
165.0 540.0 0.00 0.0
170.0 540.0 0.00 -0.0
175.0 540.0 0.00 -0.1
180.0 540.0 0.00 -0.1
0.0 550.0 0.00 -9.9
5.0 550.0 0.00 -9.5
10.0 550.0 0.02 -10.7
15.0 550.0 0.03 -10.6
20.0 550.0 0.02 -7.6
25.0 550.0 0.09 -17.4
30.0 550.0 0.04 -12.7
35.0 550.0 0.03 -9.7
40.0 550.0 0.07 -8.9
45.0 550.0 0.11 -20.1
50.0 550.0 0.08 -22.4
55.0 550.0 0.16 -15.8
60.0 550.0 0.11 -7.6
65.0 550.0 0.12 -0.1
70.0 550.0 0.64 19.2
75.0 550.0 0.19 74.3
80.0 550.0 0.24 67.9
85.0 550.0 0.36 53.2
90.0 550.0 0.32 40.5
95.0 550.0 0.23 31.8
100.0 550.0 0.16 25.2
105.0 550.0 0.10 19.7
110.0 550.0 0.05 14.2
115.0 550.0 0.02 6.1
120.0 550.0 0.04 -60.7
125.0 550.0 0.17 23.9
130.0 550.0 0.10 15.6
135.0 550.0 0.06 11.3
140.0 550.0 0.02 8.8
145.0 550.0 0.07 14.7
150.0 550.0 0.05 15.0
155.0 550.0 0.09 8.1
160.0 550.0 0.09 9.4
165.0 550.0 0.01 12.5
170.0 550.0 0.02 8.9
175.0 550.0 0.01 9.6
180.0 550.0 0.00 9.9
0.0 560.0 0.00 -19.9
5.0 560.0 0.00 -19.2
10.0 560.0 0.03 -21.0
15.0 560.0 0.05 -21.8
20.0 560.0 0.06 -16.7
25.0 560.0 0.39 -17.8
30.0 560.0 0.07 -27.9
35.0 560.0 0.08 -21.6
40.0 560.0 0.02 -17.1
45.0 560.0 0.27 -26.9
50.0 560.0 0.04 -45.9
55.0 560.0 0.22 -42.2
60.0 560.0 0.32 -30.3
65.0 560.0 0.22 -16.0
70.0 560.0 0.09 -3.4
75.0 560.0 0.45 22.3
80.0 560.0 0.28 50.0
85.0 560.0 0.07 52.1
90.0 560.0 0.03 47.4
95.0 560.0 0.05 40.5
100.0 560.0 0.04 32.5
105.0 560.0 0.02 22.4
110.0 560.0 0.12 3.4
115.0 560.0 0.13 -60.2
120.0 560.0 0.34 53.0
125.0 560.0 0.23 34.9
130.0 560.0 0.15 25.9
135.0 560.0 0.05 19.2
140.0 560.0 0.15 20.2
145.0 560.0 0.05 33.0
150.0 560.0 0.15 27.4
155.0 560.0 0.12 10.5
160.0 560.0 0.15 22.8
165.0 560.0 0.04 24.3
170.0 560.0 0.03 17.5
175.0 560.0 0.02 19.4
180.0 560.0 0.00 19.9
0.0 570.0 0.00 -29.9
5.0 570.0 0.00 -28.8
10.0 570.0 0.05 -30.3
15.0 570.0 0.06 -34.3
20.0 570.0 0.10 -27.9
25.0 570.0 0.04 -14.4
30.0 570.0 0.03 -50.5
35.0 570.0 0.13 -38.0
40.0 570.0 0.10 -30.3
45.0 570.0 0.09 -25.4
50.0 570.0 0.42 -44.0
55.0 570.0 0.09 -67.8
60.0 570.0 0.21 -67.2
65.0 570.0 0.39 -60.8
70.0 570.0 0.47 -49.6
75.0 570.0 0.43 -36.7
80.0 570.0 0.30 -27.6
85.0 570.0 0.16 -22.6
90.0 570.0 0.09 -21.8
95.0 570.0 0.12 -27.6
100.0 570.0 0.25 -42.7
105.0 570.0 0.42 -68.9
110.0 570.0 0.44 80.8
115.0 570.0 0.37 60.7
120.0 570.0 0.29 47.6
125.0 570.0 0.20 37.4
130.0 570.0 0.07 28.9
135.0 570.0 0.20 28.7
140.0 570.0 0.17 48.9
145.0 570.0 0.14 47.0
150.0 570.0 0.30 30.4
155.0 570.0 0.14 12.2
160.0 570.0 0.12 39.1
165.0 570.0 0.10 33.9
170.0 570.0 0.01 26.0
175.0 570.0 0.03 29.3
180.0 570.0 0.00 29.9
0.0 580.0 0.00 -39.9
5.0 580.0 0.00 -38.5
10.0 580.0 0.05 -38.9
15.0 580.0 0.00 -47.2
20.0 580.0 0.14 -41.6
25.0 580.0 0.13 -31.7
30.0 580.0 0.36 -9.6
35.0 580.0 0.04 -65.7
40.0 580.0 0.19 -51.8
45.0 580.0 0.16 -42.9
50.0 580.0 0.02 -36.1
55.0 580.0 0.31 -36.5
60.0 580.0 0.53 -74.7
65.0 580.0 0.14 89.4
70.0 580.0 0.10 87.9
75.0 580.0 0.25 87.8
80.0 580.0 0.33 87.4
85.0 580.0 0.38 86.0
90.0 580.0 0.40 83.0
95.0 580.0 0.39 78.2
100.0 580.0 0.37 71.8
105.0 580.0 0.33 64.4
110.0 580.0 0.28 56.2
115.0 580.0 0.20 47.8
120.0 580.0 0.06 39.9
125.0 580.0 0.20 36.5
130.0 580.0 0.41 56.6
135.0 580.0 0.08 69.4
140.0 580.0 0.21 63.2
145.0 580.0 0.42 44.4
150.0 580.0 0.07 13.8
155.0 580.0 0.36 46.5
160.0 580.0 0.02 52.5
165.0 580.0 0.15 39.2
170.0 580.0 0.02 35.1
175.0 580.0 0.04 39.4
180.0 580.0 0.00 39.9
0.0 590.0 0.00 -49.9
5.0 590.0 0.01 -48.1
10.0 590.0 0.04 -47.5
15.0 590.0 0.11 -54.4
20.0 590.0 0.11 -59.2
25.0 590.0 0.20 -50.2
30.0 590.0 0.18 -38.9
35.0 590.0 0.12 -18.9
40.0 590.0 0.24 80.7
45.0 590.0 0.19 -76.8
50.0 590.0 0.26 -64.9
55.0 590.0 0.24 -56.7
60.0 590.0 0.15 -50.8
65.0 590.0 0.01 -47.4
70.0 590.0 0.24 -47.0
75.0 590.0 0.53 -53.4
80.0 590.0 0.73 -85.0
85.0 590.0 0.58 68.9
90.0 590.0 0.45 61.2
95.0 590.0 0.41 57.1
100.0 590.0 0.45 55.0
105.0 590.0 0.56 58.0
110.0 590.0 0.63 76.7
115.0 590.0 0.43 -88.1
120.0 590.0 0.16 -87.5
125.0 590.0 0.06 88.4
130.0 590.0 0.27 81.6
135.0 590.0 0.49 68.0
140.0 590.0 0.49 30.1
145.0 590.0 0.18 15.0
150.0 590.0 0.47 63.6
155.0 590.0 0.03 68.7
160.0 590.0 0.21 56.6
165.0 590.0 0.09 42.1
170.0 590.0 0.06 45.4
175.0 590.0 0.05 49.8
180.0 590.0 0.00 49.9
0.0 600.0 0.00 -59.9
5.0 600.0 0.01 -57.8
10.0 600.0 0.02 -56.4
15.0 600.0 0.10 -57.6
20.0 600.0 0.14 -68.6
25.0 600.0 0.11 -74.3
30.0 600.0 0.27 -65.5
35.0 600.0 0.28 -54.8
40.0 600.0 0.21 -43.7
45.0 600.0 0.00 -29.8
50.0 600.0 0.43 4.7
55.0 600.0 0.07 58.0
60.0 600.0 0.25 75.5
65.0 600.0 0.37 87.4
70.0 600.0 0.40 -84.1
75.0 600.0 0.40 -78.5
80.0 600.0 0.38 -75.3
85.0 600.0 0.35 -74.1
90.0 600.0 0.34 -74.3
95.0 600.0 0.34 -75.7
100.0 600.0 0.36 -78.0
105.0 600.0 0.41 -81.3
110.0 600.0 0.49 -86.2
115.0 600.0 0.61 84.7
120.0 600.0 0.72 59.3
125.0 600.0 0.51 27.2
130.0 600.0 0.06 16.3
135.0 600.0 0.56 14.3
140.0 600.0 0.58 89.4
145.0 600.0 0.15 88.3
150.0 600.0 0.14 81.8
155.0 600.0 0.31 65.1
160.0 600.0 0.15 49.1
165.0 600.0 0.05 50.6
170.0 600.0 0.10 56.9
175.0 600.0 0.06 60.3
180.0 600.0 0.00 59.9
0.0 610.0 0.00 -69.9
5.0 610.0 0.02 -67.6
10.0 610.0 0.01 -65.6
15.0 610.0 0.03 -64.4
20.0 610.0 0.11 -65.1
25.0 610.0 0.22 -71.3
30.0 610.0 0.19 -85.8
35.0 610.0 0.06 86.8
40.0 610.0 0.30 -89.1
45.0 610.0 0.41 -79.0
50.0 610.0 0.42 -68.2
55.0 610.0 0.37 -59.9
60.0 610.0 0.28 -54.1
65.0 610.0 0.19 -49.9
70.0 610.0 0.08 -46.7
75.0 610.0 0.03 -43.9
80.0 610.0 0.14 -41.4
85.0 610.0 0.24 -39.3
90.0 610.0 0.32 -38.1
95.0 610.0 0.37 -38.9
100.0 610.0 0.39 -42.2
105.0 610.0 0.38 -47.7
110.0 610.0 0.33 -54.1
115.0 610.0 0.25 -60.0
120.0 610.0 0.14 -65.1
125.0 610.0 0.02 -69.5
130.0 610.0 0.13 -74.1
135.0 610.0 0.30 -80.5
140.0 610.0 0.47 86.1
145.0 610.0 0.45 63.7
150.0 610.0 0.22 52.6
155.0 610.0 0.01 52.7
160.0 610.0 0.12 58.3
165.0 610.0 0.15 64.8
170.0 610.0 0.12 69.3
175.0 610.0 0.06 71.1
180.0 610.0 0.00 69.9
0.0 620.0 0.00 -79.9
5.0 620.0 0.03 -77.5
10.0 620.0 0.04 -75.2
15.0 620.0 0.04 -73.0
20.0 620.0 0.01 -71.2
25.0 620.0 0.03 -69.9
30.0 620.0 0.09 -69.5
35.0 620.0 0.16 -70.2
40.0 620.0 0.25 -72.6
45.0 620.0 0.35 -77.9
50.0 620.0 0.42 -87.2
55.0 620.0 0.42 80.6
60.0 620.0 0.34 69.9
65.0 620.0 0.22 62.8
70.0 620.0 0.11 58.4
75.0 620.0 0.00 55.4
80.0 620.0 0.08 53.3
85.0 620.0 0.14 51.6
90.0 620.0 0.18 50.3
95.0 620.0 0.20 49.1
100.0 620.0 0.20 48.3
105.0 620.0 0.18 47.7
110.0 620.0 0.13 47.5
115.0 620.0 0.08 47.7
120.0 620.0 0.01 48.4
125.0 620.0 0.07 49.8
130.0 620.0 0.14 52.1
135.0 620.0 0.21 55.3
140.0 620.0 0.27 59.6
145.0 620.0 0.30 64.8
150.0 620.0 0.31 70.2
155.0 620.0 0.29 75.2
160.0 620.0 0.24 79.0
165.0 620.0 0.19 81.4
170.0 620.0 0.12 82.4
175.0 620.0 0.06 82.0
180.0 620.0 0.00 79.9
0.0 630.0 0.00 -89.9
5.0 630.0 0.05 -87.5
10.0 630.0 0.10 -85.1
15.0 630.0 0.14 -82.5
20.0 630.0 0.17 -79.7
25.0 630.0 0.20 -76.8
30.0 630.0 0.23 -73.6
35.0 630.0 0.24 -70.3
40.0 630.0 0.24 -67.1
45.0 630.0 0.23 -64.0
50.0 630.0 0.21 -61.2
55.0 630.0 0.19 -58.7
60.0 630.0 0.16 -56.5
65.0 630.0 0.13 -54.7
70.0 630.0 0.10 -53.2
75.0 630.0 0.06 -52.0
80.0 630.0 0.03 -51.1
85.0 630.0 0.01 -50.5
90.0 630.0 0.04 -50.2
95.0 630.0 0.08 -50.1
100.0 630.0 0.11 -50.3
105.0 630.0 0.14 -50.7
110.0 630.0 0.17 -51.5
115.0 630.0 0.20 -52.6
120.0 630.0 0.22 -54.1
125.0 630.0 0.24 -55.9
130.0 630.0 0.26 -58.2
135.0 630.0 0.26 -60.8
140.0 630.0 0.26 -63.7
145.0 630.0 0.26 -66.8
150.0 630.0 0.24 -70.2
155.0 630.0 0.22 -73.6
160.0 630.0 0.18 -77.0
165.0 630.0 0.14 -80.4
170.0 630.0 0.10 -83.7
175.0 630.0 0.05 -86.9
180.0 630.0 0.00 89.9
0.0 640.0 0.00 80.1
5.0 640.0 0.07 82.2
10.0 640.0 0.19 82.6
15.0 640.0 0.38 75.3
20.0 640.0 0.34 51.5
25.0 640.0 0.01 45.4
30.0 640.0 0.22 50.1
35.0 640.0 0.35 56.7
40.0 640.0 0.42 62.9
45.0 640.0 0.48 68.4
50.0 640.0 0.53 73.5
55.0 640.0 0.58 78.6
60.0 640.0 0.63 83.9
65.0 640.0 0.68 89.4
70.0 640.0 0.72 -84.8
75.0 640.0 0.76 -79.1
80.0 640.0 0.80 -73.8
85.0 640.0 0.83 -69.9
90.0 640.0 0.86 -68.6
95.0 640.0 0.90 -72.7
100.0 640.0 0.92 -88.1
105.0 640.0 0.89 73.5
110.0 640.0 0.82 65.4
115.0 640.0 0.74 62.4
120.0 640.0 0.65 61.2
125.0 640.0 0.55 60.6
130.0 640.0 0.45 60.1
135.0 640.0 0.34 59.4
140.0 640.0 0.20 58.4
145.0 640.0 0.04 56.8
150.0 640.0 0.20 54.5
155.0 640.0 0.64 53.1
160.0 640.0 0.56 -52.5
165.0 640.0 0.14 -59.5
170.0 640.0 0.01 -68.7
175.0 640.0 0.04 -75.8
180.0 640.0 0.00 -80.1
0.0 650.0 0.00 70.1
5.0 650.0 0.09 71.2
10.0 650.0 0.18 56.7
15.0 650.0 0.15 57.3
20.0 650.0 0.21 67.3
25.0 650.0 0.21 74.7
30.0 650.0 0.19 82.8
35.0 650.0 0.14 -86.0
40.0 650.0 0.00 -69.0
45.0 650.0 0.27 -40.3
50.0 650.0 0.26 0.3
55.0 650.0 0.05 21.2
60.0 650.0 0.09 31.7
65.0 650.0 0.19 38.5
70.0 650.0 0.25 43.6
75.0 650.0 0.30 47.8
80.0 650.0 0.32 51.3
85.0 650.0 0.33 54.0
90.0 650.0 0.31 56.0
95.0 650.0 0.27 57.2
100.0 650.0 0.21 57.4
105.0 650.0 0.12 56.7
110.0 650.0 0.00 54.6
115.0 650.0 0.16 49.8
120.0 650.0 0.36 37.3
125.0 650.0 0.39 9.6
130.0 650.0 0.09 -11.0
135.0 650.0 0.24 -23.3
140.0 650.0 0.49 -38.6
145.0 650.0 0.56 -60.2
150.0 650.0 0.47 -76.0
155.0 650.0 0.34 -84.5
160.0 650.0 0.17 89.7
165.0 650.0 0.13 86.0
170.0 650.0 0.30 -59.9
175.0 650.0 0.01 -64.6
180.0 650.0 0.00 -70.1
0.0 660.0 0.00 60.1
5.0 660.0 0.11 59.0
10.0 660.0 0.09 51.7
15.0 660.0 0.13 60.8
20.0 660.0 0.10 68.2
25.0 660.0 0.01 81.6
30.0 660.0 0.67 -28.6
35.0 660.0 0.09 28.5
40.0 660.0 0.27 43.0
45.0 660.0 0.38 53.9
50.0 660.0 0.45 66.9
55.0 660.0 0.43 83.0
60.0 660.0 0.29 -84.2
65.0 660.0 0.11 -77.5
70.0 660.0 0.06 -74.9
75.0 660.0 0.18 -74.2
80.0 660.0 0.25 -73.9
85.0 660.0 0.28 -72.6
90.0 660.0 0.27 -70.1
95.0 660.0 0.24 -66.5
100.0 660.0 0.18 -62.6
105.0 660.0 0.09 -59.5
110.0 660.0 0.02 -57.8
115.0 660.0 0.14 -58.4
120.0 660.0 0.24 -62.4
125.0 660.0 0.29 -70.1
130.0 660.0 0.24 -79.3
135.0 660.0 0.09 -87.2
140.0 660.0 0.21 85.2
145.0 660.0 0.79 16.0
150.0 660.0 0.14 -21.6
155.0 660.0 0.38 -48.1
160.0 660.0 0.30 -63.4
165.0 660.0 0.17 -70.9
170.0 660.0 0.11 -75.1
175.0 660.0 0.04 -54.0
180.0 660.0 0.00 -60.1
0.0 670.0 0.00 50.1
5.0 670.0 0.09 45.5
10.0 670.0 0.09 48.5
15.0 670.0 0.07 55.1
20.0 670.0 0.09 68.3
25.0 670.0 0.07 18.6
30.0 670.0 0.21 38.8
35.0 670.0 0.29 50.4
40.0 670.0 0.30 65.8
45.0 670.0 0.06 78.5
50.0 670.0 0.23 72.8
55.0 670.0 0.24 61.0
60.0 670.0 0.15 57.0
65.0 670.0 0.06 57.5
70.0 670.0 0.02 60.1
75.0 670.0 0.08 63.7
80.0 670.0 0.11 67.9
85.0 670.0 0.13 72.2
90.0 670.0 0.12 76.1
95.0 670.0 0.09 79.7
100.0 670.0 0.04 83.1
105.0 670.0 0.04 87.0
110.0 670.0 0.14 -87.6
115.0 670.0 0.24 -79.3
120.0 670.0 0.28 -67.6
125.0 670.0 0.22 -55.7
130.0 670.0 0.08 -49.0
135.0 670.0 0.08 -49.4
140.0 670.0 0.16 -56.5
145.0 670.0 0.09 -65.6
150.0 670.0 0.20 -72.8
155.0 670.0 0.30 -11.7
160.0 670.0 0.27 -39.1
165.0 670.0 0.19 -52.9
170.0 670.0 0.06 -59.3
175.0 670.0 0.10 -45.2
180.0 670.0 0.00 -50.1
0.0 680.0 0.00 40.1
5.0 680.0 0.03 34.4
10.0 680.0 0.06 40.8
15.0 680.0 0.01 47.8
20.0 680.0 0.26 12.4
25.0 680.0 0.16 32.8
30.0 680.0 0.22 43.2
35.0 680.0 0.13 57.6
40.0 680.0 0.16 54.3
45.0 680.0 0.12 44.3
50.0 680.0 0.00 43.6
55.0 680.0 0.11 46.9
60.0 680.0 0.21 53.6
65.0 680.0 0.29 64.4
70.0 680.0 0.28 78.0
75.0 680.0 0.21 89.8
80.0 680.0 0.12 -81.9
85.0 680.0 0.07 -75.8
90.0 680.0 0.06 -70.9
95.0 680.0 0.08 -67.0
100.0 680.0 0.13 -64.5
105.0 680.0 0.19 -64.1
110.0 680.0 0.21 -66.0
115.0 680.0 0.17 -68.9
120.0 680.0 0.06 -69.8
125.0 680.0 0.08 -66.2
130.0 680.0 0.18 -57.2
135.0 680.0 0.17 -46.0
140.0 680.0 0.05 -39.3
145.0 680.0 0.08 -41.3
150.0 680.0 0.08 -49.0
155.0 680.0 0.14 -55.3
160.0 680.0 0.05 -13.7
165.0 680.0 0.18 -37.8
170.0 680.0 0.09 -44.9
175.0 680.0 0.13 -39.6
180.0 680.0 0.00 -40.1
0.0 690.0 0.00 30.1
5.0 690.0 0.01 26.1
10.0 690.0 0.04 31.5
15.0 690.0 0.08 39.7
20.0 690.0 0.08 20.8
25.0 690.0 0.14 30.0
30.0 690.0 0.11 40.9
35.0 690.0 0.11 38.5
40.0 690.0 0.05 32.0
45.0 690.0 0.06 33.1
50.0 690.0 0.16 38.4
55.0 690.0 0.23 50.3
60.0 690.0 0.11 67.0
65.0 690.0 0.19 71.7
70.0 690.0 0.34 64.3
75.0 690.0 0.32 60.0
80.0 690.0 0.27 62.0
85.0 690.0 0.26 67.6
90.0 690.0 0.28 76.0
95.0 690.0 0.33 87.7
100.0 690.0 0.37 -76.1
105.0 690.0 0.30 -59.0
110.0 690.0 0.15 -47.9
115.0 690.0 0.00 -43.2
120.0 690.0 0.11 -43.9
125.0 690.0 0.12 -47.9
130.0 690.0 0.02 -49.7
135.0 690.0 0.10 -44.7
140.0 690.0 0.13 -35.8
145.0 690.0 0.04 -29.7
150.0 690.0 0.06 -31.5
155.0 690.0 0.03 -37.6
160.0 690.0 0.32 -34.8
165.0 690.0 0.14 -24.1
170.0 690.0 0.08 -32.4
175.0 690.0 0.09 -32.8
180.0 690.0 0.00 -30.1
0.0 700.0 0.00 20.1
5.0 700.0 0.02 17.8
10.0 700.0 0.02 21.5
15.0 700.0 0.22 25.1
20.0 700.0 0.07 16.8
25.0 700.0 0.10 22.7
30.0 700.0 0.03 28.2
35.0 700.0 0.05 21.6
40.0 700.0 0.03 21.6
45.0 700.0 0.10 25.2
50.0 700.0 0.15 35.0
55.0 700.0 0.06 46.5
60.0 700.0 0.22 36.6
65.0 700.0 0.12 32.8
70.0 700.0 0.03 35.6
75.0 700.0 0.06 41.7
80.0 700.0 0.13 50.1
85.0 700.0 0.18 60.5
90.0 700.0 0.19 72.0
95.0 700.0 0.14 83.3
100.0 700.0 0.03 -86.0
105.0 700.0 0.14 -73.8
110.0 700.0 0.27 -55.7
115.0 700.0 0.21 -37.7
120.0 700.0 0.07 -29.1
125.0 700.0 0.04 -27.7
130.0 700.0 0.08 -30.6
135.0 700.0 0.00 -32.3
140.0 700.0 0.08 -28.0
145.0 700.0 0.07 -22.0
150.0 700.0 0.01 -19.7
155.0 700.0 0.04 -23.1
160.0 700.0 0.08 -26.3
165.0 700.0 0.07 -12.6
170.0 700.0 0.06 -21.1
175.0 700.0 0.04 -22.6
180.0 700.0 0.00 -20.1
0.0 710.0 0.00 10.1
5.0 710.0 0.01 9.0
10.0 710.0 0.01 10.9
15.0 710.0 0.12 5.8
20.0 710.0 0.04 9.0
25.0 710.0 0.04 12.4
30.0 710.0 0.03 12.7
35.0 710.0 0.01 10.5
40.0 710.0 0.03 11.3
45.0 710.0 0.07 14.6
50.0 710.0 0.02 22.2
55.0 710.0 0.11 18.0
60.0 710.0 0.05 15.4
65.0 710.0 0.01 17.1
70.0 710.0 0.08 21.0
75.0 710.0 0.16 27.1
80.0 710.0 0.28 36.3
85.0 710.0 0.45 51.3
90.0 710.0 0.60 78.9
95.0 710.0 0.51 -71.4
100.0 710.0 0.34 -57.4
105.0 710.0 0.15 -49.8
110.0 710.0 0.05 -41.1
115.0 710.0 0.15 -27.6
120.0 710.0 0.10 -17.5
125.0 710.0 0.02 -13.8
130.0 710.0 0.03 -14.0
135.0 710.0 0.03 -15.8
140.0 710.0 0.02 -15.0
145.0 710.0 0.04 -11.9
150.0 710.0 0.01 -9.8
155.0 710.0 0.02 -11.0
160.0 710.0 0.02 -12.9
165.0 710.0 0.02 -4.9
170.0 710.0 0.03 -10.4
175.0 710.0 0.01 -11.3
180.0 710.0 0.00 -10.1
0.0 720.0 0.00 0.1
5.0 720.0 0.00 -0.1
10.0 720.0 0.00 0.1
15.0 720.0 0.00 -0.3
20.0 720.0 0.00 0.0
25.0 720.0 0.00 0.1
30.0 720.0 0.00 -0.1
35.0 720.0 0.00 -0.1
40.0 720.0 0.00 -0.0
45.0 720.0 0.00 0.0
50.0 720.0 0.00 -0.1
55.0 720.0 0.00 -0.2
60.0 720.0 0.00 -0.1
65.0 720.0 0.00 -0.2
70.0 720.0 0.00 -0.2
75.0 720.0 0.00 -0.3
80.0 720.0 0.00 -0.5
85.0 720.0 0.00 -0.8
90.0 720.0 0.01 -0.8
95.0 720.0 0.02 -0.2
100.0 720.0 0.01 0.1
105.0 720.0 0.01 0.2
110.0 720.0 0.01 0.3
115.0 720.0 0.00 0.3
120.0 720.0 0.00 0.2
125.0 720.0 0.00 0.1
130.0 720.0 0.00 0.1
135.0 720.0 0.00 -0.0
140.0 720.0 0.00 0.0
145.0 720.0 0.00 0.1
150.0 720.0 0.00 0.1
155.0 720.0 0.00 -0.0
160.0 720.0 0.00 -0.0
165.0 720.0 0.00 0.1
170.0 720.0 0.00 -0.1
175.0 720.0 0.00 0.2
180.0 720.0 0.00 -0.1
