# Radiation Pattern Data
# Generated from: sailboat-20m_32.out
# Frequency: 14.200 MHz
# Format: Theta Phi Gain_dBi Phase_deg
# Theta: elevation angle (0-180 degrees)
# Phi: azimuth angle (0-360 degrees)
0.0 0.0 0.00 0.1
5.0 0.0 0.00 0.0
10.0 0.0 0.00 0.0
15.0 0.0 0.00 0.0
20.0 0.0 0.00 0.0
25.0 0.0 0.00 0.0
30.0 0.0 0.00 0.0
35.0 0.0 0.00 0.0
40.0 0.0 0.00 0.0
45.0 0.0 0.00 0.0
50.0 0.0 0.00 0.0
55.0 0.0 0.00 0.0
60.0 0.0 0.00 0.0
65.0 0.0 0.00 0.0
70.0 0.0 0.00 0.0
75.0 0.0 0.00 0.0
80.0 0.0 0.00 0.0
85.0 0.0 0.00 0.0
90.0 0.0 0.00 0.0
0.0 10.0 0.00 -9.9
5.0 10.0 0.03 -6.7
10.0 10.0 0.04 -4.5
15.0 10.0 0.04 -3.1
20.0 10.0 0.04 -2.1
25.0 10.0 0.03 -1.5
30.0 10.0 0.03 -1.1
35.0 10.0 0.02 -0.8
40.0 10.0 0.02 -0.7
45.0 10.0 0.01 -0.5
50.0 10.0 0.01 -0.4
55.0 10.0 0.01 -0.3
60.0 10.0 0.00 -0.2
65.0 10.0 0.00 -0.1
70.0 10.0 0.00 -0.1
75.0 10.0 0.00 -0.1
80.0 10.0 0.00 -0.1
85.0 10.0 0.00 -0.1
90.0 10.0 0.00 0.0
0.0 20.0 0.00 -19.9
5.0 20.0 0.07 -13.4
10.0 20.0 0.09 -9.0
15.0 20.0 0.09 -6.2
20.0 20.0 0.08 -4.3
25.0 20.0 0.07 -3.2
30.0 20.0 0.05 -2.4
35.0 20.0 0.04 -1.8
40.0 20.0 0.03 -1.4
45.0 20.0 0.02 -1.1
50.0 20.0 0.02 -0.8
55.0 20.0 0.01 -0.6
60.0 20.0 0.01 -0.5
65.0 20.0 0.01 -0.3
70.0 20.0 0.01 -0.3
75.0 20.0 0.00 -0.2
80.0 20.0 0.00 -0.2
85.0 20.0 0.00 -0.1
90.0 20.0 0.00 0.0
0.0 30.0 0.00 -29.9
5.0 30.0 0.10 -20.2
10.0 30.0 0.13 -13.6
15.0 30.0 0.13 -9.4
20.0 30.0 0.11 -6.7
25.0 30.0 0.10 -5.0
30.0 30.0 0.08 -3.9
35.0 30.0 0.06 -3.1
40.0 30.0 0.04 -2.4
45.0 30.0 0.03 -1.9
50.0 30.0 0.02 -1.4
55.0 30.0 0.02 -1.1
60.0 30.0 0.01 -0.8
65.0 30.0 0.01 -0.7
70.0 30.0 0.01 -0.5
75.0 30.0 0.01 -0.4
80.0 30.0 0.00 -0.3
85.0 30.0 0.00 -0.3
90.0 30.0 0.00 0.0
0.0 40.0 0.00 -39.9
5.0 40.0 0.14 -27.1
10.0 40.0 0.17 -18.2
15.0 40.0 0.16 -12.7
20.0 40.0 0.14 -9.2
25.0 40.0 0.12 -7.1
30.0 40.0 0.10 -5.6
35.0 40.0 0.07 -4.6
40.0 40.0 0.05 -3.7
45.0 40.0 0.04 -2.9
50.0 40.0 0.03 -2.3
55.0 40.0 0.02 -1.8
60.0 40.0 0.01 -1.4
65.0 40.0 0.01 -1.1
70.0 40.0 0.01 -0.9
75.0 40.0 0.01 -0.7
80.0 40.0 0.00 -0.6
85.0 40.0 0.00 -0.5
90.0 40.0 0.00 0.0
0.0 50.0 0.00 -49.9
5.0 50.0 0.17 -34.1
10.0 50.0 0.21 -23.0
15.0 50.0 0.20 -16.1
20.0 50.0 0.17 -11.9
25.0 50.0 0.14 -9.4
30.0 50.0 0.11 -7.7
35.0 50.0 0.08 -6.3
40.0 50.0 0.06 -5.2
45.0 50.0 0.04 -4.2
50.0 50.0 0.03 -3.3
55.0 50.0 0.02 -2.6
60.0 50.0 0.01 -2.1
65.0 50.0 0.01 -1.6
70.0 50.0 0.01 -1.3
75.0 50.0 0.00 -1.1
80.0 50.0 0.00 -0.9
85.0 50.0 0.00 -0.7
90.0 50.0 0.00 0.0
0.0 60.0 0.00 -59.9
5.0 60.0 0.20 -41.4
10.0 60.0 0.24 -27.8
15.0 60.0 0.22 -19.6
20.0 60.0 0.19 -14.8
25.0 60.0 0.15 -11.9
30.0 60.0 0.11 -10.0
35.0 60.0 0.08 -8.4
40.0 60.0 0.05 -6.9
45.0 60.0 0.03 -5.6
50.0 60.0 0.02 -4.5
55.0 60.0 0.01 -3.5
60.0 60.0 0.00 -2.8
65.0 60.0 0.00 -2.2
70.0 60.0 0.00 -1.8
75.0 60.0 0.00 -1.4
80.0 60.0 0.00 -1.2
85.0 60.0 0.00 -1.0
90.0 60.0 0.00 0.0
0.0 70.0 0.00 -69.9
5.0 70.0 0.23 -49.0
10.0 70.0 0.28 -32.7
15.0 70.0 0.24 -23.1
20.0 70.0 0.20 -17.8
25.0 70.0 0.15 -14.6
30.0 70.0 0.10 -12.4
35.0 70.0 0.07 -10.5
40.0 70.0 0.04 -8.7
45.0 70.0 0.01 -7.0
50.0 70.0 0.00 -5.5
55.0 70.0 0.01 -4.3
60.0 70.0 0.01 -3.4
65.0 70.0 0.01 -2.7
70.0 70.0 0.01 -2.1
75.0 70.0 0.01 -1.7
80.0 70.0 0.01 -1.4
85.0 70.0 0.01 -1.1
90.0 70.0 0.00 0.0
0.0 80.0 0.00 -79.9
5.0 80.0 0.26 -57.0
10.0 80.0 0.31 -37.8
15.0 80.0 0.26 -26.7
20.0 80.0 0.20 -20.9
25.0 80.0 0.14 -17.4
30.0 80.0 0.09 -14.8
35.0 80.0 0.04 -12.5
40.0 80.0 0.01 -10.3
45.0 80.0 0.01 -8.1
50.0 80.0 0.03 -6.3
55.0 80.0 0.03 -4.8
60.0 80.0 0.03 -3.7
65.0 80.0 0.03 -2.8
70.0 80.0 0.03 -2.2
75.0 80.0 0.02 -1.7
80.0 80.0 0.02 -1.4
85.0 80.0 0.02 -1.1
90.0 80.0 0.00 0.0
0.0 90.0 0.00 -89.9
5.0 90.0 0.28 -65.4
10.0 90.0 0.34 -42.9
15.0 90.0 0.27 -30.3
20.0 90.0 0.19 -23.8
25.0 90.0 0.12 -19.9
30.0 90.0 0.06 -17.0
35.0 90.0 0.01 -14.2
40.0 90.0 0.03 -11.3
45.0 90.0 0.05 -8.7
50.0 90.0 0.06 -6.4
55.0 90.0 0.06 -4.7
60.0 90.0 0.05 -3.4
65.0 90.0 0.05 -2.5
70.0 90.0 0.04 -1.9
75.0 90.0 0.03 -1.4
80.0 90.0 0.03 -1.1
85.0 90.0 0.03 -0.8
90.0 90.0 0.00 0.0
0.0 100.0 0.00 80.1
5.0 100.0 0.31 -74.5
10.0 100.0 0.36 -48.1
15.0 100.0 0.27 -33.7
20.0 100.0 0.17 -26.6
25.0 100.0 0.09 -22.2
30.0 100.0 0.01 -18.6
35.0 100.0 0.04 -15.1
40.0 100.0 0.08 -11.6
45.0 100.0 0.09 -8.3
50.0 100.0 0.09 -5.8
55.0 100.0 0.08 -3.9
60.0 100.0 0.07 -2.6
65.0 100.0 0.06 -1.7
70.0 100.0 0.05 -1.1
75.0 100.0 0.04 -0.8
80.0 100.0 0.04 -0.5
85.0 100.0 0.03 -0.3
90.0 100.0 0.00 0.0
0.0 110.0 0.00 70.1
5.0 110.0 0.33 -84.4
10.0 110.0 0.40 -53.4
15.0 110.0 0.27 -36.7
20.0 110.0 0.14 -28.9
25.0 110.0 0.04 -23.9
30.0 110.0 0.04 -19.5
35.0 110.0 0.09 -15.0
40.0 110.0 0.12 -10.6
45.0 110.0 0.13 -7.0
50.0 110.0 0.11 -4.2
55.0 110.0 0.10 -2.5
60.0 110.0 0.08 -1.3
65.0 110.0 0.07 -0.6
70.0 110.0 0.05 -0.2
75.0 110.0 0.05 0.0
80.0 110.0 0.04 0.2
85.0 110.0 0.03 0.3
90.0 110.0 0.00 0.0
0.0 120.0 0.00 60.1
5.0 120.0 0.34 84.7
10.0 120.0 0.43 -58.8
15.0 120.0 0.26 -39.3
20.0 120.0 0.10 -30.6
25.0 120.0 0.01 -24.6
30.0 120.0 0.10 -19.1
35.0 120.0 0.14 -13.5
40.0 120.0 0.16 -8.6
45.0 120.0 0.14 -4.8
50.0 120.0 0.12 -2.3
55.0 120.0 0.10 -0.8
60.0 120.0 0.08 -0.0
65.0 120.0 0.06 0.4
70.0 120.0 0.05 0.6
75.0 120.0 0.04 0.7
80.0 120.0 0.03 0.8
85.0 120.0 0.03 0.7
90.0 120.0 0.00 0.0
0.0 130.0 0.00 50.1
5.0 130.0 0.34 72.6
10.0 130.0 0.49 -64.4
15.0 130.0 0.25 -41.0
20.0 130.0 0.06 -31.1
25.0 130.0 0.07 -23.9
30.0 130.0 0.15 -17.1
35.0 130.0 0.18 -10.8
40.0 130.0 0.17 -5.8
45.0 130.0 0.14 -2.5
50.0 130.0 0.11 -0.6
55.0 130.0 0.09 0.5
60.0 130.0 0.07 0.9
65.0 130.0 0.05 1.1
70.0 130.0 0.04 1.2
75.0 130.0 0.03 1.1
80.0 130.0 0.02 1.1
85.0 130.0 0.02 1.0
90.0 130.0 0.00 0.0
0.0 140.0 0.00 40.1
5.0 140.0 0.33 59.2
10.0 140.0 0.57 -70.2
15.0 140.0 0.23 -41.3
20.0 140.0 0.01 -30.1
25.0 140.0 0.12 -21.4
30.0 140.0 0.18 -13.6
35.0 140.0 0.18 -7.4
40.0 140.0 0.16 -3.2
45.0 140.0 0.12 -0.7
50.0 140.0 0.09 0.6
55.0 140.0 0.07 1.2
60.0 140.0 0.05 1.4
65.0 140.0 0.04 1.4
70.0 140.0 0.03 1.4
75.0 140.0 0.02 1.2
80.0 140.0 0.02 1.1
85.0 140.0 0.01 1.0
90.0 140.0 0.00 0.0
0.0 150.0 0.00 30.1
5.0 150.0 0.29 44.8
10.0 150.0 0.71 -77.1
15.0 150.0 0.22 -39.2
20.0 150.0 0.04 -26.7
25.0 150.0 0.14 -17.0
30.0 150.0 0.17 -9.5
35.0 150.0 0.15 -4.4
40.0 150.0 0.13 -1.4
45.0 150.0 0.10 0.3
50.0 150.0 0.07 1.1
55.0 150.0 0.05 1.4
60.0 150.0 0.04 1.4
65.0 150.0 0.03 1.4
70.0 150.0 0.02 1.2
75.0 150.0 0.01 1.1
80.0 150.0 0.01 1.0
85.0 150.0 0.01 0.8
90.0 150.0 0.00 0.0
0.0 160.0 0.00 20.1
5.0 160.0 0.21 29.9
10.0 160.0 0.95 45.8
15.0 160.0 0.19 -32.8
20.0 160.0 0.06 -20.3
25.0 160.0 0.13 -11.4
30.0 160.0 0.13 -5.7
35.0 160.0 0.11 -2.3
40.0 160.0 0.09 -0.4
45.0 160.0 0.06 0.6
50.0 160.0 0.05 1.0
55.0 160.0 0.03 1.1
60.0 160.0 0.02 1.1
65.0 160.0 0.02 1.0
70.0 160.0 0.01 0.9
75.0 160.0 0.01 0.8
80.0 160.0 0.00 0.7
85.0 160.0 0.00 0.6
90.0 160.0 0.00 0.0
0.0 170.0 0.00 10.1
5.0 170.0 0.11 14.9
10.0 170.0 0.51 7.5
15.0 170.0 0.13 -19.6
20.0 170.0 0.05 -11.0
25.0 170.0 0.07 -5.6
30.0 170.0 0.07 -2.6
35.0 170.0 0.06 -0.9
40.0 170.0 0.04 -0.1
45.0 170.0 0.03 0.4
50.0 170.0 0.02 0.6
55.0 170.0 0.02 0.6
60.0 170.0 0.01 0.6
65.0 170.0 0.01 0.5
70.0 170.0 0.00 0.5
75.0 170.0 0.00 0.4
80.0 170.0 0.00 0.3
85.0 170.0 0.00 0.3
90.0 170.0 0.00 0.0
0.0 180.0 0.00 0.1
5.0 180.0 0.00 0.2
10.0 180.0 0.00 0.6
15.0 180.0 0.01 0.2
20.0 180.0 0.00 -0.1
25.0 180.0 0.00 -0.1
30.0 180.0 0.00 -0.1
35.0 180.0 0.00 -0.1
40.0 180.0 0.00 -0.1
45.0 180.0 0.00 -0.1
50.0 180.0 0.00 -0.0
55.0 180.0 0.00 -0.0
60.0 180.0 0.00 -0.0
65.0 180.0 0.00 -0.0
70.0 180.0 0.00 -0.0
75.0 180.0 0.00 -0.0
80.0 180.0 0.00 -0.0
85.0 180.0 0.00 -0.0
90.0 180.0 0.00 0.0
0.0 190.0 0.00 -9.9
5.0 190.0 0.12 -14.6
10.0 190.0 0.51 -6.0
15.0 190.0 0.12 19.8
20.0 190.0 0.06 10.9
25.0 190.0 0.08 5.5
30.0 190.0 0.07 2.5
35.0 190.0 0.06 0.8
40.0 190.0 0.04 -0.1
45.0 190.0 0.03 -0.5
50.0 190.0 0.02 -0.7
55.0 190.0 0.02 -0.7
60.0 190.0 0.01 -0.6
65.0 190.0 0.01 -0.6
70.0 190.0 0.00 -0.5
75.0 190.0 0.00 -0.4
80.0 190.0 0.00 -0.4
85.0 190.0 0.00 -0.3
90.0 190.0 0.00 0.0
0.0 200.0 0.00 -19.9
5.0 200.0 0.22 -29.5
10.0 200.0 0.97 -38.5
15.0 200.0 0.18 32.8
20.0 200.0 0.07 20.3
25.0 200.0 0.13 11.3
30.0 200.0 0.13 5.5
35.0 200.0 0.11 2.1
40.0 200.0 0.09 0.3
45.0 200.0 0.06 -0.7
50.0 200.0 0.05 -1.1
55.0 200.0 0.03 -1.2
60.0 200.0 0.02 -1.2
65.0 200.0 0.02 -1.1
70.0 200.0 0.01 -0.9
75.0 200.0 0.01 -0.8
80.0 200.0 0.00 -0.7
85.0 200.0 0.00 -0.6
90.0 200.0 0.00 0.0
0.0 210.0 0.00 -29.9
5.0 210.0 0.29 -44.5
10.0 210.0 0.71 76.1
15.0 210.0 0.21 39.2
20.0 210.0 0.04 26.7
25.0 210.0 0.15 17.0
30.0 210.0 0.17 9.4
35.0 210.0 0.16 4.3
40.0 210.0 0.13 1.2
45.0 210.0 0.10 -0.4
50.0 210.0 0.07 -1.2
55.0 210.0 0.05 -1.5
60.0 210.0 0.04 -1.5
65.0 210.0 0.03 -1.4
70.0 210.0 0.02 -1.3
75.0 210.0 0.01 -1.1
80.0 210.0 0.01 -1.0
85.0 210.0 0.01 -0.9
90.0 210.0 0.00 0.0
0.0 220.0 0.00 -39.9
5.0 220.0 0.34 -59.0
10.0 220.0 0.57 69.8
15.0 220.0 0.23 41.3
20.0 220.0 0.01 30.1
25.0 220.0 0.12 21.4
30.0 220.0 0.18 13.6
35.0 220.0 0.18 7.3
40.0 220.0 0.16 3.1
45.0 220.0 0.13 0.6
50.0 220.0 0.10 -0.7
55.0 220.0 0.07 -1.3
60.0 220.0 0.05 -1.5
65.0 220.0 0.04 -1.5
70.0 220.0 0.03 -1.4
75.0 220.0 0.02 -1.3
80.0 220.0 0.02 -1.1
85.0 220.0 0.01 -1.0
90.0 220.0 0.00 0.0
0.0 230.0 0.00 -49.9
5.0 230.0 0.35 -72.5
10.0 230.0 0.49 64.2
15.0 230.0 0.25 41.0
20.0 230.0 0.06 31.2
25.0 230.0 0.07 23.9
30.0 230.0 0.15 17.1
35.0 230.0 0.18 10.7
40.0 230.0 0.17 5.7
45.0 230.0 0.14 2.4
50.0 230.0 0.12 0.5
55.0 230.0 0.09 -0.5
60.0 230.0 0.07 -1.0
65.0 230.0 0.05 -1.2
70.0 230.0 0.04 -1.2
75.0 230.0 0.03 -1.2
80.0 230.0 0.02 -1.1
85.0 230.0 0.02 -1.0
90.0 230.0 0.00 0.0
0.0 240.0 0.00 -59.9
5.0 240.0 0.35 -84.6
10.0 240.0 0.44 58.7
15.0 240.0 0.26 39.3
20.0 240.0 0.10 30.6
25.0 240.0 0.01 24.6
30.0 240.0 0.10 19.1
35.0 240.0 0.15 13.5
40.0 240.0 0.16 8.5
45.0 240.0 0.15 4.8
50.0 240.0 0.12 2.3
55.0 240.0 0.10 0.8
60.0 240.0 0.08 -0.0
65.0 240.0 0.06 -0.5
70.0 240.0 0.05 -0.7
75.0 240.0 0.04 -0.8
80.0 240.0 0.03 -0.8
85.0 240.0 0.03 -0.8
90.0 240.0 0.00 0.0
0.0 250.0 0.00 -69.9
5.0 250.0 0.33 84.4
10.0 250.0 0.40 53.3
15.0 250.0 0.27 36.7
20.0 250.0 0.14 28.9
25.0 250.0 0.04 23.9
30.0 250.0 0.04 19.5
35.0 250.0 0.10 15.0
40.0 250.0 0.12 10.6
45.0 250.0 0.13 6.9
50.0 250.0 0.12 4.2
55.0 250.0 0.10 2.4
60.0 250.0 0.08 1.3
65.0 250.0 0.07 0.6
70.0 250.0 0.06 0.2
75.0 250.0 0.05 -0.1
80.0 250.0 0.04 -0.2
85.0 250.0 0.03 -0.3
90.0 250.0 0.00 0.0
0.0 260.0 0.00 -79.9
5.0 260.0 0.31 74.5
10.0 260.0 0.37 48.0
15.0 260.0 0.27 33.6
20.0 260.0 0.17 26.6
25.0 260.0 0.08 22.2
30.0 260.0 0.01 18.7
35.0 260.0 0.04 15.1
40.0 260.0 0.08 11.6
45.0 260.0 0.09 8.3
50.0 260.0 0.09 5.7
55.0 260.0 0.08 3.9
60.0 260.0 0.07 2.6
65.0 260.0 0.06 1.7
70.0 260.0 0.05 1.1
75.0 260.0 0.04 0.7
80.0 260.0 0.04 0.5
85.0 260.0 0.03 0.3
90.0 260.0 0.00 0.0
0.0 270.0 0.00 -89.9
5.0 270.0 0.29 65.5
10.0 270.0 0.34 42.8
15.0 270.0 0.27 30.2
20.0 270.0 0.19 23.8
25.0 270.0 0.12 20.0
30.0 270.0 0.06 17.0
35.0 270.0 0.01 14.2
40.0 270.0 0.03 11.3
45.0 270.0 0.05 8.7
50.0 270.0 0.06 6.4
55.0 270.0 0.06 4.7
60.0 270.0 0.05 3.4
65.0 270.0 0.05 2.5
70.0 270.0 0.04 1.9
75.0 270.0 0.03 1.4
80.0 270.0 0.03 1.1
85.0 270.0 0.03 0.8
90.0 270.0 0.00 0.0
0.0 280.0 0.00 80.1
5.0 280.0 0.26 57.0
10.0 280.0 0.31 37.7
15.0 280.0 0.26 26.7
20.0 280.0 0.20 20.9
25.0 280.0 0.14 17.4
30.0 280.0 0.09 14.8
35.0 280.0 0.04 12.5
40.0 280.0 0.01 10.3
45.0 280.0 0.01 8.2
50.0 280.0 0.03 6.3
55.0 280.0 0.03 4.8
60.0 280.0 0.03 3.7
65.0 280.0 0.03 2.8
70.0 280.0 0.03 2.2
75.0 280.0 0.02 1.7
80.0 280.0 0.02 1.4
85.0 280.0 0.02 1.1
90.0 280.0 0.00 0.0
0.0 290.0 0.00 70.1
5.0 290.0 0.23 49.1
10.0 290.0 0.28 32.7
15.0 290.0 0.24 23.1
20.0 290.0 0.20 17.8
25.0 290.0 0.15 14.6
30.0 290.0 0.10 12.4
35.0 290.0 0.07 10.5
40.0 290.0 0.04 8.7
45.0 290.0 0.01 7.0
50.0 290.0 0.00 5.5
55.0 290.0 0.01 4.3
60.0 290.0 0.01 3.4
65.0 290.0 0.01 2.7
70.0 290.0 0.01 2.1
75.0 290.0 0.01 1.7
80.0 290.0 0.01 1.4
85.0 290.0 0.01 1.1
90.0 290.0 0.00 0.0
0.0 300.0 0.00 60.1
5.0 300.0 0.20 41.5
10.0 300.0 0.25 27.8
15.0 300.0 0.22 19.6
20.0 300.0 0.19 14.8
25.0 300.0 0.15 11.9
30.0 300.0 0.11 10.0
35.0 300.0 0.08 8.4
40.0 300.0 0.05 7.0
45.0 300.0 0.03 5.6
50.0 300.0 0.02 4.5
55.0 300.0 0.01 3.5
60.0 300.0 0.00 2.8
65.0 300.0 0.00 2.2
70.0 300.0 0.00 1.8
75.0 300.0 0.00 1.4
80.0 300.0 0.00 1.2
85.0 300.0 0.00 1.0
90.0 300.0 0.00 0.0
0.0 310.0 0.00 50.1
5.0 310.0 0.17 34.2
10.0 310.0 0.21 23.0
15.0 310.0 0.20 16.1
20.0 310.0 0.17 11.9
25.0 310.0 0.14 9.4
30.0 310.0 0.11 7.7
35.0 310.0 0.08 6.4
40.0 310.0 0.06 5.2
45.0 310.0 0.04 4.2
50.0 310.0 0.03 3.3
55.0 310.0 0.02 2.6
60.0 310.0 0.01 2.1
65.0 310.0 0.01 1.6
70.0 310.0 0.01 1.3
75.0 310.0 0.00 1.1
80.0 310.0 0.00 0.9
85.0 310.0 0.00 0.7
90.0 310.0 0.00 0.0
0.0 320.0 0.00 40.1
5.0 320.0 0.14 27.1
10.0 320.0 0.17 18.2
15.0 320.0 0.17 12.7
20.0 320.0 0.14 9.2
25.0 320.0 0.12 7.1
30.0 320.0 0.10 5.6
35.0 320.0 0.07 4.6
40.0 320.0 0.05 3.7
45.0 320.0 0.04 2.9
50.0 320.0 0.03 2.3
55.0 320.0 0.02 1.8
60.0 320.0 0.01 1.4
65.0 320.0 0.01 1.1
70.0 320.0 0.01 0.9
75.0 320.0 0.01 0.7
80.0 320.0 0.00 0.6
85.0 320.0 0.00 0.5
90.0 320.0 0.00 0.0
0.0 330.0 0.00 30.1
5.0 330.0 0.11 20.2
10.0 330.0 0.13 13.6
15.0 330.0 0.13 9.4
20.0 330.0 0.11 6.7
25.0 330.0 0.10 5.0
30.0 330.0 0.08 3.9
35.0 330.0 0.06 3.1
40.0 330.0 0.04 2.4
45.0 330.0 0.03 1.9
50.0 330.0 0.02 1.5
55.0 330.0 0.02 1.1
60.0 330.0 0.01 0.8
65.0 330.0 0.01 0.7
70.0 330.0 0.01 0.5
75.0 330.0 0.01 0.4
80.0 330.0 0.00 0.3
85.0 330.0 0.00 0.3
90.0 330.0 0.00 0.0
0.0 340.0 0.00 20.1
5.0 340.0 0.07 13.4
10.0 340.0 0.09 9.0
15.0 340.0 0.09 6.2
20.0 340.0 0.08 4.4
25.0 340.0 0.07 3.2
30.0 340.0 0.05 2.4
35.0 340.0 0.04 1.9
40.0 340.0 0.03 1.4
45.0 340.0 0.02 1.1
50.0 340.0 0.02 0.8
55.0 340.0 0.01 0.6
60.0 340.0 0.01 0.5
65.0 340.0 0.01 0.4
70.0 340.0 0.01 0.3
75.0 340.0 0.00 0.2
80.0 340.0 0.00 0.2
85.0 340.0 0.00 0.1
90.0 340.0 0.00 0.0
0.0 350.0 0.00 10.1
5.0 350.0 0.04 6.7
10.0 350.0 0.05 4.5
15.0 350.0 0.05 3.1
20.0 350.0 0.04 2.1
25.0 350.0 0.03 1.6
30.0 350.0 0.03 1.1
35.0 350.0 0.02 0.9
40.0 350.0 0.02 0.7
45.0 350.0 0.01 0.5
50.0 350.0 0.01 0.4
55.0 350.0 0.01 0.3
60.0 350.0 0.00 0.2
65.0 350.0 0.00 0.1
70.0 350.0 0.00 0.1
75.0 350.0 0.00 0.1
80.0 350.0 0.00 0.1
85.0 350.0 0.00 0.1
90.0 350.0 0.00 0.0
0.0 360.0 0.00 0.1
5.0 360.0 0.00 0.0
10.0 360.0 0.00 0.0
15.0 360.0 0.00 0.0
20.0 360.0 0.00 0.0
25.0 360.0 0.00 0.0
30.0 360.0 0.00 0.0
35.0 360.0 0.00 0.0
40.0 360.0 0.00 0.0
45.0 360.0 0.00 0.0
50.0 360.0 0.00 0.0
55.0 360.0 0.00 0.0
60.0 360.0 0.00 0.0
65.0 360.0 0.00 0.0
70.0 360.0 0.00 0.0
75.0 360.0 0.00 0.0
80.0 360.0 0.00 0.0
85.0 360.0 0.00 0.0
90.0 360.0 0.00 0.0
0.0 370.0 0.00 -9.9
5.0 370.0 0.03 -6.7
10.0 370.0 0.04 -4.5
15.0 370.0 0.04 -3.1
20.0 370.0 0.04 -2.1
25.0 370.0 0.03 -1.5
30.0 370.0 0.03 -1.1
35.0 370.0 0.02 -0.8
40.0 370.0 0.02 -0.7
45.0 370.0 0.01 -0.5
50.0 370.0 0.01 -0.4
55.0 370.0 0.01 -0.3
60.0 370.0 0.00 -0.2
65.0 370.0 0.00 -0.1
70.0 370.0 0.00 -0.1
75.0 370.0 0.00 -0.1
80.0 370.0 0.00 -0.1
85.0 370.0 0.00 -0.1
90.0 370.0 0.00 0.0
0.0 380.0 0.00 -19.9
5.0 380.0 0.07 -13.4
10.0 380.0 0.09 -9.0
15.0 380.0 0.09 -6.2
20.0 380.0 0.08 -4.3
25.0 380.0 0.07 -3.2
30.0 380.0 0.05 -2.4
35.0 380.0 0.04 -1.8
40.0 380.0 0.03 -1.4
45.0 380.0 0.02 -1.1
50.0 380.0 0.02 -0.8
55.0 380.0 0.01 -0.6
60.0 380.0 0.01 -0.5
65.0 380.0 0.01 -0.3
70.0 380.0 0.01 -0.3
75.0 380.0 0.00 -0.2
80.0 380.0 0.00 -0.2
85.0 380.0 0.00 -0.1
90.0 380.0 0.00 0.0
0.0 390.0 0.00 -29.9
5.0 390.0 0.10 -20.2
10.0 390.0 0.13 -13.6
15.0 390.0 0.13 -9.4
20.0 390.0 0.11 -6.7
25.0 390.0 0.10 -5.0
30.0 390.0 0.08 -3.9
35.0 390.0 0.06 -3.1
40.0 390.0 0.04 -2.4
45.0 390.0 0.03 -1.9
50.0 390.0 0.02 -1.4
55.0 390.0 0.02 -1.1
60.0 390.0 0.01 -0.8
65.0 390.0 0.01 -0.7
70.0 390.0 0.01 -0.5
75.0 390.0 0.01 -0.4
80.0 390.0 0.00 -0.3
85.0 390.0 0.00 -0.3
90.0 390.0 0.00 0.0
0.0 400.0 0.00 -39.9
5.0 400.0 0.14 -27.1
10.0 400.0 0.17 -18.2
15.0 400.0 0.16 -12.7
20.0 400.0 0.14 -9.2
25.0 400.0 0.12 -7.1
30.0 400.0 0.10 -5.6
35.0 400.0 0.07 -4.6
40.0 400.0 0.05 -3.7
45.0 400.0 0.04 -2.9
50.0 400.0 0.03 -2.3
55.0 400.0 0.02 -1.8
60.0 400.0 0.01 -1.4
65.0 400.0 0.01 -1.1
70.0 400.0 0.01 -0.9
75.0 400.0 0.01 -0.7
80.0 400.0 0.00 -0.6
85.0 400.0 0.00 -0.5
90.0 400.0 0.00 0.0
0.0 410.0 0.00 -49.9
5.0 410.0 0.17 -34.1
10.0 410.0 0.21 -23.0
15.0 410.0 0.20 -16.1
20.0 410.0 0.17 -11.9
25.0 410.0 0.14 -9.4
30.0 410.0 0.11 -7.7
35.0 410.0 0.08 -6.3
40.0 410.0 0.06 -5.2
45.0 410.0 0.04 -4.2
50.0 410.0 0.03 -3.3
55.0 410.0 0.02 -2.6
60.0 410.0 0.01 -2.1
65.0 410.0 0.01 -1.6
70.0 410.0 0.01 -1.3
75.0 410.0 0.00 -1.1
80.0 410.0 0.00 -0.9
85.0 410.0 0.00 -0.7
90.0 410.0 0.00 0.0
0.0 420.0 0.00 -59.9
5.0 420.0 0.20 -41.4
10.0 420.0 0.24 -27.8
15.0 420.0 0.22 -19.6
20.0 420.0 0.19 -14.8
25.0 420.0 0.15 -11.9
30.0 420.0 0.11 -10.0
35.0 420.0 0.08 -8.4
40.0 420.0 0.05 -6.9
45.0 420.0 0.03 -5.6
50.0 420.0 0.02 -4.5
55.0 420.0 0.01 -3.5
60.0 420.0 0.00 -2.8
65.0 420.0 0.00 -2.2
70.0 420.0 0.00 -1.8
75.0 420.0 0.00 -1.4
80.0 420.0 0.00 -1.2
85.0 420.0 0.00 -1.0
90.0 420.0 0.00 0.0
0.0 430.0 0.00 -69.9
5.0 430.0 0.23 -49.0
10.0 430.0 0.28 -32.7
15.0 430.0 0.24 -23.1
20.0 430.0 0.20 -17.8
25.0 430.0 0.15 -14.6
30.0 430.0 0.10 -12.4
35.0 430.0 0.07 -10.5
40.0 430.0 0.04 -8.7
45.0 430.0 0.01 -7.0
50.0 430.0 0.00 -5.5
55.0 430.0 0.01 -4.3
60.0 430.0 0.01 -3.4
65.0 430.0 0.01 -2.7
70.0 430.0 0.01 -2.1
75.0 430.0 0.01 -1.7
80.0 430.0 0.01 -1.4
85.0 430.0 0.01 -1.1
90.0 430.0 0.00 0.0
0.0 440.0 0.00 -79.9
5.0 440.0 0.26 -57.0
10.0 440.0 0.31 -37.8
15.0 440.0 0.26 -26.7
20.0 440.0 0.20 -20.9
25.0 440.0 0.14 -17.4
30.0 440.0 0.09 -14.8
35.0 440.0 0.04 -12.5
40.0 440.0 0.01 -10.3
45.0 440.0 0.01 -8.1
50.0 440.0 0.03 -6.3
55.0 440.0 0.03 -4.8
60.0 440.0 0.03 -3.7
65.0 440.0 0.03 -2.8
70.0 440.0 0.03 -2.2
75.0 440.0 0.02 -1.7
80.0 440.0 0.02 -1.4
85.0 440.0 0.02 -1.1
90.0 440.0 0.00 0.0
0.0 450.0 0.00 -89.9
5.0 450.0 0.28 -65.4
10.0 450.0 0.34 -42.9
15.0 450.0 0.27 -30.3
20.0 450.0 0.19 -23.8
25.0 450.0 0.12 -19.9
30.0 450.0 0.06 -17.0
35.0 450.0 0.01 -14.2
40.0 450.0 0.03 -11.3
45.0 450.0 0.05 -8.7
50.0 450.0 0.06 -6.4
55.0 450.0 0.06 -4.7
60.0 450.0 0.05 -3.4
65.0 450.0 0.05 -2.5
70.0 450.0 0.04 -1.9
75.0 450.0 0.03 -1.4
80.0 450.0 0.03 -1.1
85.0 450.0 0.03 -0.8
90.0 450.0 0.00 0.0
0.0 460.0 0.00 80.1
5.0 460.0 0.31 -74.5
10.0 460.0 0.36 -48.1
15.0 460.0 0.27 -33.7
20.0 460.0 0.17 -26.6
25.0 460.0 0.09 -22.2
30.0 460.0 0.01 -18.6
35.0 460.0 0.04 -15.1
40.0 460.0 0.08 -11.6
45.0 460.0 0.09 -8.3
50.0 460.0 0.09 -5.8
55.0 460.0 0.08 -3.9
60.0 460.0 0.07 -2.6
65.0 460.0 0.06 -1.7
70.0 460.0 0.05 -1.1
75.0 460.0 0.04 -0.8
80.0 460.0 0.04 -0.5
85.0 460.0 0.03 -0.3
90.0 460.0 0.00 0.0
0.0 470.0 0.00 70.1
5.0 470.0 0.33 -84.4
10.0 470.0 0.40 -53.4
15.0 470.0 0.27 -36.7
20.0 470.0 0.14 -28.9
25.0 470.0 0.04 -23.9
30.0 470.0 0.04 -19.5
35.0 470.0 0.09 -15.0
40.0 470.0 0.12 -10.6
45.0 470.0 0.13 -7.0
50.0 470.0 0.11 -4.2
55.0 470.0 0.10 -2.5
60.0 470.0 0.08 -1.3
65.0 470.0 0.07 -0.6
70.0 470.0 0.05 -0.2
75.0 470.0 0.05 0.0
80.0 470.0 0.04 0.2
85.0 470.0 0.03 0.3
90.0 470.0 0.00 0.0
0.0 480.0 0.00 60.1
5.0 480.0 0.34 84.7
10.0 480.0 0.43 -58.8
15.0 480.0 0.26 -39.3
20.0 480.0 0.10 -30.6
25.0 480.0 0.01 -24.6
30.0 480.0 0.10 -19.1
35.0 480.0 0.14 -13.5
40.0 480.0 0.16 -8.6
45.0 480.0 0.14 -4.8
50.0 480.0 0.12 -2.3
55.0 480.0 0.10 -0.8
60.0 480.0 0.08 -0.0
65.0 480.0 0.06 0.4
70.0 480.0 0.05 0.6
75.0 480.0 0.04 0.7
80.0 480.0 0.03 0.8
85.0 480.0 0.03 0.7
90.0 480.0 0.00 0.0
0.0 490.0 0.00 50.1
5.0 490.0 0.34 72.6
10.0 490.0 0.49 -64.4
15.0 490.0 0.25 -41.0
20.0 490.0 0.06 -31.1
25.0 490.0 0.07 -23.9
30.0 490.0 0.15 -17.1
35.0 490.0 0.18 -10.8
40.0 490.0 0.17 -5.8
45.0 490.0 0.14 -2.5
50.0 490.0 0.11 -0.6
55.0 490.0 0.09 0.5
60.0 490.0 0.07 0.9
65.0 490.0 0.05 1.1
70.0 490.0 0.04 1.2
75.0 490.0 0.03 1.1
80.0 490.0 0.02 1.1
85.0 490.0 0.02 1.0
90.0 490.0 0.00 0.0
0.0 500.0 0.00 40.1
5.0 500.0 0.33 59.2
10.0 500.0 0.57 -70.2
15.0 500.0 0.23 -41.3
20.0 500.0 0.01 -30.1
25.0 500.0 0.12 -21.4
30.0 500.0 0.18 -13.6
35.0 500.0 0.18 -7.4
40.0 500.0 0.16 -3.2
45.0 500.0 0.12 -0.7
50.0 500.0 0.09 0.6
55.0 500.0 0.07 1.2
60.0 500.0 0.05 1.4
65.0 500.0 0.04 1.4
70.0 500.0 0.03 1.4
75.0 500.0 0.02 1.2
80.0 500.0 0.02 1.1
85.0 500.0 0.01 1.0
90.0 500.0 0.00 0.0
0.0 510.0 0.00 30.1
5.0 510.0 0.29 44.8
10.0 510.0 0.71 -77.1
15.0 510.0 0.22 -39.2
20.0 510.0 0.04 -26.7
25.0 510.0 0.14 -17.0
30.0 510.0 0.17 -9.5
35.0 510.0 0.15 -4.4
40.0 510.0 0.13 -1.4
45.0 510.0 0.10 0.3
50.0 510.0 0.07 1.1
55.0 510.0 0.05 1.4
60.0 510.0 0.04 1.4
65.0 510.0 0.03 1.4
70.0 510.0 0.02 1.2
75.0 510.0 0.01 1.1
80.0 510.0 0.01 1.0
85.0 510.0 0.01 0.8
90.0 510.0 0.00 0.0
0.0 520.0 0.00 20.1
5.0 520.0 0.21 29.9
10.0 520.0 0.95 45.8
15.0 520.0 0.19 -32.8
20.0 520.0 0.06 -20.3
25.0 520.0 0.13 -11.4
30.0 520.0 0.13 -5.7
35.0 520.0 0.11 -2.3
40.0 520.0 0.09 -0.4
45.0 520.0 0.06 0.6
50.0 520.0 0.05 1.0
55.0 520.0 0.03 1.1
60.0 520.0 0.02 1.1
65.0 520.0 0.02 1.0
70.0 520.0 0.01 0.9
75.0 520.0 0.01 0.8
80.0 520.0 0.00 0.7
85.0 520.0 0.00 0.6
90.0 520.0 0.00 0.0
0.0 530.0 0.00 10.1
5.0 530.0 0.11 14.9
10.0 530.0 0.51 7.5
15.0 530.0 0.13 -19.6
20.0 530.0 0.05 -11.0
25.0 530.0 0.07 -5.6
30.0 530.0 0.07 -2.6
35.0 530.0 0.06 -0.9
40.0 530.0 0.04 -0.1
45.0 530.0 0.03 0.4
50.0 530.0 0.02 0.6
55.0 530.0 0.02 0.6
60.0 530.0 0.01 0.6
65.0 530.0 0.01 0.5
70.0 530.0 0.00 0.5
75.0 530.0 0.00 0.4
80.0 530.0 0.00 0.3
85.0 530.0 0.00 0.3
90.0 530.0 0.00 0.0
0.0 540.0 0.00 0.1
5.0 540.0 0.00 0.2
10.0 540.0 0.00 0.6
15.0 540.0 0.01 0.2
20.0 540.0 0.00 -0.1
25.0 540.0 0.00 -0.1
30.0 540.0 0.00 -0.1
35.0 540.0 0.00 -0.1
40.0 540.0 0.00 -0.1
45.0 540.0 0.00 -0.1
50.0 540.0 0.00 -0.0
55.0 540.0 0.00 -0.0
60.0 540.0 0.00 -0.0
65.0 540.0 0.00 -0.0
70.0 540.0 0.00 -0.0
75.0 540.0 0.00 -0.0
80.0 540.0 0.00 -0.0
85.0 540.0 0.00 -0.0
90.0 540.0 0.00 0.0
0.0 550.0 0.00 -9.9
5.0 550.0 0.12 -14.6
10.0 550.0 0.51 -6.0
15.0 550.0 0.12 19.8
20.0 550.0 0.06 10.9
25.0 550.0 0.08 5.5
30.0 550.0 0.07 2.5
35.0 550.0 0.06 0.8
40.0 550.0 0.04 -0.1
45.0 550.0 0.03 -0.5
50.0 550.0 0.02 -0.7
55.0 550.0 0.02 -0.7
60.0 550.0 0.01 -0.6
65.0 550.0 0.01 -0.6
70.0 550.0 0.00 -0.5
75.0 550.0 0.00 -0.4
80.0 550.0 0.00 -0.4
85.0 550.0 0.00 -0.3
90.0 550.0 0.00 0.0
0.0 560.0 0.00 -19.9
5.0 560.0 0.22 -29.5
10.0 560.0 0.97 -38.5
15.0 560.0 0.18 32.8
20.0 560.0 0.07 20.3
25.0 560.0 0.13 11.3
30.0 560.0 0.13 5.5
35.0 560.0 0.11 2.1
40.0 560.0 0.09 0.3
45.0 560.0 0.06 -0.7
50.0 560.0 0.05 -1.1
55.0 560.0 0.03 -1.2
60.0 560.0 0.02 -1.2
65.0 560.0 0.02 -1.1
70.0 560.0 0.01 -0.9
75.0 560.0 0.01 -0.8
80.0 560.0 0.00 -0.7
85.0 560.0 0.00 -0.6
90.0 560.0 0.00 0.0
0.0 570.0 0.00 -29.9
5.0 570.0 0.29 -44.5
10.0 570.0 0.71 76.1
15.0 570.0 0.21 39.2
20.0 570.0 0.04 26.7
25.0 570.0 0.15 17.0
30.0 570.0 0.17 9.4
35.0 570.0 0.16 4.3
40.0 570.0 0.13 1.2
45.0 570.0 0.10 -0.4
50.0 570.0 0.07 -1.2
55.0 570.0 0.05 -1.5
60.0 570.0 0.04 -1.5
65.0 570.0 0.03 -1.4
70.0 570.0 0.02 -1.3
75.0 570.0 0.01 -1.1
80.0 570.0 0.01 -1.0
85.0 570.0 0.01 -0.9
90.0 570.0 0.00 0.0
0.0 580.0 0.00 -39.9
5.0 580.0 0.34 -59.0
10.0 580.0 0.57 69.8
15.0 580.0 0.23 41.3
20.0 580.0 0.01 30.1
25.0 580.0 0.12 21.4
30.0 580.0 0.18 13.6
35.0 580.0 0.18 7.3
40.0 580.0 0.16 3.1
45.0 580.0 0.13 0.6
50.0 580.0 0.10 -0.7
55.0 580.0 0.07 -1.3
60.0 580.0 0.05 -1.5
65.0 580.0 0.04 -1.5
70.0 580.0 0.03 -1.4
75.0 580.0 0.02 -1.3
80.0 580.0 0.02 -1.1
85.0 580.0 0.01 -1.0
90.0 580.0 0.00 0.0
0.0 590.0 0.00 -49.9
5.0 590.0 0.35 -72.5
10.0 590.0 0.49 64.2
15.0 590.0 0.25 41.0
20.0 590.0 0.06 31.2
25.0 590.0 0.07 23.9
30.0 590.0 0.15 17.1
35.0 590.0 0.18 10.7
40.0 590.0 0.17 5.7
45.0 590.0 0.14 2.4
50.0 590.0 0.12 0.5
55.0 590.0 0.09 -0.5
60.0 590.0 0.07 -1.0
65.0 590.0 0.05 -1.2
70.0 590.0 0.04 -1.2
75.0 590.0 0.03 -1.2
80.0 590.0 0.02 -1.1
85.0 590.0 0.02 -1.0
90.0 590.0 0.00 0.0
0.0 600.0 0.00 -59.9
5.0 600.0 0.35 -84.6
10.0 600.0 0.44 58.7
15.0 600.0 0.26 39.3
20.0 600.0 0.10 30.6
25.0 600.0 0.01 24.6
30.0 600.0 0.10 19.1
35.0 600.0 0.15 13.5
40.0 600.0 0.16 8.5
45.0 600.0 0.15 4.8
50.0 600.0 0.12 2.3
55.0 600.0 0.10 0.8
60.0 600.0 0.08 -0.0
65.0 600.0 0.06 -0.5
70.0 600.0 0.05 -0.7
75.0 600.0 0.04 -0.8
80.0 600.0 0.03 -0.8
85.0 600.0 0.03 -0.8
90.0 600.0 0.00 0.0
0.0 610.0 0.00 -69.9
5.0 610.0 0.33 84.4
10.0 610.0 0.40 53.3
15.0 610.0 0.27 36.7
20.0 610.0 0.14 28.9
25.0 610.0 0.04 23.9
30.0 610.0 0.04 19.5
35.0 610.0 0.10 15.0
40.0 610.0 0.12 10.6
45.0 610.0 0.13 6.9
50.0 610.0 0.12 4.2
55.0 610.0 0.10 2.4
60.0 610.0 0.08 1.3
65.0 610.0 0.07 0.6
70.0 610.0 0.06 0.2
75.0 610.0 0.05 -0.1
80.0 610.0 0.04 -0.2
85.0 610.0 0.03 -0.3
90.0 610.0 0.00 0.0
0.0 620.0 0.00 -79.9
5.0 620.0 0.31 74.5
10.0 620.0 0.37 48.0
15.0 620.0 0.27 33.6
20.0 620.0 0.17 26.6
25.0 620.0 0.08 22.2
30.0 620.0 0.01 18.7
35.0 620.0 0.04 15.1
40.0 620.0 0.08 11.6
45.0 620.0 0.09 8.3
50.0 620.0 0.09 5.7
55.0 620.0 0.08 3.9
60.0 620.0 0.07 2.6
65.0 620.0 0.06 1.7
70.0 620.0 0.05 1.1
75.0 620.0 0.04 0.7
80.0 620.0 0.04 0.5
85.0 620.0 0.03 0.3
90.0 620.0 0.00 0.0
0.0 630.0 0.00 -89.9
5.0 630.0 0.29 65.5
10.0 630.0 0.34 42.8
15.0 630.0 0.27 30.2
20.0 630.0 0.19 23.8
25.0 630.0 0.12 20.0
30.0 630.0 0.06 17.0
35.0 630.0 0.01 14.2
40.0 630.0 0.03 11.3
45.0 630.0 0.05 8.7
50.0 630.0 0.06 6.4
55.0 630.0 0.06 4.7
60.0 630.0 0.05 3.4
65.0 630.0 0.05 2.5
70.0 630.0 0.04 1.9
75.0 630.0 0.03 1.4
80.0 630.0 0.03 1.1
85.0 630.0 0.03 0.8
90.0 630.0 0.00 0.0
0.0 640.0 0.00 80.1
5.0 640.0 0.26 57.0
10.0 640.0 0.31 37.7
15.0 640.0 0.26 26.7
20.0 640.0 0.20 20.9
25.0 640.0 0.14 17.4
30.0 640.0 0.09 14.8
35.0 640.0 0.04 12.5
40.0 640.0 0.01 10.3
45.0 640.0 0.01 8.2
50.0 640.0 0.03 6.3
55.0 640.0 0.03 4.8
60.0 640.0 0.03 3.7
65.0 640.0 0.03 2.8
70.0 640.0 0.03 2.2
75.0 640.0 0.02 1.7
80.0 640.0 0.02 1.4
85.0 640.0 0.02 1.1
90.0 640.0 0.00 0.0
0.0 650.0 0.00 70.1
5.0 650.0 0.23 49.1
10.0 650.0 0.28 32.7
15.0 650.0 0.24 23.1
20.0 650.0 0.20 17.8
25.0 650.0 0.15 14.6
30.0 650.0 0.10 12.4
35.0 650.0 0.07 10.5
40.0 650.0 0.04 8.7
45.0 650.0 0.01 7.0
50.0 650.0 0.00 5.5
55.0 650.0 0.01 4.3
60.0 650.0 0.01 3.4
65.0 650.0 0.01 2.7
70.0 650.0 0.01 2.1
75.0 650.0 0.01 1.7
80.0 650.0 0.01 1.4
85.0 650.0 0.01 1.1
90.0 650.0 0.00 0.0
0.0 660.0 0.00 60.1
5.0 660.0 0.20 41.5
10.0 660.0 0.25 27.8
15.0 660.0 0.22 19.6
20.0 660.0 0.19 14.8
25.0 660.0 0.15 11.9
30.0 660.0 0.11 10.0
35.0 660.0 0.08 8.4
40.0 660.0 0.05 7.0
45.0 660.0 0.03 5.6
50.0 660.0 0.02 4.5
55.0 660.0 0.01 3.5
60.0 660.0 0.00 2.8
65.0 660.0 0.00 2.2
70.0 660.0 0.00 1.8
75.0 660.0 0.00 1.4
80.0 660.0 0.00 1.2
85.0 660.0 0.00 1.0
90.0 660.0 0.00 0.0
0.0 670.0 0.00 50.1
5.0 670.0 0.17 34.2
10.0 670.0 0.21 23.0
15.0 670.0 0.20 16.1
20.0 670.0 0.17 11.9
25.0 670.0 0.14 9.4
30.0 670.0 0.11 7.7
35.0 670.0 0.08 6.4
40.0 670.0 0.06 5.2
45.0 670.0 0.04 4.2
50.0 670.0 0.03 3.3
55.0 670.0 0.02 2.6
60.0 670.0 0.01 2.1
65.0 670.0 0.01 1.6
70.0 670.0 0.01 1.3
75.0 670.0 0.00 1.1
80.0 670.0 0.00 0.9
85.0 670.0 0.00 0.7
90.0 670.0 0.00 0.0
0.0 680.0 0.00 40.1
5.0 680.0 0.14 27.1
10.0 680.0 0.17 18.2
15.0 680.0 0.17 12.7
20.0 680.0 0.14 9.2
25.0 680.0 0.12 7.1
30.0 680.0 0.10 5.6
35.0 680.0 0.07 4.6
40.0 680.0 0.05 3.7
45.0 680.0 0.04 2.9
50.0 680.0 0.03 2.3
55.0 680.0 0.02 1.8
60.0 680.0 0.01 1.4
65.0 680.0 0.01 1.1
70.0 680.0 0.01 0.9
75.0 680.0 0.01 0.7
80.0 680.0 0.00 0.6
85.0 680.0 0.00 0.5
90.0 680.0 0.00 0.0
0.0 690.0 0.00 30.1
5.0 690.0 0.11 20.2
10.0 690.0 0.13 13.6
15.0 690.0 0.13 9.4
20.0 690.0 0.11 6.7
25.0 690.0 0.10 5.0
30.0 690.0 0.08 3.9
35.0 690.0 0.06 3.1
40.0 690.0 0.04 2.4
45.0 690.0 0.03 1.9
50.0 690.0 0.02 1.5
55.0 690.0 0.02 1.1
60.0 690.0 0.01 0.8
65.0 690.0 0.01 0.7
70.0 690.0 0.01 0.5
75.0 690.0 0.01 0.4
80.0 690.0 0.00 0.3
85.0 690.0 0.00 0.3
90.0 690.0 0.00 0.0
0.0 700.0 0.00 20.1
5.0 700.0 0.07 13.4
10.0 700.0 0.09 9.0
15.0 700.0 0.09 6.2
20.0 700.0 0.08 4.4
25.0 700.0 0.07 3.2
30.0 700.0 0.05 2.4
35.0 700.0 0.04 1.9
40.0 700.0 0.03 1.4
45.0 700.0 0.02 1.1
50.0 700.0 0.02 0.8
55.0 700.0 0.01 0.6
60.0 700.0 0.01 0.5
65.0 700.0 0.01 0.4
70.0 700.0 0.01 0.3
75.0 700.0 0.00 0.2
80.0 700.0 0.00 0.2
85.0 700.0 0.00 0.1
90.0 700.0 0.00 0.0
0.0 710.0 0.00 10.1
5.0 710.0 0.04 6.7
10.0 710.0 0.05 4.5
15.0 710.0 0.05 3.1
20.0 710.0 0.04 2.1
25.0 710.0 0.03 1.6
30.0 710.0 0.03 1.1
35.0 710.0 0.02 0.9
40.0 710.0 0.02 0.7
45.0 710.0 0.01 0.5
50.0 710.0 0.01 0.4
55.0 710.0 0.01 0.3
60.0 710.0 0.00 0.2
65.0 710.0 0.00 0.1
70.0 710.0 0.00 0.1
75.0 710.0 0.00 0.1
80.0 710.0 0.00 0.1
85.0 710.0 0.00 0.1
90.0 710.0 0.00 0.0
0.0 720.0 0.00 0.1
5.0 720.0 0.00 0.0
10.0 720.0 0.00 0.0
15.0 720.0 0.00 0.0
20.0 720.0 0.00 0.0
25.0 720.0 0.00 0.0
30.0 720.0 0.00 0.0
35.0 720.0 0.00 0.0
40.0 720.0 0.00 0.0
45.0 720.0 0.00 0.0
50.0 720.0 0.00 0.0
55.0 720.0 0.00 0.0
60.0 720.0 0.00 0.0
65.0 720.0 0.00 0.0
70.0 720.0 0.00 0.0
75.0 720.0 0.00 0.0
80.0 720.0 0.00 0.0
85.0 720.0 0.00 0.0
90.0 720.0 0.00 0.0
