# FGCom-mumble Far-Field Radiation Pattern
# Frequency: 144 MHz
# Altitude: 0 m
# Format: Theta Phi Gain_dBi H_Polarization V_Polarization
# Theta: Elevation angle (0-180 degrees)
# Phi: Azimuth angle (0-360 degrees)
# Gain: Antenna gain in dBi
# H_Polarization: Horizontal polarization component
# V_Polarization: Vertical polarization component
10.00 0.00 3.24 0.0 1.0
15.00 0.00 4.42 0.0 1.0
20.00 0.00 7.72 0.0 1.0
25.00 0.00 10.51 0.0 1.0
30.00 0.00 11.34 0.0 1.0
35.00 0.00 11.00 0.0 1.0
40.00 0.00 12.38 0.0 1.0
45.00 0.00 12.98 0.5 0.5
50.00 0.00 12.36 0.5 0.5
55.00 0.00 12.98 0.5 0.5
60.00 0.00 11.62 0.5 0.5
65.00 0.00 12.00 0.5 0.5
70.00 0.00 9.79 0.5 0.5
75.00 0.00 10.58 0.5 0.5
80.00 0.00 6.03 0.5 0.5
85.00 0.00 10.35 0.5 0.5
90.00 0.00 -188.51 0.5 0.5
10.00 5.00 3.83 0.0 1.0
15.00 5.00 4.27 0.0 1.0
20.00 5.00 7.10 0.0 1.0
25.00 5.00 10.27 0.0 1.0
30.00 5.00 11.54 0.0 1.0
35.00 5.00 11.24 0.0 1.0
40.00 5.00 12.68 0.0 1.0
45.00 5.00 13.41 0.5 0.5
50.00 5.00 13.37 0.5 0.5
55.00 5.00 14.23 0.5 0.5
60.00 5.00 12.09 0.5 0.5
65.00 5.00 13.13 0.5 0.5
70.00 5.00 9.93 0.5 0.5
75.00 5.00 10.73 0.5 0.5
80.00 5.00 7.69 0.5 0.5
85.00 5.00 12.71 0.5 0.5
90.00 5.00 -184.16 0.5 0.5
10.00 10.00 4.40 0.0 1.0
15.00 10.00 4.14 0.0 1.0
20.00 10.00 6.43 0.0 1.0
25.00 10.00 9.77 0.0 1.0
30.00 10.00 11.64 0.0 1.0
35.00 10.00 12.34 0.0 1.0
40.00 10.00 14.15 0.0 1.0
45.00 10.00 15.47 0.5 0.5
50.00 10.00 15.90 0.5 0.5
55.00 10.00 17.05 0.5 0.5
60.00 10.00 14.39 0.5 0.5
65.00 10.00 15.26 0.5 0.5
70.00 10.00 10.46 0.5 0.5
75.00 10.00 9.92 0.5 0.5
80.00 10.00 7.95 0.5 0.5
85.00 10.00 14.61 0.5 0.5
90.00 10.00 -181.46 0.5 0.5
10.00 15.00 4.93 0.0 1.0
15.00 15.00 4.05 0.0 1.0
20.00 15.00 5.78 0.0 1.0
25.00 15.00 8.98 0.0 1.0
30.00 15.00 11.64 0.0 1.0
35.00 15.00 13.84 0.0 1.0
40.00 15.00 15.97 0.0 1.0
45.00 15.00 17.78 0.5 0.5
50.00 15.00 18.49 0.5 0.5
55.00 15.00 19.70 0.5 0.5
60.00 15.00 17.28 0.5 0.5
65.00 15.00 17.59 0.5 0.5
70.00 15.00 12.49 0.5 0.5
75.00 15.00 8.60 0.5 0.5
80.00 15.00 7.19 0.5 0.5
85.00 15.00 15.68 0.5 0.5
90.00 15.00 -180.08 0.5 0.5
10.00 20.00 5.43 0.0 1.0
15.00 20.00 4.06 0.0 1.0
20.00 20.00 5.34 0.0 1.0
25.00 20.00 7.91 0.0 1.0
30.00 20.00 11.48 0.0 1.0
35.00 20.00 15.28 0.0 1.0
40.00 20.00 17.60 0.0 1.0
45.00 20.00 19.71 0.5 0.5
50.00 20.00 20.65 0.5 0.5
55.00 20.00 21.80 0.5 0.5
60.00 20.00 19.92 0.5 0.5
65.00 20.00 19.70 0.5 0.5
70.00 20.00 15.50 0.5 0.5
75.00 20.00 9.42 0.5 0.5
80.00 20.00 7.27 0.5 0.5
85.00 20.00 16.61 0.5 0.5
90.00 20.00 -179.31 0.5 0.5
10.00 25.00 5.89 0.0 1.0
15.00 25.00 4.21 0.0 1.0
20.00 25.00 5.43 0.0 1.0
25.00 25.00 6.70 0.0 1.0
30.00 25.00 11.04 0.0 1.0
35.00 25.00 16.46 0.0 1.0
40.00 25.00 18.91 0.0 1.0
45.00 25.00 21.14 0.5 0.5
50.00 25.00 22.36 0.5 0.5
55.00 25.00 23.38 0.5 0.5
60.00 25.00 22.08 0.5 0.5
65.00 25.00 21.51 0.5 0.5
70.00 25.00 18.36 0.5 0.5
75.00 25.00 13.11 0.5 0.5
80.00 25.00 9.95 0.5 0.5
85.00 25.00 18.05 0.5 0.5
90.00 25.00 -178.60 0.5 0.5
10.00 30.00 6.32 0.0 1.0
15.00 30.00 4.55 0.0 1.0
20.00 30.00 6.24 0.0 1.0
25.00 30.00 6.03 0.0 1.0
30.00 30.00 10.18 0.0 1.0
35.00 30.00 17.33 0.0 1.0
40.00 30.00 19.86 0.0 1.0
45.00 30.00 22.09 0.5 0.5
50.00 30.00 23.66 0.5 0.5
55.00 30.00 24.52 0.5 0.5
60.00 30.00 23.77 0.5 0.5
65.00 30.00 23.00 0.5 0.5
70.00 30.00 20.68 0.5 0.5
75.00 30.00 16.72 0.5 0.5
80.00 30.00 13.20 0.5 0.5
85.00 30.00 19.86 0.5 0.5
90.00 30.00 -177.74 0.5 0.5
10.00 35.00 6.72 0.0 1.0
15.00 35.00 5.10 0.0 1.0
20.00 35.00 7.62 0.0 1.0
25.00 35.00 6.88 0.0 1.0
30.00 35.00 8.76 0.0 1.0
35.00 35.00 17.88 0.0 1.0
40.00 35.00 20.52 0.0 1.0
45.00 35.00 22.62 0.5 0.5
50.00 35.00 24.61 0.5 0.5
55.00 35.00 25.28 0.5 0.5
60.00 35.00 25.05 0.5 0.5
65.00 35.00 24.20 0.5 0.5
70.00 35.00 22.46 0.5 0.5
75.00 35.00 19.46 0.5 0.5
80.00 35.00 15.82 0.5 0.5
85.00 35.00 21.45 0.5 0.5
90.00 35.00 -176.95 0.5 0.5
10.00 40.00 7.10 0.0 1.0
15.00 40.00 5.81 0.0 1.0
20.00 40.00 9.25 0.0 1.0
25.00 40.00 9.10 0.0 1.0
30.00 40.00 6.87 0.0 1.0
35.00 40.00 18.13 0.0 1.0
40.00 40.00 20.93 0.0 1.0
45.00 40.00 22.74 0.5 0.5
50.00 40.00 25.25 0.5 0.5
55.00 40.00 25.72 0.5 0.5
60.00 40.00 25.96 0.5 0.5
65.00 40.00 25.13 0.5 0.5
70.00 40.00 23.78 0.5 0.5
75.00 40.00 21.39 0.5 0.5
80.00 40.00 17.79 0.5 0.5
85.00 40.00 22.48 0.5 0.5
90.00 40.00 -176.58 0.5 0.5
10.00 45.00 7.46 0.0 1.0
15.00 45.00 6.64 0.0 1.0
20.00 45.00 10.87 0.0 1.0
25.00 45.00 11.63 0.0 1.0
30.00 45.00 6.01 0.0 1.0
35.00 45.00 18.14 0.0 1.0
40.00 45.00 21.18 0.0 1.0
45.00 45.00 22.52 0.5 0.5
50.00 45.00 25.61 0.5 0.5
55.00 45.00 25.88 0.5 0.5
60.00 45.00 26.55 0.5 0.5
65.00 45.00 25.78 0.5 0.5
70.00 45.00 24.72 0.5 0.5
75.00 45.00 22.68 0.5 0.5
80.00 45.00 19.28 0.5 0.5
85.00 45.00 22.81 0.5 0.5
90.00 45.00 -176.96 0.5 0.5
10.00 50.00 7.80 0.0 1.0
15.00 50.00 7.52 0.0 1.0
20.00 50.00 12.36 0.0 1.0
25.00 50.00 13.93 0.0 1.0
30.00 50.00 8.28 0.0 1.0
35.00 50.00 17.97 0.0 1.0
40.00 50.00 21.34 0.0 1.0
45.00 50.00 22.01 0.5 0.5
50.00 50.00 25.71 0.5 0.5
55.00 50.00 25.80 0.5 0.5
60.00 50.00 26.83 0.5 0.5
65.00 50.00 26.15 0.5 0.5
70.00 50.00 25.35 0.5 0.5
75.00 50.00 23.47 0.5 0.5
80.00 50.00 20.47 0.5 0.5
85.00 50.00 22.41 0.5 0.5
90.00 50.00 -178.38 0.5 0.5
10.00 55.00 8.11 0.0 1.0
15.00 55.00 8.38 0.0 1.0
20.00 55.00 13.67 0.0 1.0
25.00 55.00 15.89 0.0 1.0
30.00 55.00 11.69 0.0 1.0
35.00 55.00 17.73 0.0 1.0
40.00 55.00 21.51 0.0 1.0
45.00 55.00 21.33 0.5 0.5
50.00 55.00 25.58 0.5 0.5
55.00 55.00 25.49 0.5 0.5
60.00 55.00 26.79 0.5 0.5
65.00 55.00 26.22 0.5 0.5
70.00 55.00 25.70 0.5 0.5
75.00 55.00 23.89 0.5 0.5
80.00 55.00 21.40 0.5 0.5
85.00 55.00 21.40 0.5 0.5
90.00 55.00 -181.31 0.5 0.5
10.00 60.00 8.39 0.0 1.0
15.00 60.00 9.19 0.0 1.0
20.00 60.00 14.81 0.0 1.0
25.00 60.00 17.53 0.0 1.0
30.00 60.00 14.64 0.0 1.0
35.00 60.00 17.59 0.0 1.0
40.00 60.00 21.76 0.0 1.0
45.00 60.00 20.69 0.5 0.5
50.00 60.00 25.20 0.5 0.5
55.00 60.00 24.96 0.5 0.5
60.00 60.00 26.42 0.5 0.5
65.00 60.00 26.00 0.5 0.5
70.00 60.00 25.76 0.5 0.5
75.00 60.00 24.05 0.5 0.5
80.00 60.00 22.07 0.5 0.5
85.00 60.00 20.37 0.5 0.5
90.00 60.00 -185.44 0.5 0.5
10.00 65.00 8.65 0.0 1.0
15.00 65.00 9.92 0.0 1.0
20.00 65.00 15.78 0.0 1.0
25.00 65.00 18.88 0.0 1.0
30.00 65.00 16.97 0.0 1.0
35.00 65.00 17.67 0.0 1.0
40.00 65.00 22.12 0.0 1.0
45.00 65.00 20.38 0.5 0.5
50.00 65.00 24.57 0.5 0.5
55.00 65.00 24.27 0.5 0.5
60.00 65.00 25.70 0.5 0.5
65.00 65.00 25.49 0.5 0.5
70.00 65.00 25.46 0.5 0.5
75.00 65.00 24.02 0.5 0.5
80.00 65.00 22.46 0.5 0.5
85.00 65.00 20.60 0.5 0.5
90.00 65.00 -183.15 0.5 0.5
10.00 70.00 8.86 0.0 1.0
15.00 70.00 10.57 0.0 1.0
20.00 70.00 16.58 0.0 1.0
25.00 70.00 19.97 0.0 1.0
30.00 70.00 18.79 0.0 1.0
35.00 70.00 18.04 0.0 1.0
40.00 70.00 22.59 0.0 1.0
45.00 70.00 20.65 0.5 0.5
50.00 70.00 23.70 0.5 0.5
55.00 70.00 23.47 0.5 0.5
60.00 70.00 24.56 0.5 0.5
65.00 70.00 24.64 0.5 0.5
70.00 70.00 24.73 0.5 0.5
75.00 70.00 23.88 0.5 0.5
80.00 70.00 22.52 0.5 0.5
85.00 70.00 22.29 0.5 0.5
90.00 70.00 -178.22 0.5 0.5
10.00 75.00 9.03 0.0 1.0
15.00 75.00 11.12 0.0 1.0
20.00 75.00 17.24 0.0 1.0
25.00 75.00 20.84 0.0 1.0
30.00 75.00 20.21 0.0 1.0
35.00 75.00 18.64 0.0 1.0
40.00 75.00 23.08 0.0 1.0
45.00 75.00 21.44 0.5 0.5
50.00 75.00 22.72 0.5 0.5
55.00 75.00 22.73 0.5 0.5
60.00 75.00 22.88 0.5 0.5
65.00 75.00 23.42 0.5 0.5
70.00 75.00 23.47 0.5 0.5
75.00 75.00 23.70 0.5 0.5
80.00 75.00 22.15 0.5 0.5
85.00 75.00 24.21 0.5 0.5
90.00 75.00 -174.94 0.5 0.5
10.00 80.00 9.16 0.0 1.0
15.00 80.00 11.56 0.0 1.0
20.00 80.00 17.74 0.0 1.0
25.00 80.00 21.50 0.0 1.0
30.00 80.00 21.29 0.0 1.0
35.00 80.00 19.36 0.0 1.0
40.00 80.00 23.54 0.0 1.0
45.00 80.00 22.43 0.5 0.5
50.00 80.00 21.88 0.5 0.5
55.00 80.00 22.28 0.5 0.5
60.00 80.00 20.56 0.5 0.5
65.00 80.00 21.78 0.5 0.5
70.00 80.00 21.57 0.5 0.5
75.00 80.00 23.39 0.5 0.5
80.00 80.00 21.31 0.5 0.5
85.00 80.00 25.71 0.5 0.5
90.00 80.00 -172.88 0.5 0.5
10.00 85.00 9.23 0.0 1.0
15.00 85.00 11.91 0.0 1.0
20.00 85.00 18.10 0.0 1.0
25.00 85.00 21.96 0.0 1.0
30.00 85.00 22.07 0.0 1.0
35.00 85.00 20.09 0.0 1.0
40.00 85.00 23.91 0.0 1.0
45.00 85.00 23.38 0.5 0.5
50.00 85.00 21.52 0.5 0.5
55.00 85.00 22.31 0.5 0.5
60.00 85.00 18.11 0.5 0.5
65.00 85.00 19.88 0.5 0.5
70.00 85.00 18.88 0.5 0.5
75.00 85.00 22.78 0.5 0.5
80.00 85.00 20.05 0.5 0.5
85.00 85.00 26.62 0.5 0.5
90.00 85.00 -171.68 0.5 0.5
10.00 90.00 9.24 0.0 1.0
15.00 90.00 12.15 0.0 1.0
20.00 90.00 18.33 0.0 1.0
25.00 90.00 22.22 0.0 1.0
30.00 90.00 22.57 0.0 1.0
35.00 90.00 20.72 0.0 1.0
40.00 90.00 24.17 0.0 1.0
45.00 90.00 24.18 0.5 0.5
50.00 90.00 21.84 0.5 0.5
55.00 90.00 22.76 0.5 0.5
60.00 90.00 17.72 0.5 0.5
65.00 90.00 18.43 0.5 0.5
70.00 90.00 16.25 0.5 0.5
75.00 90.00 21.76 0.5 0.5
80.00 90.00 18.50 0.5 0.5
85.00 90.00 26.93 0.5 0.5
90.00 90.00 -171.16 0.5 0.5
10.00 95.00 9.19 0.0 1.0
15.00 95.00 12.28 0.0 1.0
20.00 95.00 18.42 0.0 1.0
25.00 95.00 22.30 0.0 1.0
30.00 95.00 22.82 0.0 1.0
35.00 95.00 21.21 0.0 1.0
40.00 95.00 24.30 0.0 1.0
45.00 95.00 24.79 0.5 0.5
50.00 95.00 22.66 0.5 0.5
55.00 95.00 23.46 0.5 0.5
60.00 95.00 19.98 0.5 0.5
65.00 95.00 18.44 0.5 0.5
70.00 95.00 17.12 0.5 0.5
75.00 95.00 20.40 0.5 0.5
80.00 95.00 17.27 0.5 0.5
85.00 95.00 26.64 0.5 0.5
90.00 95.00 -171.19 0.5 0.5
10.00 100.00 9.07 0.0 1.0
15.00 100.00 12.31 0.0 1.0
20.00 100.00 18.38 0.0 1.0
25.00 100.00 22.20 0.0 1.0
30.00 100.00 22.83 0.0 1.0
35.00 100.00 21.53 0.0 1.0
40.00 100.00 24.28 0.0 1.0
45.00 100.00 25.15 0.5 0.5
50.00 100.00 23.60 0.5 0.5
55.00 100.00 24.20 0.5 0.5
60.00 100.00 22.54 0.5 0.5
65.00 100.00 19.82 0.5 0.5
70.00 100.00 20.20 0.5 0.5
75.00 100.00 18.81 0.5 0.5
80.00 100.00 17.65 0.5 0.5
85.00 100.00 25.76 0.5 0.5
90.00 100.00 -171.71 0.5 0.5
10.00 105.00 8.88 0.0 1.0
15.00 105.00 12.24 0.0 1.0
20.00 105.00 18.22 0.0 1.0
25.00 105.00 21.93 0.0 1.0
30.00 105.00 22.63 0.0 1.0
35.00 105.00 21.69 0.0 1.0
40.00 105.00 24.09 0.0 1.0
45.00 105.00 25.28 0.5 0.5
50.00 105.00 24.42 0.5 0.5
55.00 105.00 24.82 0.5 0.5
60.00 105.00 24.49 0.5 0.5
65.00 105.00 21.59 0.5 0.5
70.00 105.00 22.84 0.5 0.5
75.00 105.00 17.58 0.5 0.5
80.00 105.00 19.42 0.5 0.5
85.00 105.00 24.32 0.5 0.5
90.00 105.00 -172.57 0.5 0.5
10.00 110.00 8.61 0.0 1.0
15.00 110.00 12.05 0.0 1.0
20.00 110.00 17.96 0.0 1.0
25.00 110.00 21.52 0.0 1.0
30.00 110.00 22.22 0.0 1.0
35.00 110.00 21.67 0.0 1.0
40.00 110.00 23.74 0.0 1.0
45.00 110.00 25.19 0.5 0.5
50.00 110.00 25.01 0.5 0.5
55.00 110.00 25.23 0.5 0.5
60.00 110.00 25.78 0.5 0.5
65.00 110.00 23.10 0.5 0.5
70.00 110.00 24.74 0.5 0.5
75.00 110.00 17.88 0.5 0.5
80.00 110.00 21.32 0.5 0.5
85.00 110.00 22.49 0.5 0.5
90.00 110.00 -173.49 0.5 0.5
10.00 115.00 8.25 0.0 1.0
15.00 115.00 11.76 0.0 1.0
20.00 115.00 17.60 0.0 1.0
25.00 115.00 20.96 0.0 1.0
30.00 115.00 21.61 0.0 1.0
35.00 115.00 21.46 0.0 1.0
40.00 115.00 23.24 0.0 1.0
45.00 115.00 24.90 0.5 0.5
50.00 115.00 25.33 0.5 0.5
55.00 115.00 25.40 0.5 0.5
60.00 115.00 26.52 0.5 0.5
65.00 115.00 24.15 0.5 0.5
70.00 115.00 25.97 0.5 0.5
75.00 115.00 19.52 0.5 0.5
80.00 115.00 22.86 0.5 0.5
85.00 115.00 21.04 0.5 0.5
90.00 115.00 -173.98 0.5 0.5
10.00 120.00 7.81 0.0 1.0
15.00 120.00 11.37 0.0 1.0
20.00 120.00 17.16 0.0 1.0
25.00 120.00 20.28 0.0 1.0
30.00 120.00 20.80 0.0 1.0
35.00 120.00 21.07 0.0 1.0
40.00 120.00 22.61 0.0 1.0
45.00 120.00 24.41 0.5 0.5
50.00 120.00 25.34 0.5 0.5
55.00 120.00 25.37 0.5 0.5
60.00 120.00 26.82 0.5 0.5
65.00 120.00 24.76 0.5 0.5
70.00 120.00 26.64 0.5 0.5
75.00 120.00 21.20 0.5 0.5
80.00 120.00 23.93 0.5 0.5
85.00 120.00 21.04 0.5 0.5
90.00 120.00 -173.74 0.5 0.5
10.00 125.00 7.26 0.0 1.0
15.00 125.00 10.87 0.0 1.0
20.00 125.00 16.64 0.0 1.0
25.00 125.00 19.50 0.0 1.0
30.00 125.00 19.80 0.0 1.0
35.00 125.00 20.51 0.0 1.0
40.00 125.00 21.89 0.0 1.0
45.00 125.00 23.70 0.5 0.5
50.00 125.00 25.04 0.5 0.5
55.00 125.00 25.14 0.5 0.5
60.00 125.00 26.69 0.5 0.5
65.00 125.00 24.99 0.5 0.5
70.00 125.00 26.82 0.5 0.5
75.00 125.00 22.35 0.5 0.5
80.00 125.00 24.53 0.5 0.5
85.00 125.00 22.14 0.5 0.5
90.00 125.00 -173.07 0.5 0.5
10.00 130.00 6.62 0.0 1.0
15.00 130.00 10.27 0.0 1.0
20.00 130.00 16.05 0.0 1.0
25.00 130.00 18.62 0.0 1.0
30.00 130.00 18.61 0.0 1.0
35.00 130.00 19.79 0.0 1.0
40.00 130.00 21.10 0.0 1.0
45.00 130.00 22.81 0.5 0.5
50.00 130.00 24.43 0.5 0.5
55.00 130.00 24.70 0.5 0.5
60.00 130.00 26.16 0.5 0.5
65.00 130.00 24.89 0.5 0.5
70.00 130.00 26.57 0.5 0.5
75.00 130.00 22.90 0.5 0.5
80.00 130.00 24.69 0.5 0.5
85.00 130.00 23.15 0.5 0.5
90.00 130.00 -172.51 0.5 0.5
10.00 135.00 5.87 0.0 1.0
15.00 135.00 9.56 0.0 1.0
20.00 135.00 15.39 0.0 1.0
25.00 135.00 17.68 0.0 1.0
30.00 135.00 17.25 0.0 1.0
35.00 135.00 18.93 0.0 1.0
40.00 135.00 20.28 0.0 1.0
45.00 135.00 21.79 0.5 0.5
50.00 135.00 23.53 0.5 0.5
55.00 135.00 24.06 0.5 0.5
60.00 135.00 25.20 0.5 0.5
65.00 135.00 24.48 0.5 0.5
70.00 135.00 25.88 0.5 0.5
75.00 135.00 22.92 0.5 0.5
80.00 135.00 24.42 0.5 0.5
85.00 135.00 23.58 0.5 0.5
90.00 135.00 -172.35 0.5 0.5
10.00 140.00 5.01 0.0 1.0
15.00 140.00 8.74 0.0 1.0
20.00 140.00 14.67 0.0 1.0
25.00 140.00 16.70 0.0 1.0
30.00 140.00 15.77 0.0 1.0
35.00 140.00 17.91 0.0 1.0
40.00 140.00 19.41 0.0 1.0
45.00 140.00 20.73 0.5 0.5
50.00 140.00 22.35 0.5 0.5
55.00 140.00 23.27 0.5 0.5
60.00 140.00 23.82 0.5 0.5
65.00 140.00 23.77 0.5 0.5
70.00 140.00 24.77 0.5 0.5
75.00 140.00 22.48 0.5 0.5
80.00 140.00 23.74 0.5 0.5
85.00 140.00 23.36 0.5 0.5
90.00 140.00 -172.73 0.5 0.5
10.00 145.00 4.03 0.0 1.0
15.00 145.00 7.80 0.0 1.0
20.00 145.00 13.87 0.0 1.0
25.00 145.00 15.68 0.0 1.0
30.00 145.00 14.19 0.0 1.0
35.00 145.00 16.69 0.0 1.0
40.00 145.00 18.45 0.0 1.0
45.00 145.00 19.64 0.5 0.5
50.00 145.00 20.86 0.5 0.5
55.00 145.00 22.34 0.5 0.5
60.00 145.00 22.03 0.5 0.5
65.00 145.00 22.78 0.5 0.5
70.00 145.00 23.24 0.5 0.5
75.00 145.00 21.66 0.5 0.5
80.00 145.00 22.66 0.5 0.5
85.00 145.00 22.53 0.5 0.5
90.00 145.00 -173.67 0.5 0.5
10.00 150.00 2.94 0.0 1.0
15.00 150.00 6.73 0.0 1.0
20.00 150.00 12.98 0.0 1.0
25.00 150.00 14.65 0.0 1.0
30.00 150.00 12.57 0.0 1.0
35.00 150.00 15.25 0.0 1.0
40.00 150.00 17.33 0.0 1.0
45.00 150.00 18.50 0.5 0.5
50.00 150.00 19.01 0.5 0.5
55.00 150.00 21.25 0.5 0.5
60.00 150.00 19.84 0.5 0.5
65.00 150.00 21.55 0.5 0.5
70.00 150.00 21.35 0.5 0.5
75.00 150.00 20.57 0.5 0.5
80.00 150.00 21.20 0.5 0.5
85.00 150.00 21.27 0.5 0.5
90.00 150.00 -175.15 0.5 0.5
10.00 155.00 1.76 0.0 1.0
15.00 155.00 5.53 0.0 1.0
20.00 155.00 11.98 0.0 1.0
25.00 155.00 13.60 0.0 1.0
30.00 155.00 10.99 0.0 1.0
35.00 155.00 13.53 0.0 1.0
40.00 155.00 15.96 0.0 1.0
45.00 155.00 17.23 0.5 0.5
50.00 155.00 16.75 0.5 0.5
55.00 155.00 19.92 0.5 0.5
60.00 155.00 17.31 0.5 0.5
65.00 155.00 20.07 0.5 0.5
70.00 155.00 19.20 0.5 0.5
75.00 155.00 19.34 0.5 0.5
80.00 155.00 19.43 0.5 0.5
85.00 155.00 19.85 0.5 0.5
90.00 155.00 -177.02 0.5 0.5
10.00 160.00 0.54 0.0 1.0
15.00 160.00 4.17 0.0 1.0
20.00 160.00 10.85 0.0 1.0
25.00 160.00 12.52 0.0 1.0
30.00 160.00 9.57 0.0 1.0
35.00 160.00 11.48 0.0 1.0
40.00 160.00 14.29 0.0 1.0
45.00 160.00 15.74 0.5 0.5
50.00 160.00 14.00 0.5 0.5
55.00 160.00 18.24 0.5 0.5
60.00 160.00 14.61 0.5 0.5
65.00 160.00 18.27 0.5 0.5
70.00 160.00 16.93 0.5 0.5
75.00 160.00 17.99 0.5 0.5
80.00 160.00 17.39 0.5 0.5
85.00 160.00 18.57 0.5 0.5
90.00 160.00 -178.98 0.5 0.5
10.00 165.00 -0.63 0.0 1.0
15.00 165.00 2.67 0.0 1.0
20.00 165.00 9.55 0.0 1.0
25.00 165.00 11.38 0.0 1.0
30.00 165.00 8.44 0.0 1.0
35.00 165.00 9.13 0.0 1.0
40.00 165.00 12.30 0.0 1.0
45.00 165.00 13.95 0.5 0.5
50.00 165.00 10.79 0.5 0.5
55.00 165.00 16.06 0.5 0.5
60.00 165.00 12.02 0.5 0.5
65.00 165.00 16.01 0.5 0.5
70.00 165.00 14.62 0.5 0.5
75.00 165.00 16.37 0.5 0.5
80.00 165.00 14.99 0.5 0.5
85.00 165.00 17.39 0.5 0.5
90.00 165.00 -180.84 0.5 0.5
10.00 170.00 -1.57 0.0 1.0
15.00 170.00 1.04 0.0 1.0
20.00 170.00 8.05 0.0 1.0
25.00 170.00 10.18 0.0 1.0
30.00 170.00 7.71 0.0 1.0
35.00 170.00 6.67 0.0 1.0
40.00 170.00 10.10 0.0 1.0
45.00 170.00 11.82 0.5 0.5
50.00 170.00 7.55 0.5 0.5
55.00 170.00 13.21 0.5 0.5
60.00 170.00 9.74 0.5 0.5
65.00 170.00 13.03 0.5 0.5
70.00 170.00 11.97 0.5 0.5
75.00 170.00 14.14 0.5 0.5
80.00 170.00 11.84 0.5 0.5
85.00 170.00 15.81 0.5 0.5
90.00 170.00 -182.88 0.5 0.5
10.00 175.00 -2.04 0.0 1.0
15.00 175.00 -0.61 0.0 1.0
20.00 175.00 6.34 0.0 1.0
25.00 175.00 8.94 0.0 1.0
30.00 175.00 7.41 0.0 1.0
35.00 175.00 4.71 0.0 1.0
40.00 175.00 8.15 0.0 1.0
45.00 175.00 9.58 0.5 0.5
50.00 175.00 5.43 0.5 0.5
55.00 175.00 9.77 0.5 0.5
60.00 175.00 7.38 0.5 0.5
65.00 175.00 9.17 0.5 0.5
70.00 175.00 8.12 0.5 0.5
75.00 175.00 10.89 0.5 0.5
80.00 175.00 6.60 0.5 0.5
85.00 175.00 13.19 0.5 0.5
90.00 175.00 -185.83 0.5 0.5
10.00 180.00 -1.89 0.0 1.0
15.00 180.00 -1.96 0.0 1.0
20.00 180.00 4.51 0.0 1.0
25.00 180.00 7.80 0.0 1.0
30.00 180.00 7.48 0.0 1.0
35.00 180.00 4.24 0.0 1.0
40.00 180.00 7.29 0.0 1.0
45.00 180.00 8.23 0.5 0.5
50.00 180.00 4.96 0.5 0.5
55.00 180.00 7.92 0.5 0.5
60.00 180.00 4.03 0.5 0.5
65.00 180.00 6.84 0.5 0.5
70.00 180.00 1.61 0.5 0.5
75.00 180.00 7.52 0.5 0.5
80.00 180.00 -3.06 0.5 0.5
85.00 180.00 10.03 0.5 0.5
90.00 180.00 -188.58 0.5 0.5
10.00 185.00 -1.22 0.0 1.0
15.00 185.00 -2.42 0.0 1.0
20.00 185.00 3.03 0.0 1.0
25.00 185.00 7.14 0.0 1.0
30.00 185.00 7.88 0.0 1.0
35.00 185.00 5.27 0.0 1.0
40.00 185.00 7.91 0.0 1.0
45.00 185.00 8.89 0.5 0.5
50.00 185.00 5.51 0.5 0.5
55.00 185.00 10.31 0.5 0.5
60.00 185.00 0.30 0.5 0.5
65.00 185.00 10.14 0.5 0.5
70.00 185.00 4.91 0.5 0.5
75.00 185.00 9.92 0.5 0.5
80.00 185.00 7.34 0.5 0.5
85.00 185.00 12.06 0.5 0.5
90.00 185.00 -185.02 0.5 0.5
10.00 190.00 -0.22 0.0 1.0
15.00 190.00 -1.65 0.0 1.0
20.00 190.00 2.96 0.0 1.0
25.00 190.00 7.46 0.0 1.0
30.00 190.00 8.67 0.0 1.0
35.00 190.00 7.04 0.0 1.0
40.00 190.00 9.43 0.0 1.0
45.00 190.00 10.86 0.5 0.5
50.00 190.00 7.32 0.5 0.5
55.00 190.00 13.59 0.5 0.5
60.00 190.00 5.08 0.5 0.5
65.00 190.00 14.07 0.5 0.5
70.00 190.00 11.56 0.5 0.5
75.00 190.00 14.35 0.5 0.5
80.00 190.00 13.28 0.5 0.5
85.00 190.00 16.56 0.5 0.5
90.00 190.00 -180.46 0.5 0.5
10.00 195.00 0.90 0.0 1.0
15.00 195.00 -0.05 0.0 1.0
20.00 195.00 4.57 0.0 1.0
25.00 195.00 8.83 0.0 1.0
30.00 195.00 9.89 0.0 1.0
35.00 195.00 9.08 0.0 1.0
40.00 195.00 11.30 0.0 1.0
45.00 195.00 13.04 0.5 0.5
50.00 195.00 10.36 0.5 0.5
55.00 195.00 16.30 0.5 0.5
60.00 195.00 10.90 0.5 0.5
65.00 195.00 17.10 0.5 0.5
70.00 195.00 15.72 0.5 0.5
75.00 195.00 17.62 0.5 0.5
80.00 195.00 16.82 0.5 0.5
85.00 195.00 19.79 0.5 0.5
90.00 195.00 -177.35 0.5 0.5
10.00 200.00 2.03 0.0 1.0
15.00 200.00 1.81 0.0 1.0
20.00 200.00 6.85 0.0 1.0
25.00 200.00 10.78 0.0 1.0
30.00 200.00 11.48 0.0 1.0
35.00 200.00 11.20 0.0 1.0
40.00 200.00 13.25 0.0 1.0
45.00 200.00 15.08 0.5 0.5
50.00 200.00 13.68 0.5 0.5
55.00 200.00 18.47 0.5 0.5
60.00 200.00 15.09 0.5 0.5
65.00 200.00 19.42 0.5 0.5
70.00 200.00 18.64 0.5 0.5
75.00 200.00 19.92 0.5 0.5
80.00 200.00 19.22 0.5 0.5
85.00 200.00 21.87 0.5 0.5
90.00 200.00 -175.36 0.5 0.5
10.00 205.00 3.11 0.0 1.0
15.00 205.00 3.62 0.0 1.0
20.00 205.00 9.08 0.0 1.0
25.00 205.00 12.83 0.0 1.0
30.00 205.00 13.28 0.0 1.0
35.00 205.00 13.27 0.0 1.0
40.00 205.00 15.15 0.0 1.0
45.00 205.00 16.94 0.5 0.5
50.00 205.00 16.63 0.5 0.5
55.00 205.00 20.24 0.5 0.5
60.00 205.00 18.26 0.5 0.5
65.00 205.00 21.20 0.5 0.5
70.00 205.00 20.84 0.5 0.5
75.00 205.00 21.49 0.5 0.5
80.00 205.00 20.92 0.5 0.5
85.00 205.00 23.08 0.5 0.5
90.00 205.00 -174.20 0.5 0.5
10.00 210.00 4.12 0.0 1.0
15.00 210.00 5.28 0.0 1.0
20.00 210.00 11.07 0.0 1.0
25.00 210.00 14.75 0.0 1.0
30.00 210.00 15.10 0.0 1.0
35.00 210.00 15.20 0.0 1.0
40.00 210.00 16.93 0.0 1.0
45.00 210.00 18.61 0.5 0.5
50.00 210.00 19.09 0.5 0.5
55.00 210.00 21.68 0.5 0.5
60.00 210.00 20.73 0.5 0.5
65.00 210.00 22.56 0.5 0.5
70.00 210.00 22.54 0.5 0.5
75.00 210.00 22.50 0.5 0.5
80.00 210.00 22.13 0.5 0.5
85.00 210.00 23.57 0.5 0.5
90.00 210.00 -173.72 0.5 0.5
10.00 215.00 5.05 0.0 1.0
15.00 215.00 6.77 0.0 1.0
20.00 215.00 12.81 0.0 1.0
25.00 215.00 16.48 0.0 1.0
30.00 215.00 16.81 0.0 1.0
35.00 215.00 16.92 0.0 1.0
40.00 215.00 18.54 0.0 1.0
45.00 215.00 20.09 0.5 0.5
50.00 215.00 21.09 0.5 0.5
55.00 215.00 22.84 0.5 0.5
60.00 215.00 22.67 0.5 0.5
65.00 215.00 23.55 0.5 0.5
70.00 215.00 23.87 0.5 0.5
75.00 215.00 22.99 0.5 0.5
80.00 215.00 22.96 0.5 0.5
85.00 215.00 23.34 0.5 0.5
90.00 215.00 -173.85 0.5 0.5
10.00 220.00 5.90 0.0 1.0
15.00 220.00 8.10 0.0 1.0
20.00 220.00 14.31 0.0 1.0
25.00 220.00 18.02 0.0 1.0
30.00 220.00 18.37 0.0 1.0
35.00 220.00 18.41 0.0 1.0
40.00 220.00 19.96 0.0 1.0
45.00 220.00 21.36 0.5 0.5
50.00 220.00 22.66 0.5 0.5
55.00 220.00 23.72 0.5 0.5
60.00 220.00 24.15 0.5 0.5
65.00 220.00 24.22 0.5 0.5
70.00 220.00 24.85 0.5 0.5
75.00 220.00 23.00 0.5 0.5
80.00 220.00 23.47 0.5 0.5
85.00 220.00 22.31 0.5 0.5
90.00 220.00 -174.57 0.5 0.5
10.00 225.00 6.67 0.0 1.0
15.00 225.00 9.27 0.0 1.0
20.00 225.00 15.61 0.0 1.0
25.00 225.00 19.37 0.0 1.0
30.00 225.00 19.74 0.0 1.0
35.00 225.00 19.64 0.0 1.0
40.00 225.00 21.18 0.0 1.0
45.00 225.00 22.41 0.5 0.5
50.00 225.00 23.83 0.5 0.5
55.00 225.00 24.35 0.5 0.5
60.00 225.00 25.22 0.5 0.5
65.00 225.00 24.59 0.5 0.5
70.00 225.00 25.51 0.5 0.5
75.00 225.00 22.50 0.5 0.5
80.00 225.00 23.67 0.5 0.5
85.00 225.00 20.21 0.5 0.5
90.00 225.00 -175.83 0.5 0.5
10.00 230.00 7.36 0.0 1.0
15.00 230.00 10.30 0.0 1.0
20.00 230.00 16.73 0.0 1.0
25.00 230.00 20.55 0.0 1.0
30.00 230.00 20.93 0.0 1.0
35.00 230.00 20.64 0.0 1.0
40.00 230.00 22.21 0.0 1.0
45.00 230.00 23.25 0.5 0.5
50.00 230.00 24.65 0.5 0.5
55.00 230.00 24.74 0.5 0.5
60.00 230.00 25.91 0.5 0.5
65.00 230.00 24.64 0.5 0.5
70.00 230.00 25.86 0.5 0.5
75.00 230.00 21.40 0.5 0.5
80.00 230.00 23.56 0.5 0.5
85.00 230.00 16.58 0.5 0.5
90.00 230.00 -177.26 0.5 0.5
10.00 235.00 7.96 0.0 1.0
15.00 235.00 11.18 0.0 1.0
20.00 235.00 17.68 0.0 1.0
25.00 235.00 21.55 0.0 1.0
30.00 235.00 21.95 0.0 1.0
35.00 235.00 21.40 0.0 1.0
40.00 235.00 23.04 0.0 1.0
45.00 235.00 23.90 0.5 0.5
50.00 235.00 25.11 0.5 0.5
55.00 235.00 24.89 0.5 0.5
60.00 235.00 26.23 0.5 0.5
65.00 235.00 24.35 0.5 0.5
70.00 235.00 25.86 0.5 0.5
75.00 235.00 19.68 0.5 0.5
80.00 235.00 23.12 0.5 0.5
85.00 235.00 13.40 0.5 0.5
90.00 235.00 -177.60 0.5 0.5
10.00 240.00 8.48 0.0 1.0
15.00 240.00 11.94 0.0 1.0
20.00 240.00 18.47 0.0 1.0
25.00 240.00 22.40 0.0 1.0
30.00 240.00 22.79 0.0 1.0
35.00 240.00 21.95 0.0 1.0
40.00 240.00 23.69 0.0 1.0
45.00 240.00 24.37 0.5 0.5
50.00 240.00 25.25 0.5 0.5
55.00 240.00 24.80 0.5 0.5
60.00 240.00 26.15 0.5 0.5
65.00 240.00 23.65 0.5 0.5
70.00 240.00 25.45 0.5 0.5
75.00 240.00 17.54 0.5 0.5
80.00 240.00 22.35 0.5 0.5
85.00 240.00 17.83 0.5 0.5
90.00 240.00 -175.99 0.5 0.5
10.00 245.00 8.91 0.0 1.0
15.00 245.00 12.56 0.0 1.0
20.00 245.00 19.13 0.0 1.0
25.00 245.00 23.09 0.0 1.0
30.00 245.00 23.47 0.0 1.0
35.00 245.00 22.32 0.0 1.0
40.00 245.00 24.16 0.0 1.0
45.00 245.00 24.66 0.5 0.5
50.00 245.00 25.06 0.5 0.5
55.00 245.00 24.42 0.5 0.5
60.00 245.00 25.61 0.5 0.5
65.00 245.00 22.46 0.5 0.5
70.00 245.00 24.58 0.5 0.5
75.00 245.00 16.44 0.5 0.5
80.00 245.00 21.28 0.5 0.5
85.00 245.00 22.40 0.5 0.5
90.00 245.00 -173.64 0.5 0.5
10.00 250.00 9.26 0.0 1.0
15.00 250.00 13.07 0.0 1.0
20.00 250.00 19.64 0.0 1.0
25.00 250.00 23.63 0.0 1.0
30.00 250.00 23.97 0.0 1.0
35.00 250.00 22.50 0.0 1.0
40.00 250.00 24.45 0.0 1.0
45.00 250.00 24.74 0.5 0.5
50.00 250.00 24.52 0.5 0.5
55.00 250.00 23.71 0.5 0.5
60.00 250.00 24.48 0.5 0.5
65.00 250.00 20.69 0.5 0.5
70.00 250.00 23.22 0.5 0.5
75.00 250.00 17.95 0.5 0.5
80.00 250.00 20.02 0.5 0.5
85.00 250.00 25.47 0.5 0.5
90.00 250.00 -171.57 0.5 0.5
10.00 255.00 9.51 0.0 1.0
15.00 255.00 13.46 0.0 1.0
20.00 255.00 20.03 0.0 1.0
25.00 255.00 24.01 0.0 1.0
30.00 255.00 24.31 0.0 1.0
35.00 255.00 22.52 0.0 1.0
40.00 255.00 24.57 0.0 1.0
45.00 255.00 24.59 0.5 0.5
50.00 255.00 23.57 0.5 0.5
55.00 255.00 22.64 0.5 0.5
60.00 255.00 22.61 0.5 0.5
65.00 255.00 18.28 0.5 0.5
70.00 255.00 21.29 0.5 0.5
75.00 255.00 20.42 0.5 0.5
80.00 255.00 19.05 0.5 0.5
85.00 255.00 27.52 0.5 0.5
90.00 255.00 -170.03 0.5 0.5
10.00 260.00 9.67 0.0 1.0
15.00 260.00 13.74 0.0 1.0
20.00 260.00 20.30 0.0 1.0
25.00 260.00 24.25 0.0 1.0
30.00 260.00 24.46 0.0 1.0
35.00 260.00 22.36 0.0 1.0
40.00 260.00 24.53 0.0 1.0
45.00 260.00 24.23 0.5 0.5
50.00 260.00 22.20 0.5 0.5
55.00 260.00 21.20 0.5 0.5
60.00 260.00 19.68 0.5 0.5
65.00 260.00 15.38 0.5 0.5
70.00 260.00 18.91 0.5 0.5
75.00 260.00 22.56 0.5 0.5
80.00 260.00 19.07 0.5 0.5
85.00 260.00 28.86 0.5 0.5
90.00 260.00 -168.99 0.5 0.5
10.00 265.00 9.74 0.0 1.0
15.00 265.00 13.91 0.0 1.0
20.00 265.00 20.44 0.0 1.0
25.00 265.00 24.35 0.0 1.0
30.00 265.00 24.45 0.0 1.0
35.00 265.00 22.04 0.0 1.0
40.00 265.00 24.33 0.0 1.0
45.00 265.00 23.66 0.5 0.5
50.00 265.00 20.52 0.5 0.5
55.00 265.00 19.39 0.5 0.5
60.00 265.00 14.87 0.5 0.5
65.00 265.00 13.95 0.5 0.5
70.00 265.00 17.67 0.5 0.5
75.00 265.00 24.17 0.5 0.5
80.00 265.00 20.06 0.5 0.5
85.00 265.00 29.61 0.5 0.5
90.00 265.00 -168.42 0.5 0.5
10.00 270.00 9.71 0.0 1.0
15.00 270.00 13.97 0.0 1.0
20.00 270.00 20.48 0.0 1.0
25.00 270.00 24.31 0.0 1.0
30.00 270.00 24.27 0.0 1.0
35.00 270.00 21.58 0.0 1.0
40.00 270.00 23.99 0.0 1.0
45.00 270.00 22.88 0.5 0.5
50.00 270.00 18.97 0.5 0.5
55.00 270.00 17.54 0.5 0.5
60.00 270.00 10.43 0.5 0.5
65.00 270.00 16.36 0.5 0.5
70.00 270.00 19.28 0.5 0.5
75.00 270.00 25.22 0.5 0.5
80.00 270.00 21.42 0.5 0.5
85.00 270.00 29.84 0.5 0.5
90.00 270.00 -168.32 0.5 0.5
10.00 275.00 9.59 0.0 1.0
15.00 275.00 13.92 0.0 1.0
20.00 275.00 20.40 0.0 1.0
25.00 275.00 24.14 0.0 1.0
30.00 275.00 23.91 0.0 1.0
35.00 275.00 21.01 0.0 1.0
40.00 275.00 23.50 0.0 1.0
45.00 275.00 21.89 0.5 0.5
50.00 275.00 18.51 0.5 0.5
55.00 275.00 16.76 0.5 0.5
60.00 275.00 16.10 0.5 0.5
65.00 275.00 19.47 0.5 0.5
70.00 275.00 21.77 0.5 0.5
75.00 275.00 25.77 0.5 0.5
80.00 275.00 22.70 0.5 0.5
85.00 275.00 29.60 0.5 0.5
90.00 275.00 -168.68 0.5 0.5
10.00 280.00 9.36 0.0 1.0
15.00 280.00 13.75 0.0 1.0
20.00 280.00 20.20 0.0 1.0
25.00 280.00 23.82 0.0 1.0
30.00 280.00 23.37 0.0 1.0
35.00 280.00 20.35 0.0 1.0
40.00 280.00 22.91 0.0 1.0
45.00 280.00 20.78 0.5 0.5
50.00 280.00 19.52 0.5 0.5
55.00 280.00 17.82 0.5 0.5
60.00 280.00 20.52 0.5 0.5
65.00 280.00 21.78 0.5 0.5
70.00 280.00 23.83 0.5 0.5
75.00 280.00 25.92 0.5 0.5
80.00 280.00 23.67 0.5 0.5
85.00 280.00 28.87 0.5 0.5
90.00 280.00 -169.53 0.5 0.5
10.00 285.00 9.04 0.0 1.0
15.00 285.00 13.48 0.0 1.0
20.00 285.00 19.88 0.0 1.0
25.00 285.00 23.34 0.0 1.0
30.00 285.00 22.61 0.0 1.0
35.00 285.00 19.64 0.0 1.0
40.00 285.00 22.27 0.0 1.0
45.00 285.00 19.77 0.5 0.5
50.00 285.00 21.12 0.5 0.5
55.00 285.00 19.68 0.5 0.5
60.00 285.00 23.24 0.5 0.5
65.00 285.00 23.39 0.5 0.5
70.00 285.00 25.30 0.5 0.5
75.00 285.00 25.78 0.5 0.5
80.00 285.00 24.24 0.5 0.5
85.00 285.00 27.56 0.5 0.5
90.00 285.00 -170.97 0.5 0.5
10.00 290.00 8.61 0.0 1.0
15.00 290.00 13.10 0.0 1.0
20.00 290.00 19.44 0.0 1.0
25.00 290.00 22.72 0.0 1.0
30.00 290.00 21.63 0.0 1.0
35.00 290.00 18.93 0.0 1.0
40.00 290.00 21.63 0.0 1.0
45.00 290.00 19.07 0.5 0.5
50.00 290.00 22.55 0.5 0.5
55.00 290.00 21.43 0.5 0.5
60.00 290.00 24.99 0.5 0.5
65.00 290.00 24.50 0.5 0.5
70.00 290.00 26.19 0.5 0.5
75.00 290.00 25.32 0.5 0.5
80.00 290.00 24.44 0.5 0.5
85.00 290.00 25.53 0.5 0.5
90.00 290.00 -173.19 0.5 0.5
10.00 295.00 8.08 0.0 1.0
15.00 295.00 12.61 0.0 1.0
20.00 295.00 18.88 0.0 1.0
25.00 295.00 21.92 0.0 1.0
30.00 295.00 20.39 0.0 1.0
35.00 295.00 18.29 0.0 1.0
40.00 295.00 21.05 0.0 1.0
45.00 295.00 18.87 0.5 0.5
50.00 295.00 23.62 0.5 0.5
55.00 295.00 22.79 0.5 0.5
60.00 295.00 26.06 0.5 0.5
65.00 295.00 25.20 0.5 0.5
70.00 295.00 26.62 0.5 0.5
75.00 295.00 24.55 0.5 0.5
80.00 295.00 24.28 0.5 0.5
85.00 295.00 22.52 0.5 0.5
90.00 295.00 -176.60 0.5 0.5
10.00 300.00 7.45 0.0 1.0
15.00 300.00 12.01 0.0 1.0
20.00 300.00 18.21 0.0 1.0
25.00 300.00 20.96 0.0 1.0
30.00 300.00 18.86 0.0 1.0
35.00 300.00 17.75 0.0 1.0
40.00 300.00 20.54 0.0 1.0
45.00 300.00 19.13 0.5 0.5
50.00 300.00 24.31 0.5 0.5
55.00 300.00 23.75 0.5 0.5
60.00 300.00 26.58 0.5 0.5
65.00 300.00 25.53 0.5 0.5
70.00 300.00 26.64 0.5 0.5
75.00 300.00 23.54 0.5 0.5
80.00 300.00 23.74 0.5 0.5
85.00 300.00 17.96 0.5 0.5
90.00 300.00 -182.34 0.5 0.5
10.00 305.00 6.73 0.0 1.0
15.00 305.00 11.32 0.0 1.0
20.00 305.00 17.42 0.0 1.0
25.00 305.00 19.84 0.0 1.0
30.00 305.00 16.99 0.0 1.0
35.00 305.00 17.30 0.0 1.0
40.00 305.00 20.13 0.0 1.0
45.00 305.00 19.65 0.5 0.5
50.00 305.00 24.67 0.5 0.5
55.00 305.00 24.34 0.5 0.5
60.00 305.00 26.65 0.5 0.5
65.00 305.00 25.51 0.5 0.5
70.00 305.00 26.29 0.5 0.5
75.00 305.00 22.37 0.5 0.5
80.00 305.00 22.79 0.5 0.5
85.00 305.00 12.01 0.5 0.5
90.00 305.00 -190.71 0.5 0.5
10.00 310.00 5.92 0.0 1.0
15.00 310.00 10.54 0.0 1.0
20.00 310.00 16.52 0.0 1.0
25.00 310.00 18.56 0.0 1.0
30.00 310.00 14.69 0.0 1.0
35.00 310.00 16.94 0.0 1.0
40.00 310.00 19.80 0.0 1.0
45.00 310.00 20.16 0.5 0.5
50.00 310.00 24.70 0.5 0.5
55.00 310.00 24.62 0.5 0.5
60.00 310.00 26.37 0.5 0.5
65.00 310.00 25.18 0.5 0.5
70.00 310.00 25.54 0.5 0.5
75.00 310.00 21.06 0.5 0.5
80.00 310.00 21.43 0.5 0.5
85.00 310.00 14.42 0.5 0.5
90.00 310.00 -183.00 0.5 0.5
10.00 315.00 5.04 0.0 1.0
15.00 315.00 9.69 0.0 1.0
20.00 315.00 15.54 0.0 1.0
25.00 315.00 17.12 0.0 1.0
30.00 315.00 11.82 0.0 1.0
35.00 315.00 16.60 0.0 1.0
40.00 315.00 19.49 0.0 1.0
45.00 315.00 20.49 0.5 0.5
50.00 315.00 24.42 0.5 0.5
55.00 315.00 24.59 0.5 0.5
60.00 315.00 25.75 0.5 0.5
65.00 315.00 24.55 0.5 0.5
70.00 315.00 24.39 0.5 0.5
75.00 315.00 19.60 0.5 0.5
80.00 315.00 19.64 0.5 0.5
85.00 315.00 18.68 0.5 0.5
90.00 315.00 -178.40 0.5 0.5
10.00 320.00 4.13 0.0 1.0
15.00 320.00 8.80 0.0 1.0
20.00 320.00 14.48 0.0 1.0
25.00 320.00 15.57 0.0 1.0
30.00 320.00 8.21 0.0 1.0
35.00 320.00 16.27 0.0 1.0
40.00 320.00 19.17 0.0 1.0
45.00 320.00 20.59 0.5 0.5
50.00 320.00 23.85 0.5 0.5
55.00 320.00 24.27 0.5 0.5
60.00 320.00 24.81 0.5 0.5
65.00 320.00 23.64 0.5 0.5
70.00 320.00 22.84 0.5 0.5
75.00 320.00 17.99 0.5 0.5
80.00 320.00 17.40 0.5 0.5
85.00 320.00 21.04 0.5 0.5
90.00 320.00 -176.06 0.5 0.5
10.00 325.00 3.24 0.0 1.0
15.00 325.00 7.91 0.0 1.0
20.00 325.00 13.39 0.0 1.0
25.00 325.00 13.96 0.0 1.0
30.00 325.00 4.21 0.0 1.0
35.00 325.00 15.90 0.0 1.0
40.00 325.00 18.77 0.0 1.0
45.00 325.00 20.45 0.5 0.5
50.00 325.00 23.02 0.5 0.5
55.00 325.00 23.67 0.5 0.5
60.00 325.00 23.55 0.5 0.5
65.00 325.00 22.43 0.5 0.5
70.00 325.00 20.87 0.5 0.5
75.00 325.00 16.19 0.5 0.5
80.00 325.00 14.79 0.5 0.5
85.00 325.00 22.18 0.5 0.5
90.00 325.00 -174.92 0.5 0.5
10.00 330.00 2.48 0.0 1.0
15.00 330.00 7.05 0.0 1.0
20.00 330.00 12.31 0.0 1.0
25.00 330.00 12.47 0.0 1.0
30.00 330.00 3.07 0.0 1.0
35.00 330.00 15.47 0.0 1.0
40.00 330.00 18.27 0.0 1.0
45.00 330.00 20.07 0.5 0.5
50.00 330.00 21.95 0.5 0.5
55.00 330.00 22.80 0.5 0.5
60.00 330.00 22.00 0.5 0.5
65.00 330.00 20.92 0.5 0.5
70.00 330.00 18.47 0.5 0.5
75.00 330.00 14.12 0.5 0.5
80.00 330.00 12.08 0.5 0.5
85.00 330.00 22.45 0.5 0.5
90.00 330.00 -174.61 0.5 0.5
10.00 335.00 1.94 0.0 1.0
15.00 335.00 6.30 0.0 1.0
20.00 335.00 11.28 0.0 1.0
25.00 335.00 11.30 0.0 1.0
30.00 335.00 5.49 0.0 1.0
35.00 335.00 14.94 0.0 1.0
40.00 335.00 17.63 0.0 1.0
45.00 335.00 19.46 0.5 0.5
50.00 335.00 20.66 0.5 0.5
55.00 335.00 21.68 0.5 0.5
60.00 335.00 20.19 0.5 0.5
65.00 335.00 19.15 0.5 0.5
70.00 335.00 15.69 0.5 0.5
75.00 335.00 11.71 0.5 0.5
80.00 335.00 9.67 0.5 0.5
85.00 335.00 21.98 0.5 0.5
90.00 335.00 -175.03 0.5 0.5
10.00 340.00 1.72 0.0 1.0
15.00 340.00 5.67 0.0 1.0
20.00 340.00 10.35 0.0 1.0
25.00 340.00 10.63 0.0 1.0
30.00 340.00 7.82 0.0 1.0
35.00 340.00 14.28 0.0 1.0
40.00 340.00 16.81 0.0 1.0
45.00 340.00 18.60 0.5 0.5
50.00 340.00 19.17 0.5 0.5
55.00 340.00 20.31 0.5 0.5
60.00 340.00 18.22 0.5 0.5
65.00 340.00 17.22 0.5 0.5
70.00 340.00 12.71 0.5 0.5
75.00 340.00 9.15 0.5 0.5
80.00 340.00 7.56 0.5 0.5
85.00 340.00 20.75 0.5 0.5
90.00 340.00 -176.22 0.5 0.5
10.00 345.00 1.81 0.0 1.0
15.00 345.00 5.20 0.0 1.0
20.00 345.00 9.56 0.0 1.0
25.00 345.00 10.43 0.0 1.0
30.00 345.00 9.39 0.0 1.0
35.00 345.00 13.47 0.0 1.0
40.00 345.00 15.80 0.0 1.0
45.00 345.00 17.44 0.5 0.5
50.00 345.00 17.47 0.5 0.5
55.00 345.00 18.65 0.5 0.5
60.00 345.00 16.22 0.5 0.5
65.00 345.00 15.29 0.5 0.5
70.00 345.00 10.21 0.5 0.5
75.00 345.00 7.58 0.5 0.5
80.00 345.00 5.20 0.5 0.5
85.00 345.00 18.65 0.5 0.5
90.00 345.00 -178.37 0.5 0.5
10.00 350.00 2.15 0.0 1.0
15.00 350.00 4.85 0.0 1.0
20.00 350.00 8.90 0.0 1.0
25.00 350.00 10.47 0.0 1.0
30.00 350.00 10.39 0.0 1.0
35.00 350.00 12.53 0.0 1.0
40.00 350.00 14.56 0.0 1.0
45.00 350.00 15.97 0.5 0.5
50.00 350.00 15.56 0.5 0.5
55.00 350.00 16.66 0.5 0.5
60.00 350.00 14.34 0.5 0.5
65.00 350.00 13.56 0.5 0.5
70.00 350.00 9.17 0.5 0.5
75.00 350.00 8.14 0.5 0.5
80.00 350.00 2.84 0.5 0.5
85.00 350.00 15.48 0.5 0.5
90.00 350.00 -181.89 0.5 0.5
10.00 355.00 2.66 0.0 1.0
15.00 355.00 4.61 0.0 1.0
20.00 355.00 8.30 0.0 1.0
25.00 355.00 10.55 0.0 1.0
30.00 355.00 10.99 0.0 1.0
35.00 355.00 11.58 0.0 1.0
40.00 355.00 13.26 0.0 1.0
45.00 355.00 14.26 0.5 0.5
50.00 355.00 13.56 0.5 0.5
55.00 355.00 14.42 0.5 0.5
60.00 355.00 12.69 0.5 0.5
65.00 355.00 12.30 0.5 0.5
70.00 355.00 9.40 0.5 0.5
75.00 355.00 9.58 0.5 0.5
80.00 355.00 3.42 0.5 0.5
85.00 355.00 11.52 0.5 0.5
90.00 355.00 -187.22 0.5 0.5
10.00 360.00 3.24 0.0 1.0
15.00 360.00 4.42 0.0 1.0
20.00 360.00 7.72 0.0 1.0
25.00 360.00 10.51 0.0 1.0
30.00 360.00 11.34 0.0 1.0
35.00 360.00 11.00 0.0 1.0
40.00 360.00 12.38 0.0 1.0
45.00 360.00 12.98 0.5 0.5
50.00 360.00 12.36 0.5 0.5
55.00 360.00 12.98 0.5 0.5
60.00 360.00 11.62 0.5 0.5
65.00 360.00 12.00 0.5 0.5
70.00 360.00 9.79 0.5 0.5
75.00 360.00 10.58 0.5 0.5
80.00 360.00 6.03 0.5 0.5
85.00 360.00 10.35 0.5 0.5
90.00 360.00 -188.51 0.5 0.5
