# Radiation Pattern Data
# Generated from: cessna-HF_13.out
# Frequency: 14.0 MHz
# Format: Theta Phi Gain_dBi Phase_deg
# Theta: elevation angle (0-180 degrees)
# Phi: azimuth angle (0-360 degrees)
0.0 0.0 0.01 -87.8
5.0 0.0 0.01 -87.8
10.0 0.0 0.01 -87.8
15.0 0.0 0.01 -87.8
20.0 0.0 0.01 -87.8
25.0 0.0 0.01 -87.9
30.0 0.0 0.01 -87.9
35.0 0.0 0.01 -87.9
40.0 0.0 0.01 -88.0
45.0 0.0 0.01 -88.0
50.0 0.0 0.01 -88.0
55.0 0.0 0.00 -88.0
60.0 0.0 0.00 -88.0
65.0 0.0 0.00 -88.0
70.0 0.0 0.00 -88.0
75.0 0.0 0.00 -87.8
80.0 0.0 0.01 -87.6
85.0 0.0 0.01 -87.3
90.0 0.0 0.00 0.0
0.0 10.0 0.01 82.2
5.0 10.0 0.01 82.2
10.0 10.0 0.01 82.3
15.0 10.0 0.02 82.4
20.0 10.0 0.02 82.5
25.0 10.0 0.03 82.7
30.0 10.0 0.04 83.0
35.0 10.0 0.04 83.3
40.0 10.0 0.05 83.6
45.0 10.0 0.06 84.0
50.0 10.0 0.06 84.3
55.0 10.0 0.07 84.7
60.0 10.0 0.08 85.2
65.0 10.0 0.10 85.6
70.0 10.0 0.11 86.1
75.0 10.0 0.13 86.6
80.0 10.0 0.16 87.4
85.0 10.0 0.19 88.7
90.0 10.0 0.00 0.0
0.0 20.0 0.01 72.2
5.0 20.0 0.01 72.2
10.0 20.0 0.02 72.3
15.0 20.0 0.03 72.5
20.0 20.0 0.04 72.8
25.0 20.0 0.05 73.2
30.0 20.0 0.06 73.8
35.0 20.0 0.08 74.3
40.0 20.0 0.09 75.0
45.0 20.0 0.11 75.7
50.0 20.0 0.12 76.4
55.0 20.0 0.14 77.2
60.0 20.0 0.16 78.0
65.0 20.0 0.19 78.8
70.0 20.0 0.22 79.6
75.0 20.0 0.27 80.5
80.0 20.0 0.33 81.6
85.0 20.0 0.41 83.8
90.0 20.0 0.00 0.0
0.0 30.0 0.01 62.2
5.0 30.0 0.02 62.2
10.0 30.0 0.03 62.4
15.0 30.0 0.04 62.6
20.0 30.0 0.05 63.1
25.0 30.0 0.07 63.6
30.0 30.0 0.09 64.3
35.0 30.0 0.11 65.1
40.0 30.0 0.13 66.0
45.0 30.0 0.15 66.9
50.0 30.0 0.18 67.9
55.0 30.0 0.21 69.0
60.0 30.0 0.24 70.0
65.0 30.0 0.29 71.0
70.0 30.0 0.34 71.9
75.0 30.0 0.40 72.6
80.0 30.0 0.50 73.4
85.0 30.0 0.64 75.0
90.0 30.0 0.00 0.0
0.0 40.0 0.01 52.2
5.0 40.0 0.02 52.2
10.0 40.0 0.03 52.4
15.0 40.0 0.05 52.7
20.0 40.0 0.07 53.1
25.0 40.0 0.09 53.7
30.0 40.0 0.11 54.5
35.0 40.0 0.13 55.4
40.0 40.0 0.16 56.3
45.0 40.0 0.20 57.4
50.0 40.0 0.23 58.5
55.0 40.0 0.27 59.5
60.0 40.0 0.32 60.5
65.0 40.0 0.38 61.2
70.0 40.0 0.45 61.5
75.0 40.0 0.53 60.9
80.0 40.0 0.65 58.0
85.0 40.0 0.81 45.4
90.0 40.0 0.00 0.0
0.0 50.0 0.01 42.2
5.0 50.0 0.02 42.2
10.0 50.0 0.04 42.3
15.0 50.0 0.05 42.6
20.0 50.0 0.07 43.0
25.0 50.0 0.10 43.6
30.0 50.0 0.12 44.3
35.0 50.0 0.15 45.1
40.0 50.0 0.19 46.0
45.0 50.0 0.23 46.8
50.0 50.0 0.27 47.7
55.0 50.0 0.32 48.4
60.0 50.0 0.38 48.7
65.0 50.0 0.45 48.4
70.0 50.0 0.52 46.8
75.0 50.0 0.61 42.2
80.0 50.0 0.68 31.4
85.0 50.0 0.68 12.7
90.0 50.0 0.00 0.0
0.0 60.0 0.01 32.2
5.0 60.0 0.02 32.2
10.0 60.0 0.04 32.3
15.0 60.0 0.06 32.5
20.0 60.0 0.08 32.8
25.0 60.0 0.10 33.2
30.0 60.0 0.13 33.8
35.0 60.0 0.17 34.3
40.0 60.0 0.20 34.8
45.0 60.0 0.24 35.3
50.0 60.0 0.29 35.6
55.0 60.0 0.34 35.5
60.0 60.0 0.40 34.7
65.0 60.0 0.46 32.7
70.0 60.0 0.52 28.7
75.0 60.0 0.56 21.8
80.0 60.0 0.56 12.3
85.0 60.0 0.50 3.2
90.0 60.0 0.00 0.0
0.0 70.0 0.01 22.2
5.0 70.0 0.02 22.1
10.0 70.0 0.04 22.2
15.0 70.0 0.06 22.3
20.0 70.0 0.08 22.4
25.0 70.0 0.10 22.7
30.0 70.0 0.13 22.9
35.0 70.0 0.16 23.1
40.0 70.0 0.20 23.2
45.0 70.0 0.24 23.1
50.0 70.0 0.28 22.6
55.0 70.0 0.33 21.7
60.0 70.0 0.37 19.9
65.0 70.0 0.41 17.0
70.0 70.0 0.44 12.8
75.0 70.0 0.44 7.7
80.0 70.0 0.40 2.5
85.0 70.0 0.34 -1.7
90.0 70.0 0.00 0.0
0.0 80.0 0.01 12.2
5.0 80.0 0.02 12.1
10.0 80.0 0.04 12.1
15.0 80.0 0.06 12.0
20.0 80.0 0.08 12.0
25.0 80.0 0.10 12.0
30.0 80.0 0.12 11.9
35.0 80.0 0.15 11.7
40.0 80.0 0.18 11.3
45.0 80.0 0.21 10.7
50.0 80.0 0.24 9.7
55.0 80.0 0.27 8.3
60.0 80.0 0.30 6.3
65.0 80.0 0.31 3.8
70.0 80.0 0.31 0.9
75.0 80.0 0.29 -1.8
80.0 80.0 0.26 -4.0
85.0 80.0 0.20 -5.4
90.0 80.0 0.00 0.0
0.0 90.0 0.01 2.2
5.0 90.0 0.02 2.1
10.0 90.0 0.04 1.9
15.0 90.0 0.05 1.8
20.0 90.0 0.07 1.6
25.0 90.0 0.09 1.3
30.0 90.0 0.11 0.9
35.0 90.0 0.13 0.3
40.0 90.0 0.15 -0.4
45.0 90.0 0.17 -1.3
50.0 90.0 0.18 -2.5
55.0 90.0 0.20 -4.0
60.0 90.0 0.20 -5.5
65.0 90.0 0.20 -7.1
70.0 90.0 0.18 -8.4
75.0 90.0 0.15 -9.3
80.0 90.0 0.12 -9.4
85.0 90.0 0.08 -8.9
90.0 90.0 0.00 0.0
0.0 100.0 0.01 -7.8
5.0 100.0 0.02 -7.9
10.0 100.0 0.04 -8.2
15.0 100.0 0.05 -8.5
20.0 100.0 0.06 -8.9
25.0 100.0 0.08 -9.4
30.0 100.0 0.09 -10.0
35.0 100.0 0.10 -10.8
40.0 100.0 0.11 -11.7
45.0 100.0 0.12 -12.8
50.0 100.0 0.12 -14.0
55.0 100.0 0.11 -15.1
60.0 100.0 0.10 -16.1
65.0 100.0 0.08 -16.8
70.0 100.0 0.06 -16.9
75.0 100.0 0.03 -16.3
80.0 100.0 0.01 -14.8
85.0 100.0 0.04 -12.5
90.0 100.0 0.00 0.0
0.0 110.0 0.01 -17.8
5.0 110.0 0.02 -17.9
10.0 110.0 0.03 -18.2
15.0 110.0 0.04 -18.7
20.0 110.0 0.05 -19.2
25.0 110.0 0.06 -19.9
30.0 110.0 0.07 -20.7
35.0 110.0 0.07 -21.6
40.0 110.0 0.07 -22.6
45.0 110.0 0.07 -23.7
50.0 110.0 0.06 -24.8
55.0 110.0 0.04 -25.6
60.0 110.0 0.02 -26.2
65.0 110.0 0.01 -26.2
70.0 110.0 0.05 -25.4
75.0 110.0 0.09 -23.7
80.0 110.0 0.12 -20.8
85.0 110.0 0.15 -16.8
90.0 110.0 0.00 0.0
0.0 120.0 0.01 -27.8
5.0 120.0 0.02 -28.0
10.0 120.0 0.03 -28.3
15.0 120.0 0.04 -28.8
20.0 120.0 0.04 -29.4
25.0 120.0 0.05 -30.2
30.0 120.0 0.05 -31.1
35.0 120.0 0.04 -32.0
40.0 120.0 0.04 -33.1
45.0 120.0 0.02 -34.1
50.0 120.0 0.00 -35.0
55.0 120.0 0.02 -35.7
60.0 120.0 0.05 -36.0
65.0 120.0 0.09 -35.6
70.0 120.0 0.13 -34.4
75.0 120.0 0.18 -32.0
80.0 120.0 0.22 -28.1
85.0 120.0 0.26 -22.4
90.0 120.0 0.00 0.0
0.0 130.0 0.01 -37.8
5.0 130.0 0.02 -38.0
10.0 130.0 0.02 -38.3
15.0 130.0 0.03 -38.8
20.0 130.0 0.03 -39.5
25.0 130.0 0.03 -40.2
30.0 130.0 0.03 -41.1
35.0 130.0 0.02 -42.1
40.0 130.0 0.01 -43.1
45.0 130.0 0.01 -44.1
50.0 130.0 0.03 -44.9
55.0 130.0 0.06 -45.5
60.0 130.0 0.09 -45.7
65.0 130.0 0.14 -45.3
70.0 130.0 0.18 -44.1
75.0 130.0 0.24 -41.6
80.0 130.0 0.30 -37.2
85.0 130.0 0.36 -30.3
90.0 130.0 0.00 0.0
0.0 140.0 0.01 -47.8
5.0 140.0 0.01 -47.9
10.0 140.0 0.02 -48.3
15.0 140.0 0.02 -48.7
20.0 140.0 0.02 -49.4
25.0 140.0 0.02 -50.1
30.0 140.0 0.02 -50.9
35.0 140.0 0.01 -51.8
40.0 140.0 0.01 -52.7
45.0 140.0 0.02 -53.6
50.0 140.0 0.05 -54.3
55.0 140.0 0.08 -54.9
60.0 140.0 0.11 -55.1
65.0 140.0 0.15 -54.9
70.0 140.0 0.20 -54.0
75.0 140.0 0.26 -52.0
80.0 140.0 0.34 -48.3
85.0 140.0 0.43 -41.6
90.0 140.0 0.00 0.0
0.0 150.0 0.01 -57.8
5.0 150.0 0.01 -57.9
10.0 150.0 0.02 -58.2
15.0 150.0 0.02 -58.6
20.0 150.0 0.02 -59.1
25.0 150.0 0.01 -59.7
30.0 150.0 0.01 -60.4
35.0 150.0 0.00 -61.2
40.0 150.0 0.01 -61.9
45.0 150.0 0.03 -62.6
50.0 150.0 0.05 -63.3
55.0 150.0 0.07 -63.8
60.0 150.0 0.10 -64.1
65.0 150.0 0.14 -64.0
70.0 150.0 0.18 -63.6
75.0 150.0 0.24 -62.4
80.0 150.0 0.32 -60.1
85.0 150.0 0.43 -55.9
90.0 150.0 0.00 0.0
0.0 160.0 0.01 -67.8
5.0 160.0 0.01 -67.9
10.0 160.0 0.01 -68.1
15.0 160.0 0.01 -68.4
20.0 160.0 0.01 -68.8
25.0 160.0 0.01 -69.2
30.0 160.0 0.00 -69.7
35.0 160.0 0.01 -70.2
40.0 160.0 0.02 -70.8
45.0 160.0 0.03 -71.3
50.0 160.0 0.04 -71.8
55.0 160.0 0.06 -72.2
60.0 160.0 0.08 -72.5
65.0 160.0 0.11 -72.6
70.0 160.0 0.14 -72.4
75.0 160.0 0.19 -71.8
80.0 160.0 0.25 -70.8
85.0 160.0 0.35 -69.2
90.0 160.0 0.00 0.0
0.0 170.0 0.01 -77.8
5.0 170.0 0.01 -77.8
10.0 170.0 0.01 -77.9
15.0 170.0 0.01 -78.1
20.0 170.0 0.01 -78.3
25.0 170.0 0.00 -78.6
30.0 170.0 0.00 -78.8
35.0 170.0 0.00 -79.1
40.0 170.0 0.01 -79.4
45.0 170.0 0.02 -79.7
50.0 170.0 0.03 -80.0
55.0 170.0 0.04 -80.2
60.0 170.0 0.05 -80.4
65.0 170.0 0.07 -80.5
70.0 170.0 0.09 -80.4
75.0 170.0 0.11 -80.2
80.0 170.0 0.15 -79.9
85.0 170.0 0.21 -79.5
90.0 170.0 0.00 0.0
0.0 180.0 0.01 -87.8
5.0 180.0 0.01 -87.8
10.0 180.0 0.00 -87.8
15.0 180.0 0.00 -87.8
20.0 180.0 0.00 -87.8
25.0 180.0 0.00 -87.8
30.0 180.0 0.00 -87.9
35.0 180.0 0.00 -87.9
40.0 180.0 0.00 -87.9
45.0 180.0 0.01 -88.0
50.0 180.0 0.01 -88.0
55.0 180.0 0.01 -88.0
60.0 180.0 0.01 -88.0
65.0 180.0 0.02 -88.0
70.0 180.0 0.02 -88.0
75.0 180.0 0.03 -87.9
80.0 180.0 0.03 -87.8
85.0 180.0 0.05 -87.8
90.0 180.0 0.00 0.0
0.0 190.0 0.01 82.2
5.0 190.0 0.00 82.3
10.0 190.0 0.00 82.4
15.0 190.0 0.00 82.5
20.0 190.0 0.00 82.7
25.0 190.0 0.00 82.9
30.0 190.0 0.00 83.1
35.0 190.0 0.00 83.4
40.0 190.0 0.00 83.6
45.0 190.0 0.01 83.9
50.0 190.0 0.01 84.1
55.0 190.0 0.02 84.3
60.0 190.0 0.03 84.5
65.0 190.0 0.04 84.6
70.0 190.0 0.05 84.7
75.0 190.0 0.06 84.6
80.0 190.0 0.08 84.5
85.0 190.0 0.11 84.5
90.0 190.0 0.00 0.0
0.0 200.0 0.01 72.2
5.0 200.0 0.00 72.3
10.0 200.0 0.00 72.5
15.0 200.0 0.00 72.8
20.0 200.0 0.01 73.2
25.0 200.0 0.00 73.6
30.0 200.0 0.00 74.1
35.0 200.0 0.00 74.6
40.0 200.0 0.01 75.1
45.0 200.0 0.02 75.6
50.0 200.0 0.03 76.1
55.0 200.0 0.05 76.5
60.0 200.0 0.06 76.8
65.0 200.0 0.08 77.0
70.0 200.0 0.11 77.0
75.0 200.0 0.14 76.8
80.0 200.0 0.19 76.3
85.0 200.0 0.27 75.6
90.0 200.0 0.00 0.0
0.0 210.0 0.01 62.2
5.0 210.0 0.00 62.4
10.0 210.0 0.01 62.7
15.0 210.0 0.01 63.1
20.0 210.0 0.01 63.6
25.0 210.0 0.01 64.2
30.0 210.0 0.00 64.9
35.0 210.0 0.00 65.6
40.0 210.0 0.01 66.4
45.0 210.0 0.03 67.1
50.0 210.0 0.04 67.8
55.0 210.0 0.06 68.3
60.0 210.0 0.09 68.7
65.0 210.0 0.12 68.9
70.0 210.0 0.16 68.7
75.0 210.0 0.21 68.0
80.0 210.0 0.28 66.7
85.0 210.0 0.38 64.3
90.0 210.0 0.00 0.0
0.0 220.0 0.01 52.2
5.0 220.0 0.00 52.4
10.0 220.0 0.01 52.8
15.0 220.0 0.01 53.2
20.0 220.0 0.02 53.9
25.0 220.0 0.01 54.6
30.0 220.0 0.01 55.5
35.0 220.0 0.00 56.4
40.0 220.0 0.01 57.3
45.0 220.0 0.03 58.2
50.0 220.0 0.05 59.1
55.0 220.0 0.07 59.8
60.0 220.0 0.10 60.2
65.0 220.0 0.14 60.2
70.0 220.0 0.19 59.7
75.0 220.0 0.25 58.3
80.0 220.0 0.33 55.6
85.0 220.0 0.44 50.4
90.0 220.0 0.00 0.0
0.0 230.0 0.01 42.2
5.0 230.0 0.01 42.4
10.0 230.0 0.01 42.8
15.0 230.0 0.02 43.3
20.0 230.0 0.02 44.0
25.0 230.0 0.02 44.9
30.0 230.0 0.02 45.8
35.0 230.0 0.01 46.9
40.0 230.0 0.00 47.9
45.0 230.0 0.02 49.0
50.0 230.0 0.04 49.9
55.0 230.0 0.07 50.7
60.0 230.0 0.10 51.1
65.0 230.0 0.14 50.9
70.0 230.0 0.19 50.0
75.0 230.0 0.25 48.0
80.0 230.0 0.33 44.0
85.0 230.0 0.40 37.1
90.0 230.0 0.00 0.0
0.0 240.0 0.01 32.2
5.0 240.0 0.01 32.4
10.0 240.0 0.02 32.8
15.0 240.0 0.03 33.3
20.0 240.0 0.03 34.0
25.0 240.0 0.03 34.9
30.0 240.0 0.03 35.9
35.0 240.0 0.03 37.0
40.0 240.0 0.02 38.1
45.0 240.0 0.01 39.3
50.0 240.0 0.01 40.3
55.0 240.0 0.04 41.1
60.0 240.0 0.07 41.5
65.0 240.0 0.12 41.3
70.0 240.0 0.16 40.2
75.0 240.0 0.22 37.9
80.0 240.0 0.27 33.7
85.0 240.0 0.32 27.2
90.0 240.0 0.00 0.0
0.0 250.0 0.01 22.2
5.0 250.0 0.01 22.4
10.0 250.0 0.02 22.8
15.0 250.0 0.03 23.2
20.0 250.0 0.04 23.9
25.0 250.0 0.05 24.7
30.0 250.0 0.05 25.6
35.0 250.0 0.05 26.7
40.0 250.0 0.05 27.8
45.0 250.0 0.04 29.0
50.0 250.0 0.03 30.2
55.0 250.0 0.01 31.1
60.0 250.0 0.02 31.7
65.0 250.0 0.06 31.7
70.0 250.0 0.10 30.8
75.0 250.0 0.14 28.8
80.0 250.0 0.18 25.3
85.0 250.0 0.22 20.3
90.0 250.0 0.00 0.0
0.0 260.0 0.01 12.2
5.0 260.0 0.01 12.4
10.0 260.0 0.02 12.7
15.0 260.0 0.04 13.1
20.0 260.0 0.05 13.6
25.0 260.0 0.06 14.2
30.0 260.0 0.07 15.0
35.0 260.0 0.08 16.0
40.0 260.0 0.08 17.1
45.0 260.0 0.08 18.3
50.0 260.0 0.08 19.5
55.0 260.0 0.07 20.7
60.0 260.0 0.05 21.6
65.0 260.0 0.03 22.0
70.0 260.0 0.00 21.8
75.0 260.0 0.04 20.6
80.0 260.0 0.07 18.4
85.0 260.0 0.11 15.1
90.0 260.0 0.00 0.0
0.0 270.0 0.01 2.2
5.0 270.0 0.01 2.4
10.0 270.0 0.02 2.6
15.0 270.0 0.04 2.8
20.0 270.0 0.06 3.2
25.0 270.0 0.07 3.6
30.0 270.0 0.09 4.2
35.0 270.0 0.10 4.9
40.0 270.0 0.12 5.8
45.0 270.0 0.13 6.9
50.0 270.0 0.14 8.2
55.0 270.0 0.15 9.6
60.0 270.0 0.14 11.0
65.0 270.0 0.13 12.2
70.0 270.0 0.11 12.9
75.0 270.0 0.08 13.1
80.0 270.0 0.05 12.3
85.0 270.0 0.01 10.8
90.0 270.0 0.00 0.0
0.0 280.0 0.01 -7.8
5.0 280.0 0.01 -7.6
10.0 280.0 0.03 -7.5
15.0 280.0 0.04 -7.4
20.0 280.0 0.06 -7.3
25.0 280.0 0.08 -7.1
30.0 280.0 0.10 -6.8
35.0 280.0 0.13 -6.5
40.0 280.0 0.15 -5.9
45.0 280.0 0.18 -5.1
50.0 280.0 0.20 -4.0
55.0 280.0 0.22 -2.5
60.0 280.0 0.24 -0.6
65.0 280.0 0.24 1.4
70.0 280.0 0.23 3.5
75.0 280.0 0.21 5.2
80.0 280.0 0.18 6.4
85.0 280.0 0.13 6.8
90.0 280.0 0.00 0.0
0.0 290.0 0.01 -17.8
5.0 290.0 0.01 -17.7
10.0 290.0 0.03 -17.6
15.0 290.0 0.04 -17.7
20.0 290.0 0.06 -17.8
25.0 290.0 0.09 -17.9
30.0 290.0 0.11 -17.9
35.0 290.0 0.14 -17.9
40.0 290.0 0.17 -17.8
45.0 290.0 0.21 -17.5
50.0 290.0 0.24 -16.8
55.0 290.0 0.28 -15.6
60.0 290.0 0.32 -13.8
65.0 290.0 0.35 -11.1
70.0 290.0 0.36 -7.7
75.0 290.0 0.35 -3.9
80.0 290.0 0.32 -0.3
85.0 290.0 0.27 2.6
90.0 290.0 0.00 0.0
0.0 300.0 0.01 -27.8
5.0 300.0 0.01 -27.7
10.0 300.0 0.02 -27.8
15.0 300.0 0.04 -27.9
20.0 300.0 0.06 -28.2
25.0 300.0 0.09 -28.5
30.0 300.0 0.11 -28.9
35.0 300.0 0.14 -29.3
40.0 300.0 0.18 -29.6
45.0 300.0 0.22 -29.8
50.0 300.0 0.26 -29.8
55.0 300.0 0.31 -29.4
60.0 300.0 0.36 -28.3
65.0 300.0 0.41 -26.1
70.0 300.0 0.46 -22.2
75.0 300.0 0.48 -16.5
80.0 300.0 0.47 -9.5
85.0 300.0 0.42 -2.8
90.0 300.0 0.00 0.0
0.0 310.0 0.01 -37.8
5.0 310.0 0.01 -37.7
10.0 310.0 0.02 -37.8
15.0 310.0 0.04 -38.1
20.0 310.0 0.06 -38.5
25.0 310.0 0.08 -39.0
30.0 310.0 0.11 -39.6
35.0 310.0 0.14 -40.2
40.0 310.0 0.17 -41.0
45.0 310.0 0.21 -41.7
50.0 310.0 0.25 -42.3
55.0 310.0 0.30 -42.7
60.0 310.0 0.35 -42.6
65.0 310.0 0.42 -41.8
70.0 310.0 0.48 -39.5
75.0 310.0 0.55 -34.4
80.0 310.0 0.60 -24.9
85.0 310.0 0.58 -11.8
90.0 310.0 0.00 0.0
0.0 320.0 0.01 -47.8
5.0 320.0 0.00 -47.8
10.0 320.0 0.02 -47.9
15.0 320.0 0.03 -48.2
20.0 320.0 0.05 -48.6
25.0 320.0 0.07 -49.2
30.0 320.0 0.09 -49.9
35.0 320.0 0.12 -50.7
40.0 320.0 0.15 -51.6
45.0 320.0 0.18 -52.6
50.0 320.0 0.21 -53.5
55.0 320.0 0.26 -54.4
60.0 320.0 0.30 -55.1
65.0 320.0 0.36 -55.4
70.0 320.0 0.43 -55.0
75.0 320.0 0.51 -53.1
80.0 320.0 0.62 -47.9
85.0 320.0 0.72 -33.4
90.0 320.0 0.00 0.0
0.0 330.0 0.01 -57.8
5.0 330.0 0.00 -57.8
10.0 330.0 0.01 -57.9
15.0 330.0 0.02 -58.2
20.0 330.0 0.04 -58.6
25.0 330.0 0.05 -59.2
30.0 330.0 0.07 -59.9
35.0 330.0 0.09 -60.6
40.0 330.0 0.11 -61.5
45.0 330.0 0.14 -62.5
50.0 330.0 0.17 -63.4
55.0 330.0 0.20 -64.4
60.0 330.0 0.23 -65.3
65.0 330.0 0.28 -66.0
70.0 330.0 0.33 -66.5
75.0 330.0 0.40 -66.5
80.0 330.0 0.50 -65.7
85.0 330.0 0.64 -63.2
90.0 330.0 0.00 0.0
0.0 340.0 0.01 -67.8
5.0 340.0 0.00 -67.8
10.0 340.0 0.01 -67.9
15.0 340.0 0.01 -68.1
20.0 340.0 0.02 -68.5
25.0 340.0 0.04 -68.9
30.0 340.0 0.05 -69.4
35.0 340.0 0.06 -70.0
40.0 340.0 0.08 -70.7
45.0 340.0 0.09 -71.5
50.0 340.0 0.11 -72.2
55.0 340.0 0.13 -73.0
60.0 340.0 0.16 -73.8
65.0 340.0 0.19 -74.4
70.0 340.0 0.22 -75.0
75.0 340.0 0.27 -75.4
80.0 340.0 0.34 -75.8
85.0 340.0 0.44 -76.4
90.0 340.0 0.00 0.0
0.0 350.0 0.01 -77.8
5.0 350.0 0.00 -77.8
10.0 350.0 0.00 -77.8
15.0 350.0 0.00 -78.0
20.0 350.0 0.01 -78.2
25.0 350.0 0.01 -78.4
30.0 350.0 0.02 -78.7
35.0 350.0 0.03 -79.1
40.0 350.0 0.04 -79.5
45.0 350.0 0.04 -79.9
50.0 350.0 0.05 -80.3
55.0 350.0 0.06 -80.8
60.0 350.0 0.08 -81.2
65.0 350.0 0.09 -81.5
70.0 350.0 0.11 -81.9
75.0 350.0 0.13 -82.1
80.0 350.0 0.17 -82.3
85.0 350.0 0.22 -82.8
90.0 350.0 0.00 0.0
0.0 360.0 0.01 -87.8
5.0 360.0 0.01 -87.8
10.0 360.0 0.01 -87.8
15.0 360.0 0.01 -87.8
20.0 360.0 0.01 -87.8
25.0 360.0 0.01 -87.9
30.0 360.0 0.01 -87.9
35.0 360.0 0.01 -87.9
40.0 360.0 0.01 -88.0
45.0 360.0 0.01 -88.0
50.0 360.0 0.01 -88.0
55.0 360.0 0.00 -88.0
60.0 360.0 0.00 -88.0
65.0 360.0 0.00 -88.0
70.0 360.0 0.00 -88.0
75.0 360.0 0.00 -87.8
80.0 360.0 0.01 -87.6
85.0 360.0 0.01 -87.3
90.0 360.0 0.00 0.0
0.0 370.0 0.01 82.2
5.0 370.0 0.01 82.2
10.0 370.0 0.01 82.3
15.0 370.0 0.02 82.4
20.0 370.0 0.02 82.5
25.0 370.0 0.03 82.7
30.0 370.0 0.04 83.0
35.0 370.0 0.04 83.3
40.0 370.0 0.05 83.6
45.0 370.0 0.06 84.0
50.0 370.0 0.06 84.3
55.0 370.0 0.07 84.7
60.0 370.0 0.08 85.2
65.0 370.0 0.10 85.6
70.0 370.0 0.11 86.1
75.0 370.0 0.13 86.6
80.0 370.0 0.16 87.4
85.0 370.0 0.19 88.7
90.0 370.0 0.00 0.0
0.0 380.0 0.01 72.2
5.0 380.0 0.01 72.2
10.0 380.0 0.02 72.3
15.0 380.0 0.03 72.5
20.0 380.0 0.04 72.8
25.0 380.0 0.05 73.2
30.0 380.0 0.06 73.8
35.0 380.0 0.08 74.3
40.0 380.0 0.09 75.0
45.0 380.0 0.11 75.7
50.0 380.0 0.12 76.4
55.0 380.0 0.14 77.2
60.0 380.0 0.16 78.0
65.0 380.0 0.19 78.8
70.0 380.0 0.22 79.6
75.0 380.0 0.27 80.5
80.0 380.0 0.33 81.6
85.0 380.0 0.41 83.8
90.0 380.0 0.00 0.0
0.0 390.0 0.01 62.2
5.0 390.0 0.02 62.2
10.0 390.0 0.03 62.4
15.0 390.0 0.04 62.6
20.0 390.0 0.05 63.1
25.0 390.0 0.07 63.6
30.0 390.0 0.09 64.3
35.0 390.0 0.11 65.1
40.0 390.0 0.13 66.0
45.0 390.0 0.15 66.9
50.0 390.0 0.18 67.9
55.0 390.0 0.21 69.0
60.0 390.0 0.24 70.0
65.0 390.0 0.29 71.0
70.0 390.0 0.34 71.9
75.0 390.0 0.40 72.6
80.0 390.0 0.50 73.4
85.0 390.0 0.64 75.0
90.0 390.0 0.00 0.0
0.0 400.0 0.01 52.2
5.0 400.0 0.02 52.2
10.0 400.0 0.03 52.4
15.0 400.0 0.05 52.7
20.0 400.0 0.07 53.1
25.0 400.0 0.09 53.7
30.0 400.0 0.11 54.5
35.0 400.0 0.13 55.4
40.0 400.0 0.16 56.3
45.0 400.0 0.20 57.4
50.0 400.0 0.23 58.5
55.0 400.0 0.27 59.5
60.0 400.0 0.32 60.5
65.0 400.0 0.38 61.2
70.0 400.0 0.45 61.5
75.0 400.0 0.53 60.9
80.0 400.0 0.65 58.0
85.0 400.0 0.81 45.4
90.0 400.0 0.00 0.0
0.0 410.0 0.01 42.2
5.0 410.0 0.02 42.2
10.0 410.0 0.04 42.3
15.0 410.0 0.05 42.6
20.0 410.0 0.07 43.0
25.0 410.0 0.10 43.6
30.0 410.0 0.12 44.3
35.0 410.0 0.15 45.1
40.0 410.0 0.19 46.0
45.0 410.0 0.23 46.8
50.0 410.0 0.27 47.7
55.0 410.0 0.32 48.4
60.0 410.0 0.38 48.7
65.0 410.0 0.45 48.4
70.0 410.0 0.52 46.8
75.0 410.0 0.61 42.2
80.0 410.0 0.68 31.4
85.0 410.0 0.68 12.7
90.0 410.0 0.00 0.0
0.0 420.0 0.01 32.2
5.0 420.0 0.02 32.2
10.0 420.0 0.04 32.3
15.0 420.0 0.06 32.5
20.0 420.0 0.08 32.8
25.0 420.0 0.10 33.2
30.0 420.0 0.13 33.8
35.0 420.0 0.17 34.3
40.0 420.0 0.20 34.8
45.0 420.0 0.24 35.3
50.0 420.0 0.29 35.6
55.0 420.0 0.34 35.5
60.0 420.0 0.40 34.7
65.0 420.0 0.46 32.7
70.0 420.0 0.52 28.7
75.0 420.0 0.56 21.8
80.0 420.0 0.56 12.3
85.0 420.0 0.50 3.2
90.0 420.0 0.00 0.0
0.0 430.0 0.01 22.2
5.0 430.0 0.02 22.1
10.0 430.0 0.04 22.2
15.0 430.0 0.06 22.3
20.0 430.0 0.08 22.4
25.0 430.0 0.10 22.7
30.0 430.0 0.13 22.9
35.0 430.0 0.16 23.1
40.0 430.0 0.20 23.2
45.0 430.0 0.24 23.1
50.0 430.0 0.28 22.6
55.0 430.0 0.33 21.7
60.0 430.0 0.37 19.9
65.0 430.0 0.41 17.0
70.0 430.0 0.44 12.8
75.0 430.0 0.44 7.7
80.0 430.0 0.40 2.5
85.0 430.0 0.34 -1.7
90.0 430.0 0.00 0.0
0.0 440.0 0.01 12.2
5.0 440.0 0.02 12.1
10.0 440.0 0.04 12.1
15.0 440.0 0.06 12.0
20.0 440.0 0.08 12.0
25.0 440.0 0.10 12.0
30.0 440.0 0.12 11.9
35.0 440.0 0.15 11.7
40.0 440.0 0.18 11.3
45.0 440.0 0.21 10.7
50.0 440.0 0.24 9.7
55.0 440.0 0.27 8.3
60.0 440.0 0.30 6.3
65.0 440.0 0.31 3.8
70.0 440.0 0.31 0.9
75.0 440.0 0.29 -1.8
80.0 440.0 0.26 -4.0
85.0 440.0 0.20 -5.4
90.0 440.0 0.00 0.0
0.0 450.0 0.01 2.2
5.0 450.0 0.02 2.1
10.0 450.0 0.04 1.9
15.0 450.0 0.05 1.8
20.0 450.0 0.07 1.6
25.0 450.0 0.09 1.3
30.0 450.0 0.11 0.9
35.0 450.0 0.13 0.3
40.0 450.0 0.15 -0.4
45.0 450.0 0.17 -1.3
50.0 450.0 0.18 -2.5
55.0 450.0 0.20 -4.0
60.0 450.0 0.20 -5.5
65.0 450.0 0.20 -7.1
70.0 450.0 0.18 -8.4
75.0 450.0 0.15 -9.3
80.0 450.0 0.12 -9.4
85.0 450.0 0.08 -8.9
90.0 450.0 0.00 0.0
0.0 460.0 0.01 -7.8
5.0 460.0 0.02 -7.9
10.0 460.0 0.04 -8.2
15.0 460.0 0.05 -8.5
20.0 460.0 0.06 -8.9
25.0 460.0 0.08 -9.4
30.0 460.0 0.09 -10.0
35.0 460.0 0.10 -10.8
40.0 460.0 0.11 -11.7
45.0 460.0 0.12 -12.8
50.0 460.0 0.12 -14.0
55.0 460.0 0.11 -15.1
60.0 460.0 0.10 -16.1
65.0 460.0 0.08 -16.8
70.0 460.0 0.06 -16.9
75.0 460.0 0.03 -16.3
80.0 460.0 0.01 -14.8
85.0 460.0 0.04 -12.5
90.0 460.0 0.00 0.0
0.0 470.0 0.01 -17.8
5.0 470.0 0.02 -17.9
10.0 470.0 0.03 -18.2
15.0 470.0 0.04 -18.7
20.0 470.0 0.05 -19.2
25.0 470.0 0.06 -19.9
30.0 470.0 0.07 -20.7
35.0 470.0 0.07 -21.6
40.0 470.0 0.07 -22.6
45.0 470.0 0.07 -23.7
50.0 470.0 0.06 -24.8
55.0 470.0 0.04 -25.6
60.0 470.0 0.02 -26.2
65.0 470.0 0.01 -26.2
70.0 470.0 0.05 -25.4
75.0 470.0 0.09 -23.7
80.0 470.0 0.12 -20.8
85.0 470.0 0.15 -16.8
90.0 470.0 0.00 0.0
0.0 480.0 0.01 -27.8
5.0 480.0 0.02 -28.0
10.0 480.0 0.03 -28.3
15.0 480.0 0.04 -28.8
20.0 480.0 0.04 -29.4
25.0 480.0 0.05 -30.2
30.0 480.0 0.05 -31.1
35.0 480.0 0.04 -32.0
40.0 480.0 0.04 -33.1
45.0 480.0 0.02 -34.1
50.0 480.0 0.00 -35.0
55.0 480.0 0.02 -35.7
60.0 480.0 0.05 -36.0
65.0 480.0 0.09 -35.6
70.0 480.0 0.13 -34.4
75.0 480.0 0.18 -32.0
80.0 480.0 0.22 -28.1
85.0 480.0 0.26 -22.4
90.0 480.0 0.00 0.0
0.0 490.0 0.01 -37.8
5.0 490.0 0.02 -38.0
10.0 490.0 0.02 -38.3
15.0 490.0 0.03 -38.8
20.0 490.0 0.03 -39.5
25.0 490.0 0.03 -40.2
30.0 490.0 0.03 -41.1
35.0 490.0 0.02 -42.1
40.0 490.0 0.01 -43.1
45.0 490.0 0.01 -44.1
50.0 490.0 0.03 -44.9
55.0 490.0 0.06 -45.5
60.0 490.0 0.09 -45.7
65.0 490.0 0.14 -45.3
70.0 490.0 0.18 -44.1
75.0 490.0 0.24 -41.6
80.0 490.0 0.30 -37.2
85.0 490.0 0.36 -30.3
90.0 490.0 0.00 0.0
0.0 500.0 0.01 -47.8
5.0 500.0 0.01 -47.9
10.0 500.0 0.02 -48.3
15.0 500.0 0.02 -48.7
20.0 500.0 0.02 -49.4
25.0 500.0 0.02 -50.1
30.0 500.0 0.02 -50.9
35.0 500.0 0.01 -51.8
40.0 500.0 0.01 -52.7
45.0 500.0 0.02 -53.6
50.0 500.0 0.05 -54.3
55.0 500.0 0.08 -54.9
60.0 500.0 0.11 -55.1
65.0 500.0 0.15 -54.9
70.0 500.0 0.20 -54.0
75.0 500.0 0.26 -52.0
80.0 500.0 0.34 -48.3
85.0 500.0 0.43 -41.6
90.0 500.0 0.00 0.0
0.0 510.0 0.01 -57.8
5.0 510.0 0.01 -57.9
10.0 510.0 0.02 -58.2
15.0 510.0 0.02 -58.6
20.0 510.0 0.02 -59.1
25.0 510.0 0.01 -59.7
30.0 510.0 0.01 -60.4
35.0 510.0 0.00 -61.2
40.0 510.0 0.01 -61.9
45.0 510.0 0.03 -62.6
50.0 510.0 0.05 -63.3
55.0 510.0 0.07 -63.8
60.0 510.0 0.10 -64.1
65.0 510.0 0.14 -64.0
70.0 510.0 0.18 -63.6
75.0 510.0 0.24 -62.4
80.0 510.0 0.32 -60.1
85.0 510.0 0.43 -55.9
90.0 510.0 0.00 0.0
0.0 520.0 0.01 -67.8
5.0 520.0 0.01 -67.9
10.0 520.0 0.01 -68.1
15.0 520.0 0.01 -68.4
20.0 520.0 0.01 -68.8
25.0 520.0 0.01 -69.2
30.0 520.0 0.00 -69.7
35.0 520.0 0.01 -70.2
40.0 520.0 0.02 -70.8
45.0 520.0 0.03 -71.3
50.0 520.0 0.04 -71.8
55.0 520.0 0.06 -72.2
60.0 520.0 0.08 -72.5
65.0 520.0 0.11 -72.6
70.0 520.0 0.14 -72.4
75.0 520.0 0.19 -71.8
80.0 520.0 0.25 -70.8
85.0 520.0 0.35 -69.2
90.0 520.0 0.00 0.0
0.0 530.0 0.01 -77.8
5.0 530.0 0.01 -77.8
10.0 530.0 0.01 -77.9
15.0 530.0 0.01 -78.1
20.0 530.0 0.01 -78.3
25.0 530.0 0.00 -78.6
30.0 530.0 0.00 -78.8
35.0 530.0 0.00 -79.1
40.0 530.0 0.01 -79.4
45.0 530.0 0.02 -79.7
50.0 530.0 0.03 -80.0
55.0 530.0 0.04 -80.2
60.0 530.0 0.05 -80.4
65.0 530.0 0.07 -80.5
70.0 530.0 0.09 -80.4
75.0 530.0 0.11 -80.2
80.0 530.0 0.15 -79.9
85.0 530.0 0.21 -79.5
90.0 530.0 0.00 0.0
0.0 540.0 0.01 -87.8
5.0 540.0 0.01 -87.8
10.0 540.0 0.00 -87.8
15.0 540.0 0.00 -87.8
20.0 540.0 0.00 -87.8
25.0 540.0 0.00 -87.8
30.0 540.0 0.00 -87.9
35.0 540.0 0.00 -87.9
40.0 540.0 0.00 -87.9
45.0 540.0 0.01 -88.0
50.0 540.0 0.01 -88.0
55.0 540.0 0.01 -88.0
60.0 540.0 0.01 -88.0
65.0 540.0 0.02 -88.0
70.0 540.0 0.02 -88.0
75.0 540.0 0.03 -87.9
80.0 540.0 0.03 -87.8
85.0 540.0 0.05 -87.8
90.0 540.0 0.00 0.0
0.0 550.0 0.01 82.2
5.0 550.0 0.00 82.3
10.0 550.0 0.00 82.4
15.0 550.0 0.00 82.5
20.0 550.0 0.00 82.7
25.0 550.0 0.00 82.9
30.0 550.0 0.00 83.1
35.0 550.0 0.00 83.4
40.0 550.0 0.00 83.6
45.0 550.0 0.01 83.9
50.0 550.0 0.01 84.1
55.0 550.0 0.02 84.3
60.0 550.0 0.03 84.5
65.0 550.0 0.04 84.6
70.0 550.0 0.05 84.7
75.0 550.0 0.06 84.6
80.0 550.0 0.08 84.5
85.0 550.0 0.11 84.5
90.0 550.0 0.00 0.0
0.0 560.0 0.01 72.2
5.0 560.0 0.00 72.3
10.0 560.0 0.00 72.5
15.0 560.0 0.00 72.8
20.0 560.0 0.01 73.2
25.0 560.0 0.00 73.6
30.0 560.0 0.00 74.1
35.0 560.0 0.00 74.6
40.0 560.0 0.01 75.1
45.0 560.0 0.02 75.6
50.0 560.0 0.03 76.1
55.0 560.0 0.05 76.5
60.0 560.0 0.06 76.8
65.0 560.0 0.08 77.0
70.0 560.0 0.11 77.0
75.0 560.0 0.14 76.8
80.0 560.0 0.19 76.3
85.0 560.0 0.27 75.6
90.0 560.0 0.00 0.0
0.0 570.0 0.01 62.2
5.0 570.0 0.00 62.4
10.0 570.0 0.01 62.7
15.0 570.0 0.01 63.1
20.0 570.0 0.01 63.6
25.0 570.0 0.01 64.2
30.0 570.0 0.00 64.9
35.0 570.0 0.00 65.6
40.0 570.0 0.01 66.4
45.0 570.0 0.03 67.1
50.0 570.0 0.04 67.8
55.0 570.0 0.06 68.3
60.0 570.0 0.09 68.7
65.0 570.0 0.12 68.9
70.0 570.0 0.16 68.7
75.0 570.0 0.21 68.0
80.0 570.0 0.28 66.7
85.0 570.0 0.38 64.3
90.0 570.0 0.00 0.0
0.0 580.0 0.01 52.2
5.0 580.0 0.00 52.4
10.0 580.0 0.01 52.8
15.0 580.0 0.01 53.2
20.0 580.0 0.02 53.9
25.0 580.0 0.01 54.6
30.0 580.0 0.01 55.5
35.0 580.0 0.00 56.4
40.0 580.0 0.01 57.3
45.0 580.0 0.03 58.2
50.0 580.0 0.05 59.1
55.0 580.0 0.07 59.8
60.0 580.0 0.10 60.2
65.0 580.0 0.14 60.2
70.0 580.0 0.19 59.7
75.0 580.0 0.25 58.3
80.0 580.0 0.33 55.6
85.0 580.0 0.44 50.4
90.0 580.0 0.00 0.0
0.0 590.0 0.01 42.2
5.0 590.0 0.01 42.4
10.0 590.0 0.01 42.8
15.0 590.0 0.02 43.3
20.0 590.0 0.02 44.0
25.0 590.0 0.02 44.9
30.0 590.0 0.02 45.8
35.0 590.0 0.01 46.9
40.0 590.0 0.00 47.9
45.0 590.0 0.02 49.0
50.0 590.0 0.04 49.9
55.0 590.0 0.07 50.7
60.0 590.0 0.10 51.1
65.0 590.0 0.14 50.9
70.0 590.0 0.19 50.0
75.0 590.0 0.25 48.0
80.0 590.0 0.33 44.0
85.0 590.0 0.40 37.1
90.0 590.0 0.00 0.0
0.0 600.0 0.01 32.2
5.0 600.0 0.01 32.4
10.0 600.0 0.02 32.8
15.0 600.0 0.03 33.3
20.0 600.0 0.03 34.0
25.0 600.0 0.03 34.9
30.0 600.0 0.03 35.9
35.0 600.0 0.03 37.0
40.0 600.0 0.02 38.1
45.0 600.0 0.01 39.3
50.0 600.0 0.01 40.3
55.0 600.0 0.04 41.1
60.0 600.0 0.07 41.5
65.0 600.0 0.12 41.3
70.0 600.0 0.16 40.2
75.0 600.0 0.22 37.9
80.0 600.0 0.27 33.7
85.0 600.0 0.32 27.2
90.0 600.0 0.00 0.0
0.0 610.0 0.01 22.2
5.0 610.0 0.01 22.4
10.0 610.0 0.02 22.8
15.0 610.0 0.03 23.2
20.0 610.0 0.04 23.9
25.0 610.0 0.05 24.7
30.0 610.0 0.05 25.6
35.0 610.0 0.05 26.7
40.0 610.0 0.05 27.8
45.0 610.0 0.04 29.0
50.0 610.0 0.03 30.2
55.0 610.0 0.01 31.1
60.0 610.0 0.02 31.7
65.0 610.0 0.06 31.7
70.0 610.0 0.10 30.8
75.0 610.0 0.14 28.8
80.0 610.0 0.18 25.3
85.0 610.0 0.22 20.3
90.0 610.0 0.00 0.0
0.0 620.0 0.01 12.2
5.0 620.0 0.01 12.4
10.0 620.0 0.02 12.7
15.0 620.0 0.04 13.1
20.0 620.0 0.05 13.6
25.0 620.0 0.06 14.2
30.0 620.0 0.07 15.0
35.0 620.0 0.08 16.0
40.0 620.0 0.08 17.1
45.0 620.0 0.08 18.3
50.0 620.0 0.08 19.5
55.0 620.0 0.07 20.7
60.0 620.0 0.05 21.6
65.0 620.0 0.03 22.0
70.0 620.0 0.00 21.8
75.0 620.0 0.04 20.6
80.0 620.0 0.07 18.4
85.0 620.0 0.11 15.1
90.0 620.0 0.00 0.0
0.0 630.0 0.01 2.2
5.0 630.0 0.01 2.4
10.0 630.0 0.02 2.6
15.0 630.0 0.04 2.8
20.0 630.0 0.06 3.2
25.0 630.0 0.07 3.6
30.0 630.0 0.09 4.2
35.0 630.0 0.10 4.9
40.0 630.0 0.12 5.8
45.0 630.0 0.13 6.9
50.0 630.0 0.14 8.2
55.0 630.0 0.15 9.6
60.0 630.0 0.14 11.0
65.0 630.0 0.13 12.2
70.0 630.0 0.11 12.9
75.0 630.0 0.08 13.1
80.0 630.0 0.05 12.3
85.0 630.0 0.01 10.8
90.0 630.0 0.00 0.0
0.0 640.0 0.01 -7.8
5.0 640.0 0.01 -7.6
10.0 640.0 0.03 -7.5
15.0 640.0 0.04 -7.4
20.0 640.0 0.06 -7.3
25.0 640.0 0.08 -7.1
30.0 640.0 0.10 -6.8
35.0 640.0 0.13 -6.5
40.0 640.0 0.15 -5.9
45.0 640.0 0.18 -5.1
50.0 640.0 0.20 -4.0
55.0 640.0 0.22 -2.5
60.0 640.0 0.24 -0.6
65.0 640.0 0.24 1.4
70.0 640.0 0.23 3.5
75.0 640.0 0.21 5.2
80.0 640.0 0.18 6.4
85.0 640.0 0.13 6.8
90.0 640.0 0.00 0.0
0.0 650.0 0.01 -17.8
5.0 650.0 0.01 -17.7
10.0 650.0 0.03 -17.6
15.0 650.0 0.04 -17.7
20.0 650.0 0.06 -17.8
25.0 650.0 0.09 -17.9
30.0 650.0 0.11 -17.9
35.0 650.0 0.14 -17.9
40.0 650.0 0.17 -17.8
45.0 650.0 0.21 -17.5
50.0 650.0 0.24 -16.8
55.0 650.0 0.28 -15.6
60.0 650.0 0.32 -13.8
65.0 650.0 0.35 -11.1
70.0 650.0 0.36 -7.7
75.0 650.0 0.35 -3.9
80.0 650.0 0.32 -0.3
85.0 650.0 0.27 2.6
90.0 650.0 0.00 0.0
0.0 660.0 0.01 -27.8
5.0 660.0 0.01 -27.7
10.0 660.0 0.02 -27.8
15.0 660.0 0.04 -27.9
20.0 660.0 0.06 -28.2
25.0 660.0 0.09 -28.5
30.0 660.0 0.11 -28.9
35.0 660.0 0.14 -29.3
40.0 660.0 0.18 -29.6
45.0 660.0 0.22 -29.8
50.0 660.0 0.26 -29.8
55.0 660.0 0.31 -29.4
60.0 660.0 0.36 -28.3
65.0 660.0 0.41 -26.1
70.0 660.0 0.46 -22.2
75.0 660.0 0.48 -16.5
80.0 660.0 0.47 -9.5
85.0 660.0 0.42 -2.8
90.0 660.0 0.00 0.0
0.0 670.0 0.01 -37.8
5.0 670.0 0.01 -37.7
10.0 670.0 0.02 -37.8
15.0 670.0 0.04 -38.1
20.0 670.0 0.06 -38.5
25.0 670.0 0.08 -39.0
30.0 670.0 0.11 -39.6
35.0 670.0 0.14 -40.2
40.0 670.0 0.17 -41.0
45.0 670.0 0.21 -41.7
50.0 670.0 0.25 -42.3
55.0 670.0 0.30 -42.7
60.0 670.0 0.35 -42.6
65.0 670.0 0.42 -41.8
70.0 670.0 0.48 -39.5
75.0 670.0 0.55 -34.4
80.0 670.0 0.60 -24.9
85.0 670.0 0.58 -11.8
90.0 670.0 0.00 0.0
0.0 680.0 0.01 -47.8
5.0 680.0 0.00 -47.8
10.0 680.0 0.02 -47.9
15.0 680.0 0.03 -48.2
20.0 680.0 0.05 -48.6
25.0 680.0 0.07 -49.2
30.0 680.0 0.09 -49.9
35.0 680.0 0.12 -50.7
40.0 680.0 0.15 -51.6
45.0 680.0 0.18 -52.6
50.0 680.0 0.21 -53.5
55.0 680.0 0.26 -54.4
60.0 680.0 0.30 -55.1
65.0 680.0 0.36 -55.4
70.0 680.0 0.43 -55.0
75.0 680.0 0.51 -53.1
80.0 680.0 0.62 -47.9
85.0 680.0 0.72 -33.4
90.0 680.0 0.00 0.0
0.0 690.0 0.01 -57.8
5.0 690.0 0.00 -57.8
10.0 690.0 0.01 -57.9
15.0 690.0 0.02 -58.2
20.0 690.0 0.04 -58.6
25.0 690.0 0.05 -59.2
30.0 690.0 0.07 -59.9
35.0 690.0 0.09 -60.6
40.0 690.0 0.11 -61.5
45.0 690.0 0.14 -62.5
50.0 690.0 0.17 -63.4
55.0 690.0 0.20 -64.4
60.0 690.0 0.23 -65.3
65.0 690.0 0.28 -66.0
70.0 690.0 0.33 -66.5
75.0 690.0 0.40 -66.5
80.0 690.0 0.50 -65.7
85.0 690.0 0.64 -63.2
90.0 690.0 0.00 0.0
0.0 700.0 0.01 -67.8
5.0 700.0 0.00 -67.8
10.0 700.0 0.01 -67.9
15.0 700.0 0.01 -68.1
20.0 700.0 0.02 -68.5
25.0 700.0 0.04 -68.9
30.0 700.0 0.05 -69.4
35.0 700.0 0.06 -70.0
40.0 700.0 0.08 -70.7
45.0 700.0 0.09 -71.5
50.0 700.0 0.11 -72.2
55.0 700.0 0.13 -73.0
60.0 700.0 0.16 -73.8
65.0 700.0 0.19 -74.4
70.0 700.0 0.22 -75.0
75.0 700.0 0.27 -75.4
80.0 700.0 0.34 -75.8
85.0 700.0 0.44 -76.4
90.0 700.0 0.00 0.0
0.0 710.0 0.01 -77.8
5.0 710.0 0.00 -77.8
10.0 710.0 0.00 -77.8
15.0 710.0 0.00 -78.0
20.0 710.0 0.01 -78.2
25.0 710.0 0.01 -78.4
30.0 710.0 0.02 -78.7
35.0 710.0 0.03 -79.1
40.0 710.0 0.04 -79.5
45.0 710.0 0.04 -79.9
50.0 710.0 0.05 -80.3
55.0 710.0 0.06 -80.8
60.0 710.0 0.08 -81.2
65.0 710.0 0.09 -81.5
70.0 710.0 0.11 -81.9
75.0 710.0 0.13 -82.1
80.0 710.0 0.17 -82.3
85.0 710.0 0.22 -82.8
90.0 710.0 0.00 0.0
0.0 720.0 0.01 -87.8
5.0 720.0 0.01 -87.8
10.0 720.0 0.01 -87.8
15.0 720.0 0.01 -87.8
20.0 720.0 0.01 -87.8
25.0 720.0 0.01 -87.9
30.0 720.0 0.01 -87.9
35.0 720.0 0.01 -87.9
40.0 720.0 0.01 -88.0
45.0 720.0 0.01 -88.0
50.0 720.0 0.01 -88.0
55.0 720.0 0.00 -88.0
60.0 720.0 0.00 -88.0
65.0 720.0 0.00 -88.0
70.0 720.0 0.00 -88.0
75.0 720.0 0.00 -87.8
80.0 720.0 0.01 -87.6
85.0 720.0 0.01 -87.3
90.0 720.0 0.00 0.0
