    0.00      0.00    -34.35  -173.73   -34.35      0.0000     -0.00 LINEAR  6.7381E-03     59.68  7.2379E-10   -126.59
    5.00      0.00    -32.89   -20.01   -19.79      0.1772    -81.92 RIGHT   7.9756E-03      5.98  3.5138E-02   -121.28
   10.00      0.00    -22.62   -14.46   -13.85      0.3909     89.16 RIGHT   2.6023E-02    -38.71  6.6532E-02   -126.90
   15.00      0.00    -15.10   -12.07   -10.31      0.6800     78.02 RIGHT   6.1833E-02    -53.12  8.7704E-02   -134.00
   20.00      0.00     -9.92   -12.04    -7.84      0.7343     18.46 RIGHT   1.1229E-01    -61.58  8.7978E-02   -140.90
   25.00      0.00     -6.41   -15.76    -5.93      0.3331      4.07 RIGHT   1.6826E-01    -67.56  5.7291E-02   -146.86
   30.00      0.00     -4.34   -39.72    -4.34      0.0168     -0.17 LEFT    2.1334E-01    -72.12  3.6338E-03     28.17
   35.00      0.00     -3.68   -13.20    -3.22      0.3279     -3.68 LEFT    2.3028E-01    -75.97  7.6934E-02     23.93
   40.00      0.00     -4.45    -8.45    -3.00      0.6102     -9.94 LEFT    2.1066E-01    -79.89  1.3299E-01     20.04
   45.00      0.00     -6.79    -7.62    -4.18      0.8044    -31.82 LEFT    1.6097E-01    -85.23  1.4632E-01     15.88
   50.00      0.00    -10.87    -9.97    -7.38      0.7498    -55.80 LEFT    1.0067E-01    -95.26  1.1165E-01      9.92
   55.00      0.00    -16.32   -17.06   -13.66      0.6709    -38.52 LEFT    5.3743E-02   -118.54  4.9353E-02     -6.76
   60.00      0.00    -19.84   -22.40   -17.92      0.3548     34.20 LEFT    3.5824E-02   -157.64  2.6698E-02   -116.52
   65.00      0.00    -20.86   -16.06   -14.82      0.2500     62.35 LEFT    3.1856E-02    178.88  5.5347E-02   -148.15
   70.00      0.00    -22.99   -16.27   -15.43      0.2284     68.04 LEFT    2.4933E-02    170.61  5.4038E-02   -154.60
   75.00      0.00    -26.78   -20.98   -19.97      0.2964     67.03 LEFT    1.6122E-02    160.56  3.1413E-02   -157.32
   80.00      0.00    -30.84   -33.01   -28.78      0.6172     28.48 LEFT    1.0098E-02    134.11  7.8680E-03   -158.69
   85.00      0.00    -34.00   -43.14   -33.50      0.3483      1.63 RIGHT   7.0151E-03    106.58  2.4515E-03     20.69
   90.00      0.00   -999.99  -999.99  -999.99      0.0000      0.00         6.0560E-13    -82.96  3.0298E-13   -159.37
    0.00     10.00    -34.49   -49.56   -34.35      0.0000    -10.00 LINEAR  6.6358E-03     59.68  1.1701E-03   -120.32
