# Radiation Pattern Data
# Generated from: hy-6m_42.out
# Frequency: 52.000 MHz
# Format: Theta Phi Gain_dBi Phase_deg
# Theta: elevation angle (0-180 degrees)
# Phi: azimuth angle (0-360 degrees)
0.0 0.0 0.01 -89.9
5.0 0.0 0.02 89.3
10.0 0.0 0.04 88.6
15.0 0.0 0.06 87.8
20.0 0.0 0.08 87.0
25.0 0.0 0.09 86.1
30.0 0.0 0.11 85.2
35.0 0.0 0.12 84.2
40.0 0.0 0.13 83.2
45.0 0.0 0.14 82.0
50.0 0.0 0.15 80.8
55.0 0.0 0.15 79.3
60.0 0.0 0.16 77.8
65.0 0.0 0.16 76.1
70.0 0.0 0.15 74.1
75.0 0.0 0.14 72.0
80.0 0.0 0.12 69.5
85.0 0.0 0.09 66.8
90.0 0.0 0.00 0.0
0.0 10.0 0.01 80.1
5.0 10.0 0.02 79.3
10.0 10.0 0.04 78.6
15.0 10.0 0.06 77.8
20.0 10.0 0.07 76.9
25.0 10.0 0.08 76.0
30.0 10.0 0.09 75.0
35.0 10.0 0.10 73.9
40.0 10.0 0.10 72.7
45.0 10.0 0.10 71.4
50.0 10.0 0.10 70.0
55.0 10.0 0.10 68.5
60.0 10.0 0.09 66.9
65.0 10.0 0.07 65.1
70.0 10.0 0.05 63.0
75.0 10.0 0.02 60.8
80.0 10.0 0.01 58.4
85.0 10.0 0.06 55.7
90.0 10.0 0.00 0.0
0.0 20.0 0.01 70.1
5.0 20.0 0.02 69.4
10.0 20.0 0.04 68.6
15.0 20.0 0.05 67.8
20.0 20.0 0.06 66.9
25.0 20.0 0.07 66.0
30.0 20.0 0.07 65.0
35.0 20.0 0.08 63.9
40.0 20.0 0.07 62.6
45.0 20.0 0.07 61.4
50.0 20.0 0.06 59.9
55.0 20.0 0.05 58.4
60.0 20.0 0.03 56.7
65.0 20.0 0.01 54.8
70.0 20.0 0.02 52.7
75.0 20.0 0.06 50.4
80.0 20.0 0.10 47.7
85.0 20.0 0.16 44.6
90.0 20.0 0.00 0.0
0.0 30.0 0.01 60.1
5.0 30.0 0.02 59.4
10.0 30.0 0.03 58.7
15.0 30.0 0.04 57.9
20.0 30.0 0.05 57.1
25.0 30.0 0.06 56.2
30.0 30.0 0.06 55.2
35.0 30.0 0.06 54.1
40.0 30.0 0.05 53.0
45.0 30.0 0.04 51.7
50.0 30.0 0.03 50.3
55.0 30.0 0.01 48.8
60.0 30.0 0.01 47.1
65.0 30.0 0.03 45.2
70.0 30.0 0.06 43.1
75.0 30.0 0.10 40.6
80.0 30.0 0.14 37.8
85.0 30.0 0.19 34.5
90.0 30.0 0.00 0.0
0.0 40.0 0.01 50.1
5.0 40.0 0.02 49.5
10.0 40.0 0.03 48.8
15.0 40.0 0.04 48.1
20.0 40.0 0.04 47.4
25.0 40.0 0.04 46.5
30.0 40.0 0.04 45.6
35.0 40.0 0.04 44.6
40.0 40.0 0.03 43.6
45.0 40.0 0.02 42.4
50.0 40.0 0.01 41.1
55.0 40.0 0.01 39.7
60.0 40.0 0.03 38.1
65.0 40.0 0.06 36.3
70.0 40.0 0.08 34.2
75.0 40.0 0.11 31.9
80.0 40.0 0.14 29.2
85.0 40.0 0.18 26.1
90.0 40.0 0.00 0.0
0.0 50.0 0.01 40.1
5.0 50.0 0.02 39.6
10.0 50.0 0.02 39.0
15.0 50.0 0.03 38.4
20.0 50.0 0.03 37.8
25.0 50.0 0.03 37.0
30.0 50.0 0.03 36.3
35.0 50.0 0.03 35.4
40.0 50.0 0.02 34.5
45.0 50.0 0.01 33.5
50.0 50.0 0.01 32.4
55.0 50.0 0.02 31.1
60.0 50.0 0.04 29.7
65.0 50.0 0.06 28.1
70.0 50.0 0.08 26.3
75.0 50.0 0.10 24.2
80.0 50.0 0.13 21.9
85.0 50.0 0.15 19.2
90.0 50.0 0.00 0.0
0.0 60.0 0.01 30.1
5.0 60.0 0.01 29.7
10.0 60.0 0.02 29.2
15.0 60.0 0.02 28.8
20.0 60.0 0.03 28.3
25.0 60.0 0.03 27.7
30.0 60.0 0.02 27.1
35.0 60.0 0.02 26.4
40.0 60.0 0.01 25.7
45.0 60.0 0.00 24.9
50.0 60.0 0.01 24.0
55.0 60.0 0.02 23.0
60.0 60.0 0.04 21.8
65.0 60.0 0.05 20.5
70.0 60.0 0.07 19.1
75.0 60.0 0.08 17.5
80.0 60.0 0.10 15.6
85.0 60.0 0.12 13.6
90.0 60.0 0.00 0.0
0.0 70.0 0.01 20.1
5.0 70.0 0.01 19.8
10.0 70.0 0.01 19.5
15.0 70.0 0.02 19.2
20.0 70.0 0.02 18.8
25.0 70.0 0.02 18.4
30.0 70.0 0.02 18.0
35.0 70.0 0.01 17.6
40.0 70.0 0.01 17.1
45.0 70.0 0.00 16.5
50.0 70.0 0.01 15.9
55.0 70.0 0.02 15.2
60.0 70.0 0.03 14.4
65.0 70.0 0.04 13.5
70.0 70.0 0.05 12.5
75.0 70.0 0.06 11.3
80.0 70.0 0.07 10.1
85.0 70.0 0.08 8.7
90.0 70.0 0.00 0.0
0.0 80.0 0.01 10.1
5.0 80.0 0.01 9.9
10.0 80.0 0.01 9.8
15.0 80.0 0.01 9.6
20.0 80.0 0.01 9.4
25.0 80.0 0.01 9.3
30.0 80.0 0.01 9.1
35.0 80.0 0.01 8.8
40.0 80.0 0.00 8.6
45.0 80.0 0.00 8.3
50.0 80.0 0.00 8.0
55.0 80.0 0.01 7.6
60.0 80.0 0.01 7.2
65.0 80.0 0.02 6.7
70.0 80.0 0.02 6.2
75.0 80.0 0.03 5.7
80.0 80.0 0.03 5.0
85.0 80.0 0.04 4.3
90.0 80.0 0.00 0.0
0.0 90.0 0.01 0.1
5.0 90.0 0.01 0.1
10.0 90.0 0.00 0.1
15.0 90.0 0.00 0.1
20.0 90.0 0.00 0.1
25.0 90.0 0.00 0.1
30.0 90.0 0.00 0.1
35.0 90.0 0.00 0.1
40.0 90.0 0.00 0.1
45.0 90.0 0.00 0.1
50.0 90.0 0.00 0.1
55.0 90.0 0.00 0.1
60.0 90.0 0.00 0.1
65.0 90.0 0.00 0.2
70.0 90.0 0.00 0.2
75.0 90.0 0.00 0.1
80.0 90.0 0.00 0.1
85.0 90.0 0.00 0.1
90.0 90.0 0.00 0.0
0.0 100.0 0.01 -9.9
5.0 100.0 0.00 -9.8
10.0 100.0 0.00 -9.6
15.0 100.0 0.00 -9.4
20.0 100.0 0.00 -9.2
25.0 100.0 0.00 -9.0
30.0 100.0 0.00 -8.8
35.0 100.0 0.00 -8.6
40.0 100.0 0.00 -8.3
45.0 100.0 0.01 -8.0
50.0 100.0 0.01 -7.7
55.0 100.0 0.01 -7.3
60.0 100.0 0.02 -6.9
65.0 100.0 0.02 -6.4
70.0 100.0 0.03 -5.9
75.0 100.0 0.03 -5.3
80.0 100.0 0.04 -4.7
85.0 100.0 0.04 -4.0
90.0 100.0 0.00 0.0
0.0 110.0 0.01 -19.9
5.0 110.0 0.00 -19.6
10.0 110.0 0.00 -19.3
15.0 110.0 0.01 -19.0
20.0 110.0 0.01 -18.6
25.0 110.0 0.01 -18.2
30.0 110.0 0.01 -17.8
35.0 110.0 0.00 -17.3
40.0 110.0 0.00 -16.8
45.0 110.0 0.01 -16.2
50.0 110.0 0.02 -15.6
55.0 110.0 0.02 -14.9
60.0 110.0 0.03 -14.1
65.0 110.0 0.04 -13.2
70.0 110.0 0.05 -12.2
75.0 110.0 0.06 -11.1
80.0 110.0 0.07 -9.8
85.0 110.0 0.08 -8.4
90.0 110.0 0.00 0.0
0.0 120.0 0.01 -29.9
5.0 120.0 0.00 -29.5
10.0 120.0 0.01 -29.1
15.0 120.0 0.01 -28.6
20.0 120.0 0.02 -28.1
25.0 120.0 0.02 -27.5
30.0 120.0 0.01 -26.9
35.0 120.0 0.01 -26.2
40.0 120.0 0.00 -25.5
45.0 120.0 0.01 -24.6
50.0 120.0 0.02 -23.7
55.0 120.0 0.03 -22.7
60.0 120.0 0.04 -21.6
65.0 120.0 0.06 -20.3
70.0 120.0 0.07 -18.8
75.0 120.0 0.09 -17.2
80.0 120.0 0.10 -15.3
85.0 120.0 0.12 -13.3
90.0 120.0 0.00 0.0
0.0 130.0 0.01 -39.9
5.0 130.0 0.01 -39.4
10.0 130.0 0.01 -38.9
15.0 130.0 0.02 -38.2
20.0 130.0 0.02 -37.6
25.0 130.0 0.02 -36.9
30.0 130.0 0.02 -36.1
35.0 130.0 0.02 -35.2
40.0 130.0 0.01 -34.3
45.0 130.0 0.00 -33.3
50.0 130.0 0.01 -32.2
55.0 130.0 0.03 -30.9
60.0 130.0 0.05 -29.5
65.0 130.0 0.07 -27.9
70.0 130.0 0.09 -26.1
75.0 130.0 0.11 -24.0
80.0 130.0 0.13 -21.6
85.0 130.0 0.16 -18.9
90.0 130.0 0.00 0.0
0.0 140.0 0.01 -49.9
5.0 140.0 0.01 -49.3
10.0 140.0 0.02 -48.7
15.0 140.0 0.03 -48.0
20.0 140.0 0.03 -47.2
25.0 140.0 0.03 -46.4
30.0 140.0 0.03 -45.5
35.0 140.0 0.03 -44.5
40.0 140.0 0.02 -43.4
45.0 140.0 0.01 -42.2
50.0 140.0 0.00 -41.0
55.0 140.0 0.02 -39.5
60.0 140.0 0.04 -37.9
65.0 140.0 0.06 -36.1
70.0 140.0 0.09 -34.1
75.0 140.0 0.12 -31.7
80.0 140.0 0.15 -29.0
85.0 140.0 0.18 -25.8
90.0 140.0 0.00 0.0
0.0 150.0 0.01 -59.9
5.0 150.0 0.01 -59.2
10.0 150.0 0.02 -58.5
15.0 150.0 0.03 -57.8
20.0 150.0 0.04 -56.9
25.0 150.0 0.05 -56.0
30.0 150.0 0.05 -55.0
35.0 150.0 0.05 -54.0
40.0 150.0 0.04 -52.8
45.0 150.0 0.03 -51.6
50.0 150.0 0.02 -50.2
55.0 150.0 0.00 -48.7
60.0 150.0 0.02 -47.0
65.0 150.0 0.04 -45.1
70.0 150.0 0.07 -43.0
75.0 150.0 0.11 -40.5
80.0 150.0 0.15 -37.7
85.0 150.0 0.19 -34.4
90.0 150.0 0.00 0.0
0.0 160.0 0.01 -69.9
5.0 160.0 0.01 -69.2
10.0 160.0 0.03 -68.4
15.0 160.0 0.04 -67.6
20.0 160.0 0.05 -66.8
25.0 160.0 0.06 -65.8
30.0 160.0 0.06 -64.8
35.0 160.0 0.07 -63.7
40.0 160.0 0.06 -62.5
45.0 160.0 0.06 -61.2
50.0 160.0 0.05 -59.9
55.0 160.0 0.04 -58.3
60.0 160.0 0.02 -56.6
65.0 160.0 0.00 -54.8
70.0 160.0 0.03 -52.7
75.0 160.0 0.07 -50.3
80.0 160.0 0.11 -47.7
85.0 160.0 0.16 -44.6
90.0 160.0 0.00 0.0
0.0 170.0 0.01 -79.9
5.0 170.0 0.01 -79.2
10.0 170.0 0.03 -78.4
15.0 170.0 0.05 -77.6
20.0 170.0 0.06 -76.7
25.0 170.0 0.07 -75.8
30.0 170.0 0.08 -74.8
35.0 170.0 0.09 -73.8
40.0 170.0 0.09 -72.6
45.0 170.0 0.09 -71.4
50.0 170.0 0.09 -70.0
55.0 170.0 0.09 -68.5
60.0 170.0 0.08 -66.9
65.0 170.0 0.06 -65.1
70.0 170.0 0.04 -63.1
75.0 170.0 0.01 -60.9
80.0 170.0 0.03 -58.5
85.0 170.0 0.08 -55.9
90.0 170.0 0.00 0.0
0.0 180.0 0.01 -89.9
5.0 180.0 0.01 -89.2
10.0 180.0 0.03 -88.4
15.0 180.0 0.05 -87.7
20.0 180.0 0.07 -86.9
25.0 180.0 0.08 -86.0
30.0 180.0 0.10 -85.1
35.0 180.0 0.11 -84.2
40.0 180.0 0.12 -83.1
45.0 180.0 0.13 -82.0
50.0 180.0 0.14 -80.7
55.0 180.0 0.14 -79.4
60.0 180.0 0.15 -77.9
65.0 180.0 0.15 -76.2
70.0 180.0 0.14 -74.3
75.0 180.0 0.13 -72.2
80.0 180.0 0.11 -69.8
85.0 180.0 0.08 -67.2
90.0 180.0 0.00 0.0
0.0 190.0 0.01 80.1
5.0 190.0 0.01 80.8
10.0 190.0 0.03 81.5
15.0 190.0 0.05 82.2
20.0 190.0 0.07 82.9
25.0 190.0 0.09 83.6
30.0 190.0 0.11 84.4
35.0 190.0 0.13 85.2
40.0 190.0 0.15 86.0
45.0 190.0 0.17 86.9
50.0 190.0 0.19 87.9
55.0 190.0 0.20 89.0
60.0 190.0 0.22 -89.8
65.0 190.0 0.24 -88.4
70.0 190.0 0.26 -86.7
75.0 190.0 0.27 -84.7
80.0 190.0 0.29 -82.1
85.0 190.0 0.30 -78.9
90.0 190.0 0.00 0.0
0.0 200.0 0.01 70.1
5.0 200.0 0.01 70.8
10.0 200.0 0.03 71.4
15.0 200.0 0.05 72.0
20.0 200.0 0.08 72.6
25.0 200.0 0.10 73.2
30.0 200.0 0.12 73.7
35.0 200.0 0.15 74.3
40.0 200.0 0.17 74.8
45.0 200.0 0.20 75.3
50.0 200.0 0.22 75.9
55.0 200.0 0.25 76.5
60.0 200.0 0.29 77.1
65.0 200.0 0.32 77.8
70.0 200.0 0.36 78.8
75.0 200.0 0.41 80.0
80.0 200.0 0.47 81.8
85.0 200.0 0.54 85.0
90.0 200.0 0.00 0.0
0.0 210.0 0.01 60.1
5.0 210.0 0.01 60.7
10.0 210.0 0.03 61.2
15.0 210.0 0.05 61.8
20.0 210.0 0.08 62.2
25.0 210.0 0.10 62.6
30.0 210.0 0.13 62.9
35.0 210.0 0.15 63.2
40.0 210.0 0.18 63.4
45.0 210.0 0.21 63.5
50.0 210.0 0.25 63.5
55.0 210.0 0.28 63.4
60.0 210.0 0.32 63.1
65.0 210.0 0.37 62.6
70.0 210.0 0.42 61.9
75.0 210.0 0.49 60.7
80.0 210.0 0.56 59.0
85.0 210.0 0.66 55.9
90.0 210.0 0.00 0.0
0.0 220.0 0.01 50.1
5.0 220.0 0.01 50.6
10.0 220.0 0.03 51.1
15.0 220.0 0.05 51.5
20.0 220.0 0.07 51.8
25.0 220.0 0.09 52.0
30.0 220.0 0.12 52.1
35.0 220.0 0.15 52.1
40.0 220.0 0.18 52.0
45.0 220.0 0.21 51.7
50.0 220.0 0.24 51.1
55.0 220.0 0.28 50.3
60.0 220.0 0.32 49.2
65.0 220.0 0.36 47.6
70.0 220.0 0.41 45.3
75.0 220.0 0.46 42.1
80.0 220.0 0.51 37.6
85.0 220.0 0.56 31.1
90.0 220.0 0.00 0.0
0.0 230.0 0.01 40.1
5.0 230.0 0.01 40.5
10.0 230.0 0.02 40.9
15.0 230.0 0.04 41.2
20.0 230.0 0.06 41.4
25.0 230.0 0.08 41.5
30.0 230.0 0.11 41.4
35.0 230.0 0.13 41.2
40.0 230.0 0.16 40.9
45.0 230.0 0.19 40.2
50.0 230.0 0.22 39.4
55.0 230.0 0.25 38.2
60.0 230.0 0.28 36.6
65.0 230.0 0.31 34.6
70.0 230.0 0.34 31.9
75.0 230.0 0.37 28.6
80.0 230.0 0.40 24.5
85.0 230.0 0.41 19.5
90.0 230.0 0.00 0.0
0.0 240.0 0.01 30.1
5.0 240.0 0.01 30.4
10.0 240.0 0.02 30.7
15.0 240.0 0.03 30.9
20.0 240.0 0.05 31.0
25.0 240.0 0.07 31.0
30.0 240.0 0.09 30.9
35.0 240.0 0.11 30.6
40.0 240.0 0.13 30.1
45.0 240.0 0.15 29.4
50.0 240.0 0.17 28.5
55.0 240.0 0.20 27.3
60.0 240.0 0.22 25.8
65.0 240.0 0.24 24.0
70.0 240.0 0.26 21.7
75.0 240.0 0.27 19.1
80.0 240.0 0.28 16.1
85.0 240.0 0.29 12.8
90.0 240.0 0.00 0.0
0.0 250.0 0.01 20.1
5.0 250.0 0.00 20.3
10.0 250.0 0.01 20.5
15.0 250.0 0.02 20.6
20.0 250.0 0.03 20.7
25.0 250.0 0.05 20.6
30.0 250.0 0.06 20.5
35.0 250.0 0.07 20.2
40.0 250.0 0.09 19.8
45.0 250.0 0.10 19.2
50.0 250.0 0.12 18.5
55.0 250.0 0.13 17.6
60.0 250.0 0.15 16.5
65.0 250.0 0.16 15.1
70.0 250.0 0.17 13.6
75.0 250.0 0.18 11.9
80.0 250.0 0.18 10.0
85.0 250.0 0.18 7.9
90.0 250.0 0.00 0.0
0.0 260.0 0.01 10.1
5.0 260.0 0.00 10.2
10.0 260.0 0.00 10.3
15.0 260.0 0.01 10.3
20.0 260.0 0.01 10.4
25.0 260.0 0.02 10.3
30.0 260.0 0.03 10.2
35.0 260.0 0.04 10.1
40.0 260.0 0.04 9.9
45.0 260.0 0.05 9.6
50.0 260.0 0.06 9.2
55.0 260.0 0.07 8.7
60.0 260.0 0.07 8.1
65.0 260.0 0.08 7.4
70.0 260.0 0.08 6.6
75.0 260.0 0.09 5.8
80.0 260.0 0.09 4.8
85.0 260.0 0.09 3.9
90.0 260.0 0.00 0.0
0.0 270.0 0.01 0.1
5.0 270.0 0.01 0.1
10.0 270.0 0.01 0.1
15.0 270.0 0.01 0.1
20.0 270.0 0.00 0.1
25.0 270.0 0.00 0.1
30.0 270.0 0.00 0.1
35.0 270.0 0.00 0.1
40.0 270.0 0.00 0.1
45.0 270.0 0.00 0.1
50.0 270.0 0.00 0.1
55.0 270.0 0.00 0.1
60.0 270.0 0.00 0.1
65.0 270.0 0.00 0.1
70.0 270.0 0.00 0.1
75.0 270.0 0.00 0.1
80.0 270.0 0.00 0.1
85.0 270.0 0.00 0.1
90.0 270.0 0.00 0.0
0.0 280.0 0.01 -9.9
5.0 280.0 0.01 -10.0
10.0 280.0 0.01 -10.1
15.0 280.0 0.02 -10.2
20.0 280.0 0.02 -10.2
25.0 280.0 0.03 -10.2
30.0 280.0 0.04 -10.1
35.0 280.0 0.05 -9.9
40.0 280.0 0.05 -9.7
45.0 280.0 0.06 -9.3
50.0 280.0 0.07 -8.9
55.0 280.0 0.07 -8.4
60.0 280.0 0.08 -7.8
65.0 280.0 0.08 -7.1
70.0 280.0 0.09 -6.4
75.0 280.0 0.09 -5.5
80.0 280.0 0.09 -4.6
85.0 280.0 0.09 -3.6
90.0 280.0 0.00 0.0
0.0 290.0 0.01 -19.9
5.0 290.0 0.01 -20.1
10.0 290.0 0.02 -20.3
15.0 290.0 0.03 -20.5
20.0 290.0 0.04 -20.5
25.0 290.0 0.06 -20.5
30.0 290.0 0.07 -20.3
35.0 290.0 0.08 -20.0
40.0 290.0 0.10 -19.6
45.0 290.0 0.11 -19.1
50.0 290.0 0.13 -18.3
55.0 290.0 0.14 -17.4
60.0 290.0 0.16 -16.2
65.0 290.0 0.17 -14.9
70.0 290.0 0.18 -13.3
75.0 290.0 0.18 -11.6
80.0 290.0 0.18 -9.7
85.0 290.0 0.18 -7.6
90.0 290.0 0.00 0.0
0.0 300.0 0.01 -29.9
5.0 300.0 0.02 -30.3
10.0 300.0 0.03 -30.5
15.0 300.0 0.04 -30.7
20.0 300.0 0.06 -30.9
25.0 300.0 0.08 -30.9
30.0 300.0 0.10 -30.7
35.0 300.0 0.12 -30.4
40.0 300.0 0.14 -29.9
45.0 300.0 0.16 -29.2
50.0 300.0 0.18 -28.3
55.0 300.0 0.21 -27.1
60.0 300.0 0.23 -25.6
65.0 300.0 0.25 -23.7
70.0 300.0 0.27 -21.4
75.0 300.0 0.28 -18.8
80.0 300.0 0.29 -15.8
85.0 300.0 0.29 -12.4
90.0 300.0 0.00 0.0
0.0 310.0 0.01 -39.9
5.0 310.0 0.02 -40.4
10.0 310.0 0.03 -40.7
15.0 310.0 0.05 -41.0
20.0 310.0 0.07 -41.2
25.0 310.0 0.09 -41.3
30.0 310.0 0.12 -41.3
35.0 310.0 0.14 -41.1
40.0 310.0 0.17 -40.7
45.0 310.0 0.20 -40.1
50.0 310.0 0.23 -39.2
55.0 310.0 0.26 -38.0
60.0 310.0 0.29 -36.4
65.0 310.0 0.32 -34.3
70.0 310.0 0.35 -31.6
75.0 310.0 0.38 -28.2
80.0 310.0 0.40 -24.0
85.0 310.0 0.42 -19.0
90.0 310.0 0.00 0.0
0.0 320.0 0.01 -49.9
5.0 320.0 0.02 -50.5
10.0 320.0 0.04 -50.9
15.0 320.0 0.06 -51.3
20.0 320.0 0.08 -51.6
25.0 320.0 0.10 -51.9
30.0 320.0 0.13 -52.0
35.0 320.0 0.16 -52.0
40.0 320.0 0.19 -51.9
45.0 320.0 0.22 -51.5
50.0 320.0 0.25 -51.0
55.0 320.0 0.29 -50.2
60.0 320.0 0.33 -49.0
65.0 320.0 0.37 -47.4
70.0 320.0 0.42 -45.1
75.0 320.0 0.47 -41.8
80.0 320.0 0.52 -37.1
85.0 320.0 0.57 -30.4
90.0 320.0 0.00 0.0
0.0 330.0 0.01 -59.9
5.0 330.0 0.02 -60.5
10.0 330.0 0.04 -61.1
15.0 330.0 0.06 -61.6
20.0 330.0 0.09 -62.1
25.0 330.0 0.11 -62.5
30.0 330.0 0.14 -62.8
35.0 330.0 0.16 -63.1
40.0 330.0 0.19 -63.3
45.0 330.0 0.22 -63.4
50.0 330.0 0.26 -63.4
55.0 330.0 0.29 -63.3
60.0 330.0 0.33 -63.0
65.0 330.0 0.38 -62.6
70.0 330.0 0.44 -61.8
75.0 330.0 0.50 -60.7
80.0 330.0 0.58 -58.9
85.0 330.0 0.67 -55.7
90.0 330.0 0.00 0.0
0.0 340.0 0.01 -69.9
5.0 340.0 0.02 -70.6
10.0 340.0 0.04 -71.2
15.0 340.0 0.06 -71.9
20.0 340.0 0.09 -72.5
25.0 340.0 0.11 -73.0
30.0 340.0 0.13 -73.6
35.0 340.0 0.16 -74.2
40.0 340.0 0.18 -74.7
45.0 340.0 0.21 -75.3
50.0 340.0 0.24 -75.9
55.0 340.0 0.27 -76.5
60.0 340.0 0.30 -77.2
65.0 340.0 0.33 -77.9
70.0 340.0 0.38 -78.9
75.0 340.0 0.43 -80.2
80.0 340.0 0.48 -82.2
85.0 340.0 0.55 -85.7
90.0 340.0 0.00 0.0
0.0 350.0 0.01 -79.9
5.0 350.0 0.02 -80.6
10.0 350.0 0.04 -81.3
15.0 350.0 0.06 -82.1
20.0 350.0 0.08 -82.8
25.0 350.0 0.10 -83.5
30.0 350.0 0.12 -84.3
35.0 350.0 0.14 -85.1
40.0 350.0 0.16 -86.0
45.0 350.0 0.18 -86.9
50.0 350.0 0.20 -87.9
55.0 350.0 0.21 -89.0
60.0 350.0 0.23 89.7
65.0 350.0 0.25 88.2
70.0 350.0 0.27 86.5
75.0 350.0 0.29 84.4
80.0 350.0 0.30 81.7
85.0 350.0 0.31 78.3
90.0 350.0 0.00 0.0
0.0 360.0 0.01 -89.9
5.0 360.0 0.02 89.3
10.0 360.0 0.04 88.6
15.0 360.0 0.06 87.8
20.0 360.0 0.08 87.0
25.0 360.0 0.09 86.1
30.0 360.0 0.11 85.2
35.0 360.0 0.12 84.2
40.0 360.0 0.13 83.2
45.0 360.0 0.14 82.0
50.0 360.0 0.15 80.8
55.0 360.0 0.15 79.3
60.0 360.0 0.16 77.8
65.0 360.0 0.16 76.1
70.0 360.0 0.15 74.1
75.0 360.0 0.14 72.0
80.0 360.0 0.12 69.5
85.0 360.0 0.09 66.8
90.0 360.0 0.00 0.0
0.0 370.0 0.01 80.1
5.0 370.0 0.02 79.3
10.0 370.0 0.04 78.6
15.0 370.0 0.06 77.8
20.0 370.0 0.07 76.9
25.0 370.0 0.08 76.0
30.0 370.0 0.09 75.0
35.0 370.0 0.10 73.9
40.0 370.0 0.10 72.7
45.0 370.0 0.10 71.4
50.0 370.0 0.10 70.0
55.0 370.0 0.10 68.5
60.0 370.0 0.09 66.9
65.0 370.0 0.07 65.1
70.0 370.0 0.05 63.0
75.0 370.0 0.02 60.8
80.0 370.0 0.01 58.4
85.0 370.0 0.06 55.7
90.0 370.0 0.00 0.0
0.0 380.0 0.01 70.1
5.0 380.0 0.02 69.4
10.0 380.0 0.04 68.6
15.0 380.0 0.05 67.8
20.0 380.0 0.06 66.9
25.0 380.0 0.07 66.0
30.0 380.0 0.07 65.0
35.0 380.0 0.08 63.9
40.0 380.0 0.07 62.6
45.0 380.0 0.07 61.4
50.0 380.0 0.06 59.9
55.0 380.0 0.05 58.4
60.0 380.0 0.03 56.7
65.0 380.0 0.01 54.8
70.0 380.0 0.02 52.7
75.0 380.0 0.06 50.4
80.0 380.0 0.10 47.7
85.0 380.0 0.16 44.6
90.0 380.0 0.00 0.0
0.0 390.0 0.01 60.1
5.0 390.0 0.02 59.4
10.0 390.0 0.03 58.7
15.0 390.0 0.04 57.9
20.0 390.0 0.05 57.1
25.0 390.0 0.06 56.2
30.0 390.0 0.06 55.2
35.0 390.0 0.06 54.1
40.0 390.0 0.05 53.0
45.0 390.0 0.04 51.7
50.0 390.0 0.03 50.3
55.0 390.0 0.01 48.8
60.0 390.0 0.01 47.1
65.0 390.0 0.03 45.2
70.0 390.0 0.06 43.1
75.0 390.0 0.10 40.6
80.0 390.0 0.14 37.8
85.0 390.0 0.19 34.5
90.0 390.0 0.00 0.0
0.0 400.0 0.01 50.1
5.0 400.0 0.02 49.5
10.0 400.0 0.03 48.8
15.0 400.0 0.04 48.1
20.0 400.0 0.04 47.4
25.0 400.0 0.04 46.5
30.0 400.0 0.04 45.6
35.0 400.0 0.04 44.6
40.0 400.0 0.03 43.6
45.0 400.0 0.02 42.4
50.0 400.0 0.01 41.1
55.0 400.0 0.01 39.7
60.0 400.0 0.03 38.1
65.0 400.0 0.06 36.3
70.0 400.0 0.08 34.2
75.0 400.0 0.11 31.9
80.0 400.0 0.14 29.2
85.0 400.0 0.18 26.1
90.0 400.0 0.00 0.0
0.0 410.0 0.01 40.1
5.0 410.0 0.02 39.6
10.0 410.0 0.02 39.0
15.0 410.0 0.03 38.4
20.0 410.0 0.03 37.8
25.0 410.0 0.03 37.0
30.0 410.0 0.03 36.3
35.0 410.0 0.03 35.4
40.0 410.0 0.02 34.5
45.0 410.0 0.01 33.5
50.0 410.0 0.01 32.4
55.0 410.0 0.02 31.1
60.0 410.0 0.04 29.7
65.0 410.0 0.06 28.1
70.0 410.0 0.08 26.3
75.0 410.0 0.10 24.2
80.0 410.0 0.13 21.9
85.0 410.0 0.15 19.2
90.0 410.0 0.00 0.0
0.0 420.0 0.01 30.1
5.0 420.0 0.01 29.7
10.0 420.0 0.02 29.2
15.0 420.0 0.02 28.8
20.0 420.0 0.03 28.3
25.0 420.0 0.03 27.7
30.0 420.0 0.02 27.1
35.0 420.0 0.02 26.4
40.0 420.0 0.01 25.7
45.0 420.0 0.00 24.9
50.0 420.0 0.01 24.0
55.0 420.0 0.02 23.0
60.0 420.0 0.04 21.8
65.0 420.0 0.05 20.5
70.0 420.0 0.07 19.1
75.0 420.0 0.08 17.5
80.0 420.0 0.10 15.6
85.0 420.0 0.12 13.6
90.0 420.0 0.00 0.0
0.0 430.0 0.01 20.1
5.0 430.0 0.01 19.8
10.0 430.0 0.01 19.5
15.0 430.0 0.02 19.2
20.0 430.0 0.02 18.8
25.0 430.0 0.02 18.4
30.0 430.0 0.02 18.0
35.0 430.0 0.01 17.6
40.0 430.0 0.01 17.1
45.0 430.0 0.00 16.5
50.0 430.0 0.01 15.9
55.0 430.0 0.02 15.2
60.0 430.0 0.03 14.4
65.0 430.0 0.04 13.5
70.0 430.0 0.05 12.5
75.0 430.0 0.06 11.3
80.0 430.0 0.07 10.1
85.0 430.0 0.08 8.7
90.0 430.0 0.00 0.0
0.0 440.0 0.01 10.1
5.0 440.0 0.01 9.9
10.0 440.0 0.01 9.8
15.0 440.0 0.01 9.6
20.0 440.0 0.01 9.4
25.0 440.0 0.01 9.3
30.0 440.0 0.01 9.1
35.0 440.0 0.01 8.8
40.0 440.0 0.00 8.6
45.0 440.0 0.00 8.3
50.0 440.0 0.00 8.0
55.0 440.0 0.01 7.6
60.0 440.0 0.01 7.2
65.0 440.0 0.02 6.7
70.0 440.0 0.02 6.2
75.0 440.0 0.03 5.7
80.0 440.0 0.03 5.0
85.0 440.0 0.04 4.3
90.0 440.0 0.00 0.0
0.0 450.0 0.01 0.1
5.0 450.0 0.01 0.1
10.0 450.0 0.00 0.1
15.0 450.0 0.00 0.1
20.0 450.0 0.00 0.1
25.0 450.0 0.00 0.1
30.0 450.0 0.00 0.1
35.0 450.0 0.00 0.1
40.0 450.0 0.00 0.1
45.0 450.0 0.00 0.1
50.0 450.0 0.00 0.1
55.0 450.0 0.00 0.1
60.0 450.0 0.00 0.1
65.0 450.0 0.00 0.2
70.0 450.0 0.00 0.2
75.0 450.0 0.00 0.1
80.0 450.0 0.00 0.1
85.0 450.0 0.00 0.1
90.0 450.0 0.00 0.0
0.0 460.0 0.01 -9.9
5.0 460.0 0.00 -9.8
10.0 460.0 0.00 -9.6
15.0 460.0 0.00 -9.4
20.0 460.0 0.00 -9.2
25.0 460.0 0.00 -9.0
30.0 460.0 0.00 -8.8
35.0 460.0 0.00 -8.6
40.0 460.0 0.00 -8.3
45.0 460.0 0.01 -8.0
50.0 460.0 0.01 -7.7
55.0 460.0 0.01 -7.3
60.0 460.0 0.02 -6.9
65.0 460.0 0.02 -6.4
70.0 460.0 0.03 -5.9
75.0 460.0 0.03 -5.3
80.0 460.0 0.04 -4.7
85.0 460.0 0.04 -4.0
90.0 460.0 0.00 0.0
0.0 470.0 0.01 -19.9
5.0 470.0 0.00 -19.6
10.0 470.0 0.00 -19.3
15.0 470.0 0.01 -19.0
20.0 470.0 0.01 -18.6
25.0 470.0 0.01 -18.2
30.0 470.0 0.01 -17.8
35.0 470.0 0.00 -17.3
40.0 470.0 0.00 -16.8
45.0 470.0 0.01 -16.2
50.0 470.0 0.02 -15.6
55.0 470.0 0.02 -14.9
60.0 470.0 0.03 -14.1
65.0 470.0 0.04 -13.2
70.0 470.0 0.05 -12.2
75.0 470.0 0.06 -11.1
80.0 470.0 0.07 -9.8
85.0 470.0 0.08 -8.4
90.0 470.0 0.00 0.0
0.0 480.0 0.01 -29.9
5.0 480.0 0.00 -29.5
10.0 480.0 0.01 -29.1
15.0 480.0 0.01 -28.6
20.0 480.0 0.02 -28.1
25.0 480.0 0.02 -27.5
30.0 480.0 0.01 -26.9
35.0 480.0 0.01 -26.2
40.0 480.0 0.00 -25.5
45.0 480.0 0.01 -24.6
50.0 480.0 0.02 -23.7
55.0 480.0 0.03 -22.7
60.0 480.0 0.04 -21.6
65.0 480.0 0.06 -20.3
70.0 480.0 0.07 -18.8
75.0 480.0 0.09 -17.2
80.0 480.0 0.10 -15.3
85.0 480.0 0.12 -13.3
90.0 480.0 0.00 0.0
0.0 490.0 0.01 -39.9
5.0 490.0 0.01 -39.4
10.0 490.0 0.01 -38.9
15.0 490.0 0.02 -38.2
20.0 490.0 0.02 -37.6
25.0 490.0 0.02 -36.9
30.0 490.0 0.02 -36.1
35.0 490.0 0.02 -35.2
40.0 490.0 0.01 -34.3
45.0 490.0 0.00 -33.3
50.0 490.0 0.01 -32.2
55.0 490.0 0.03 -30.9
60.0 490.0 0.05 -29.5
65.0 490.0 0.07 -27.9
70.0 490.0 0.09 -26.1
75.0 490.0 0.11 -24.0
80.0 490.0 0.13 -21.6
85.0 490.0 0.16 -18.9
90.0 490.0 0.00 0.0
0.0 500.0 0.01 -49.9
5.0 500.0 0.01 -49.3
10.0 500.0 0.02 -48.7
15.0 500.0 0.03 -48.0
20.0 500.0 0.03 -47.2
25.0 500.0 0.03 -46.4
30.0 500.0 0.03 -45.5
35.0 500.0 0.03 -44.5
40.0 500.0 0.02 -43.4
45.0 500.0 0.01 -42.2
50.0 500.0 0.00 -41.0
55.0 500.0 0.02 -39.5
60.0 500.0 0.04 -37.9
65.0 500.0 0.06 -36.1
70.0 500.0 0.09 -34.1
75.0 500.0 0.12 -31.7
80.0 500.0 0.15 -29.0
85.0 500.0 0.18 -25.8
90.0 500.0 0.00 0.0
0.0 510.0 0.01 -59.9
5.0 510.0 0.01 -59.2
10.0 510.0 0.02 -58.5
15.0 510.0 0.03 -57.8
20.0 510.0 0.04 -56.9
25.0 510.0 0.05 -56.0
30.0 510.0 0.05 -55.0
35.0 510.0 0.05 -54.0
40.0 510.0 0.04 -52.8
45.0 510.0 0.03 -51.6
50.0 510.0 0.02 -50.2
55.0 510.0 0.00 -48.7
60.0 510.0 0.02 -47.0
65.0 510.0 0.04 -45.1
70.0 510.0 0.07 -43.0
75.0 510.0 0.11 -40.5
80.0 510.0 0.15 -37.7
85.0 510.0 0.19 -34.4
90.0 510.0 0.00 0.0
0.0 520.0 0.01 -69.9
5.0 520.0 0.01 -69.2
10.0 520.0 0.03 -68.4
15.0 520.0 0.04 -67.6
20.0 520.0 0.05 -66.8
25.0 520.0 0.06 -65.8
30.0 520.0 0.06 -64.8
35.0 520.0 0.07 -63.7
40.0 520.0 0.06 -62.5
45.0 520.0 0.06 -61.2
50.0 520.0 0.05 -59.9
55.0 520.0 0.04 -58.3
60.0 520.0 0.02 -56.6
65.0 520.0 0.00 -54.8
70.0 520.0 0.03 -52.7
75.0 520.0 0.07 -50.3
80.0 520.0 0.11 -47.7
85.0 520.0 0.16 -44.6
90.0 520.0 0.00 0.0
0.0 530.0 0.01 -79.9
5.0 530.0 0.01 -79.2
10.0 530.0 0.03 -78.4
15.0 530.0 0.05 -77.6
20.0 530.0 0.06 -76.7
25.0 530.0 0.07 -75.8
30.0 530.0 0.08 -74.8
35.0 530.0 0.09 -73.8
40.0 530.0 0.09 -72.6
45.0 530.0 0.09 -71.4
50.0 530.0 0.09 -70.0
55.0 530.0 0.09 -68.5
60.0 530.0 0.08 -66.9
65.0 530.0 0.06 -65.1
70.0 530.0 0.04 -63.1
75.0 530.0 0.01 -60.9
80.0 530.0 0.03 -58.5
85.0 530.0 0.08 -55.9
90.0 530.0 0.00 0.0
0.0 540.0 0.01 -89.9
5.0 540.0 0.01 -89.2
10.0 540.0 0.03 -88.4
15.0 540.0 0.05 -87.7
20.0 540.0 0.07 -86.9
25.0 540.0 0.08 -86.0
30.0 540.0 0.10 -85.1
35.0 540.0 0.11 -84.2
40.0 540.0 0.12 -83.1
45.0 540.0 0.13 -82.0
50.0 540.0 0.14 -80.7
55.0 540.0 0.14 -79.4
60.0 540.0 0.15 -77.9
65.0 540.0 0.15 -76.2
70.0 540.0 0.14 -74.3
75.0 540.0 0.13 -72.2
80.0 540.0 0.11 -69.8
85.0 540.0 0.08 -67.2
90.0 540.0 0.00 0.0
0.0 550.0 0.01 80.1
5.0 550.0 0.01 80.8
10.0 550.0 0.03 81.5
15.0 550.0 0.05 82.2
20.0 550.0 0.07 82.9
25.0 550.0 0.09 83.6
30.0 550.0 0.11 84.4
35.0 550.0 0.13 85.2
40.0 550.0 0.15 86.0
45.0 550.0 0.17 86.9
50.0 550.0 0.19 87.9
55.0 550.0 0.20 89.0
60.0 550.0 0.22 -89.8
65.0 550.0 0.24 -88.4
70.0 550.0 0.26 -86.7
75.0 550.0 0.27 -84.7
80.0 550.0 0.29 -82.1
85.0 550.0 0.30 -78.9
90.0 550.0 0.00 0.0
0.0 560.0 0.01 70.1
5.0 560.0 0.01 70.8
10.0 560.0 0.03 71.4
15.0 560.0 0.05 72.0
20.0 560.0 0.08 72.6
25.0 560.0 0.10 73.2
30.0 560.0 0.12 73.7
35.0 560.0 0.15 74.3
40.0 560.0 0.17 74.8
45.0 560.0 0.20 75.3
50.0 560.0 0.22 75.9
55.0 560.0 0.25 76.5
60.0 560.0 0.29 77.1
65.0 560.0 0.32 77.8
70.0 560.0 0.36 78.8
75.0 560.0 0.41 80.0
80.0 560.0 0.47 81.8
85.0 560.0 0.54 85.0
90.0 560.0 0.00 0.0
0.0 570.0 0.01 60.1
5.0 570.0 0.01 60.7
10.0 570.0 0.03 61.2
15.0 570.0 0.05 61.8
20.0 570.0 0.08 62.2
25.0 570.0 0.10 62.6
30.0 570.0 0.13 62.9
35.0 570.0 0.15 63.2
40.0 570.0 0.18 63.4
45.0 570.0 0.21 63.5
50.0 570.0 0.25 63.5
55.0 570.0 0.28 63.4
60.0 570.0 0.32 63.1
65.0 570.0 0.37 62.6
70.0 570.0 0.42 61.9
75.0 570.0 0.49 60.7
80.0 570.0 0.56 59.0
85.0 570.0 0.66 55.9
90.0 570.0 0.00 0.0
0.0 580.0 0.01 50.1
5.0 580.0 0.01 50.6
10.0 580.0 0.03 51.1
15.0 580.0 0.05 51.5
20.0 580.0 0.07 51.8
25.0 580.0 0.09 52.0
30.0 580.0 0.12 52.1
35.0 580.0 0.15 52.1
40.0 580.0 0.18 52.0
45.0 580.0 0.21 51.7
50.0 580.0 0.24 51.1
55.0 580.0 0.28 50.3
60.0 580.0 0.32 49.2
65.0 580.0 0.36 47.6
70.0 580.0 0.41 45.3
75.0 580.0 0.46 42.1
80.0 580.0 0.51 37.6
85.0 580.0 0.56 31.1
90.0 580.0 0.00 0.0
0.0 590.0 0.01 40.1
5.0 590.0 0.01 40.5
10.0 590.0 0.02 40.9
15.0 590.0 0.04 41.2
20.0 590.0 0.06 41.4
25.0 590.0 0.08 41.5
30.0 590.0 0.11 41.4
35.0 590.0 0.13 41.2
40.0 590.0 0.16 40.9
45.0 590.0 0.19 40.2
50.0 590.0 0.22 39.4
55.0 590.0 0.25 38.2
60.0 590.0 0.28 36.6
65.0 590.0 0.31 34.6
70.0 590.0 0.34 31.9
75.0 590.0 0.37 28.6
80.0 590.0 0.40 24.5
85.0 590.0 0.41 19.5
90.0 590.0 0.00 0.0
0.0 600.0 0.01 30.1
5.0 600.0 0.01 30.4
10.0 600.0 0.02 30.7
15.0 600.0 0.03 30.9
20.0 600.0 0.05 31.0
25.0 600.0 0.07 31.0
30.0 600.0 0.09 30.9
35.0 600.0 0.11 30.6
40.0 600.0 0.13 30.1
45.0 600.0 0.15 29.4
50.0 600.0 0.17 28.5
55.0 600.0 0.20 27.3
60.0 600.0 0.22 25.8
65.0 600.0 0.24 24.0
70.0 600.0 0.26 21.7
75.0 600.0 0.27 19.1
80.0 600.0 0.28 16.1
85.0 600.0 0.29 12.8
90.0 600.0 0.00 0.0
0.0 610.0 0.01 20.1
5.0 610.0 0.00 20.3
10.0 610.0 0.01 20.5
15.0 610.0 0.02 20.6
20.0 610.0 0.03 20.7
25.0 610.0 0.05 20.6
30.0 610.0 0.06 20.5
35.0 610.0 0.07 20.2
40.0 610.0 0.09 19.8
45.0 610.0 0.10 19.2
50.0 610.0 0.12 18.5
55.0 610.0 0.13 17.6
60.0 610.0 0.15 16.5
65.0 610.0 0.16 15.1
70.0 610.0 0.17 13.6
75.0 610.0 0.18 11.9
80.0 610.0 0.18 10.0
85.0 610.0 0.18 7.9
90.0 610.0 0.00 0.0
0.0 620.0 0.01 10.1
5.0 620.0 0.00 10.2
10.0 620.0 0.00 10.3
15.0 620.0 0.01 10.3
20.0 620.0 0.01 10.4
25.0 620.0 0.02 10.3
30.0 620.0 0.03 10.2
35.0 620.0 0.04 10.1
40.0 620.0 0.04 9.9
45.0 620.0 0.05 9.6
50.0 620.0 0.06 9.2
55.0 620.0 0.07 8.7
60.0 620.0 0.07 8.1
65.0 620.0 0.08 7.4
70.0 620.0 0.08 6.6
75.0 620.0 0.09 5.8
80.0 620.0 0.09 4.8
85.0 620.0 0.09 3.9
90.0 620.0 0.00 0.0
0.0 630.0 0.01 0.1
5.0 630.0 0.01 0.1
10.0 630.0 0.01 0.1
15.0 630.0 0.01 0.1
20.0 630.0 0.00 0.1
25.0 630.0 0.00 0.1
30.0 630.0 0.00 0.1
35.0 630.0 0.00 0.1
40.0 630.0 0.00 0.1
45.0 630.0 0.00 0.1
50.0 630.0 0.00 0.1
55.0 630.0 0.00 0.1
60.0 630.0 0.00 0.1
65.0 630.0 0.00 0.1
70.0 630.0 0.00 0.1
75.0 630.0 0.00 0.1
80.0 630.0 0.00 0.1
85.0 630.0 0.00 0.1
90.0 630.0 0.00 0.0
0.0 640.0 0.01 -9.9
5.0 640.0 0.01 -10.0
10.0 640.0 0.01 -10.1
15.0 640.0 0.02 -10.2
20.0 640.0 0.02 -10.2
25.0 640.0 0.03 -10.2
30.0 640.0 0.04 -10.1
35.0 640.0 0.05 -9.9
40.0 640.0 0.05 -9.7
45.0 640.0 0.06 -9.3
50.0 640.0 0.07 -8.9
55.0 640.0 0.07 -8.4
60.0 640.0 0.08 -7.8
65.0 640.0 0.08 -7.1
70.0 640.0 0.09 -6.4
75.0 640.0 0.09 -5.5
80.0 640.0 0.09 -4.6
85.0 640.0 0.09 -3.6
90.0 640.0 0.00 0.0
0.0 650.0 0.01 -19.9
5.0 650.0 0.01 -20.1
10.0 650.0 0.02 -20.3
15.0 650.0 0.03 -20.5
20.0 650.0 0.04 -20.5
25.0 650.0 0.06 -20.5
30.0 650.0 0.07 -20.3
35.0 650.0 0.08 -20.0
40.0 650.0 0.10 -19.6
45.0 650.0 0.11 -19.1
50.0 650.0 0.13 -18.3
55.0 650.0 0.14 -17.4
60.0 650.0 0.16 -16.2
65.0 650.0 0.17 -14.9
70.0 650.0 0.18 -13.3
75.0 650.0 0.18 -11.6
80.0 650.0 0.18 -9.7
85.0 650.0 0.18 -7.6
90.0 650.0 0.00 0.0
0.0 660.0 0.01 -29.9
5.0 660.0 0.02 -30.3
10.0 660.0 0.03 -30.5
15.0 660.0 0.04 -30.7
20.0 660.0 0.06 -30.9
25.0 660.0 0.08 -30.9
30.0 660.0 0.10 -30.7
35.0 660.0 0.12 -30.4
40.0 660.0 0.14 -29.9
45.0 660.0 0.16 -29.2
50.0 660.0 0.18 -28.3
55.0 660.0 0.21 -27.1
60.0 660.0 0.23 -25.6
65.0 660.0 0.25 -23.7
70.0 660.0 0.27 -21.4
75.0 660.0 0.28 -18.8
80.0 660.0 0.29 -15.8
85.0 660.0 0.29 -12.4
90.0 660.0 0.00 0.0
0.0 670.0 0.01 -39.9
5.0 670.0 0.02 -40.4
10.0 670.0 0.03 -40.7
15.0 670.0 0.05 -41.0
20.0 670.0 0.07 -41.2
25.0 670.0 0.09 -41.3
30.0 670.0 0.12 -41.3
35.0 670.0 0.14 -41.1
40.0 670.0 0.17 -40.7
45.0 670.0 0.20 -40.1
50.0 670.0 0.23 -39.2
55.0 670.0 0.26 -38.0
60.0 670.0 0.29 -36.4
65.0 670.0 0.32 -34.3
70.0 670.0 0.35 -31.6
75.0 670.0 0.38 -28.2
80.0 670.0 0.40 -24.0
85.0 670.0 0.42 -19.0
90.0 670.0 0.00 0.0
0.0 680.0 0.01 -49.9
5.0 680.0 0.02 -50.5
10.0 680.0 0.04 -50.9
15.0 680.0 0.06 -51.3
20.0 680.0 0.08 -51.6
25.0 680.0 0.10 -51.9
30.0 680.0 0.13 -52.0
35.0 680.0 0.16 -52.0
40.0 680.0 0.19 -51.9
45.0 680.0 0.22 -51.5
50.0 680.0 0.25 -51.0
55.0 680.0 0.29 -50.2
60.0 680.0 0.33 -49.0
65.0 680.0 0.37 -47.4
70.0 680.0 0.42 -45.1
75.0 680.0 0.47 -41.8
80.0 680.0 0.52 -37.1
85.0 680.0 0.57 -30.4
90.0 680.0 0.00 0.0
0.0 690.0 0.01 -59.9
5.0 690.0 0.02 -60.5
10.0 690.0 0.04 -61.1
15.0 690.0 0.06 -61.6
20.0 690.0 0.09 -62.1
25.0 690.0 0.11 -62.5
30.0 690.0 0.14 -62.8
35.0 690.0 0.16 -63.1
40.0 690.0 0.19 -63.3
45.0 690.0 0.22 -63.4
50.0 690.0 0.26 -63.4
55.0 690.0 0.29 -63.3
60.0 690.0 0.33 -63.0
65.0 690.0 0.38 -62.6
70.0 690.0 0.44 -61.8
75.0 690.0 0.50 -60.7
80.0 690.0 0.58 -58.9
85.0 690.0 0.67 -55.7
90.0 690.0 0.00 0.0
0.0 700.0 0.01 -69.9
5.0 700.0 0.02 -70.6
10.0 700.0 0.04 -71.2
15.0 700.0 0.06 -71.9
20.0 700.0 0.09 -72.5
25.0 700.0 0.11 -73.0
30.0 700.0 0.13 -73.6
35.0 700.0 0.16 -74.2
40.0 700.0 0.18 -74.7
45.0 700.0 0.21 -75.3
50.0 700.0 0.24 -75.9
55.0 700.0 0.27 -76.5
60.0 700.0 0.30 -77.2
65.0 700.0 0.33 -77.9
70.0 700.0 0.38 -78.9
75.0 700.0 0.43 -80.2
80.0 700.0 0.48 -82.2
85.0 700.0 0.55 -85.7
90.0 700.0 0.00 0.0
0.0 710.0 0.01 -79.9
5.0 710.0 0.02 -80.6
10.0 710.0 0.04 -81.3
15.0 710.0 0.06 -82.1
20.0 710.0 0.08 -82.8
25.0 710.0 0.10 -83.5
30.0 710.0 0.12 -84.3
35.0 710.0 0.14 -85.1
40.0 710.0 0.16 -86.0
45.0 710.0 0.18 -86.9
50.0 710.0 0.20 -87.9
55.0 710.0 0.21 -89.0
60.0 710.0 0.23 89.7
65.0 710.0 0.25 88.2
70.0 710.0 0.27 86.5
75.0 710.0 0.29 84.4
80.0 710.0 0.30 81.7
85.0 710.0 0.31 78.3
90.0 710.0 0.00 0.0
0.0 720.0 0.01 -89.9
5.0 720.0 0.02 89.3
10.0 720.0 0.04 88.6
15.0 720.0 0.06 87.8
20.0 720.0 0.08 87.0
25.0 720.0 0.09 86.1
30.0 720.0 0.11 85.2
35.0 720.0 0.12 84.2
40.0 720.0 0.13 83.2
45.0 720.0 0.14 82.0
50.0 720.0 0.15 80.8
55.0 720.0 0.15 79.3
60.0 720.0 0.16 77.8
65.0 720.0 0.16 76.1
70.0 720.0 0.15 74.1
75.0 720.0 0.14 72.0
80.0 720.0 0.12 69.5
85.0 720.0 0.09 66.8
90.0 720.0 0.00 0.0
