# Radiation Pattern Data
# Generated from: yagi_40m_46.out
# Frequency: 7.150 MHz
# Format: Theta Phi Gain_dBi Phase_deg
# Theta: elevation angle (0-180 degrees)
# Phi: azimuth angle (0-360 degrees)
0.0 0.0 0.00 -90.0
5.0 0.0 0.00 89.8
10.0 0.0 0.01 89.7
15.0 0.0 0.01 89.5
20.0 0.0 0.01 89.3
25.0 0.0 0.02 89.2
30.0 0.0 0.02 89.0
35.0 0.0 0.02 88.8
40.0 0.0 0.03 88.5
45.0 0.0 0.03 88.2
50.0 0.0 0.04 87.9
55.0 0.0 0.04 87.5
60.0 0.0 0.05 87.0
65.0 0.0 0.05 86.4
70.0 0.0 0.06 85.6
75.0 0.0 0.06 84.4
80.0 0.0 0.07 82.5
85.0 0.0 0.06 79.6
90.0 0.0 0.00 0.0
0.0 10.0 0.00 80.0
5.0 10.0 0.00 79.8
10.0 10.0 0.01 79.6
15.0 10.0 0.01 79.3
20.0 10.0 0.01 78.9
25.0 10.0 0.01 78.5
30.0 10.0 0.01 77.9
35.0 10.0 0.01 77.2
40.0 10.0 0.01 76.5
45.0 10.0 0.01 75.5
50.0 10.0 0.01 74.4
55.0 10.0 0.01 72.9
60.0 10.0 0.00 71.2
65.0 10.0 0.01 68.9
70.0 10.0 0.03 66.0
75.0 10.0 0.05 62.1
80.0 10.0 0.10 56.9
85.0 10.0 0.18 49.6
90.0 10.0 0.00 0.0
0.0 20.0 0.00 70.0
5.0 20.0 0.00 69.8
10.0 20.0 0.00 69.5
15.0 20.0 0.01 69.1
20.0 20.0 0.01 68.5
25.0 20.0 0.01 67.9
30.0 20.0 0.01 67.0
35.0 20.0 0.00 66.0
40.0 20.0 0.00 64.8
45.0 20.0 0.00 63.4
50.0 20.0 0.01 61.6
55.0 20.0 0.02 59.5
60.0 20.0 0.03 56.9
65.0 20.0 0.05 53.7
70.0 20.0 0.07 49.7
75.0 20.0 0.10 44.8
80.0 20.0 0.14 38.5
85.0 20.0 0.20 30.4
90.0 20.0 0.00 0.0
0.0 30.0 0.00 60.0
5.0 30.0 0.00 59.8
10.0 30.0 0.00 59.5
15.0 30.0 0.00 59.0
20.0 30.0 0.00 58.3
25.0 30.0 0.00 57.5
30.0 30.0 0.00 56.5
35.0 30.0 0.00 55.3
40.0 30.0 0.01 53.8
45.0 30.0 0.01 52.1
50.0 30.0 0.02 50.0
55.0 30.0 0.03 47.6
60.0 30.0 0.05 44.7
65.0 30.0 0.06 41.3
70.0 30.0 0.08 37.2
75.0 30.0 0.11 32.4
80.0 30.0 0.13 26.8
85.0 30.0 0.16 20.1
90.0 30.0 0.00 0.0
0.0 40.0 0.00 50.0
5.0 40.0 0.00 49.8
10.0 40.0 0.00 49.5
15.0 40.0 0.00 48.9
20.0 40.0 0.00 48.2
25.0 40.0 0.00 47.4
30.0 40.0 0.00 46.3
35.0 40.0 0.01 45.0
40.0 40.0 0.01 43.5
45.0 40.0 0.02 41.7
50.0 40.0 0.03 39.7
55.0 40.0 0.04 37.3
60.0 40.0 0.05 34.5
65.0 40.0 0.06 31.4
70.0 40.0 0.08 27.8
75.0 40.0 0.09 23.7
80.0 40.0 0.11 19.1
85.0 40.0 0.12 14.1
90.0 40.0 0.00 0.0
0.0 50.0 0.00 40.0
5.0 50.0 0.00 39.8
10.0 50.0 0.00 39.5
15.0 50.0 0.00 39.0
20.0 50.0 0.00 38.3
25.0 50.0 0.00 37.5
30.0 50.0 0.00 36.5
35.0 50.0 0.01 35.3
40.0 50.0 0.01 33.9
45.0 50.0 0.02 32.3
50.0 50.0 0.03 30.4
55.0 50.0 0.04 28.3
60.0 50.0 0.04 25.9
65.0 50.0 0.05 23.3
70.0 50.0 0.06 20.4
75.0 50.0 0.07 17.2
80.0 50.0 0.08 13.7
85.0 50.0 0.09 10.0
90.0 50.0 0.00 0.0
0.0 60.0 0.00 30.0
5.0 60.0 0.00 29.9
10.0 60.0 0.00 29.6
15.0 60.0 0.00 29.1
20.0 60.0 0.00 28.6
25.0 60.0 0.00 27.9
30.0 60.0 0.00 27.0
35.0 60.0 0.01 26.0
40.0 60.0 0.01 24.9
45.0 60.0 0.02 23.5
50.0 60.0 0.02 22.1
55.0 60.0 0.03 20.4
60.0 60.0 0.04 18.6
65.0 60.0 0.04 16.6
70.0 60.0 0.05 14.4
75.0 60.0 0.05 12.0
80.0 60.0 0.06 9.5
85.0 60.0 0.06 6.9
90.0 60.0 0.00 0.0
0.0 70.0 0.00 20.0
5.0 70.0 0.00 19.9
10.0 70.0 0.00 19.7
15.0 70.0 0.00 19.4
20.0 70.0 0.00 19.0
25.0 70.0 0.00 18.5
30.0 70.0 0.00 17.9
35.0 70.0 0.01 17.1
40.0 70.0 0.01 16.3
45.0 70.0 0.01 15.4
50.0 70.0 0.02 14.3
55.0 70.0 0.02 13.2
60.0 70.0 0.02 12.0
65.0 70.0 0.03 10.6
70.0 70.0 0.03 9.2
75.0 70.0 0.04 7.6
80.0 70.0 0.04 6.0
85.0 70.0 0.04 4.3
90.0 70.0 0.00 0.0
0.0 80.0 0.00 10.0
5.0 80.0 0.00 9.9
10.0 80.0 0.00 9.8
15.0 80.0 0.00 9.7
20.0 80.0 0.00 9.5
25.0 80.0 0.00 9.2
30.0 80.0 0.00 8.9
35.0 80.0 0.00 8.5
40.0 80.0 0.01 8.1
45.0 80.0 0.01 7.6
50.0 80.0 0.01 7.1
55.0 80.0 0.01 6.5
60.0 80.0 0.01 5.9
65.0 80.0 0.01 5.2
70.0 80.0 0.02 4.5
75.0 80.0 0.02 3.7
80.0 80.0 0.02 2.9
85.0 80.0 0.02 2.1
90.0 80.0 0.00 0.0
0.0 90.0 0.00 0.0
5.0 90.0 0.00 0.0
10.0 90.0 0.00 0.0
15.0 90.0 0.00 0.0
20.0 90.0 0.00 0.0
25.0 90.0 0.00 0.0
30.0 90.0 0.00 0.0
35.0 90.0 0.00 0.0
40.0 90.0 0.00 0.0
45.0 90.0 0.00 0.0
50.0 90.0 0.00 0.0
55.0 90.0 0.00 0.0
60.0 90.0 0.00 0.0
65.0 90.0 0.00 0.0
70.0 90.0 0.00 0.0
75.0 90.0 0.00 0.0
80.0 90.0 0.00 0.0
85.0 90.0 0.00 0.0
90.0 90.0 0.00 0.0
0.0 100.0 0.00 -10.0
5.0 100.0 0.00 -9.9
10.0 100.0 0.00 -9.8
15.0 100.0 0.00 -9.7
20.0 100.0 0.00 -9.4
25.0 100.0 0.00 -9.2
30.0 100.0 0.00 -8.9
35.0 100.0 0.00 -8.5
40.0 100.0 0.01 -8.1
45.0 100.0 0.01 -7.6
50.0 100.0 0.01 -7.1
55.0 100.0 0.01 -6.5
60.0 100.0 0.01 -5.9
65.0 100.0 0.01 -5.2
70.0 100.0 0.02 -4.5
75.0 100.0 0.02 -3.7
80.0 100.0 0.02 -2.9
85.0 100.0 0.02 -2.1
90.0 100.0 0.00 0.0
0.0 110.0 0.00 -20.0
5.0 110.0 0.00 -19.9
10.0 110.0 0.00 -19.7
15.0 110.0 0.00 -19.4
20.0 110.0 0.00 -19.0
25.0 110.0 0.00 -18.4
30.0 110.0 0.00 -17.8
35.0 110.0 0.01 -17.1
40.0 110.0 0.01 -16.3
45.0 110.0 0.01 -15.4
50.0 110.0 0.02 -14.3
55.0 110.0 0.02 -13.2
60.0 110.0 0.02 -12.0
65.0 110.0 0.03 -10.6
70.0 110.0 0.03 -9.2
75.0 110.0 0.04 -7.6
80.0 110.0 0.04 -6.0
85.0 110.0 0.04 -4.3
90.0 110.0 0.00 0.0
0.0 120.0 0.00 -30.0
5.0 120.0 0.00 -29.8
10.0 120.0 0.00 -29.6
15.0 120.0 0.00 -29.1
20.0 120.0 0.00 -28.6
25.0 120.0 0.00 -27.9
30.0 120.0 0.00 -27.0
35.0 120.0 0.01 -26.0
40.0 120.0 0.01 -24.9
45.0 120.0 0.02 -23.5
50.0 120.0 0.02 -22.0
55.0 120.0 0.03 -20.4
60.0 120.0 0.04 -18.6
65.0 120.0 0.04 -16.5
70.0 120.0 0.05 -14.4
75.0 120.0 0.05 -12.0
80.0 120.0 0.06 -9.5
85.0 120.0 0.06 -6.9
90.0 120.0 0.00 0.0
0.0 130.0 0.00 -40.0
5.0 130.0 0.00 -39.8
10.0 130.0 0.00 -39.5
15.0 130.0 0.00 -39.0
20.0 130.0 0.00 -38.3
25.0 130.0 0.00 -37.5
30.0 130.0 0.00 -36.5
35.0 130.0 0.01 -35.3
40.0 130.0 0.01 -33.9
45.0 130.0 0.02 -32.2
50.0 130.0 0.03 -30.4
55.0 130.0 0.04 -28.3
60.0 130.0 0.04 -25.9
65.0 130.0 0.05 -23.3
70.0 130.0 0.06 -20.4
75.0 130.0 0.07 -17.2
80.0 130.0 0.08 -13.7
85.0 130.0 0.09 -9.9
90.0 130.0 0.00 0.0
0.0 140.0 0.00 -50.0
5.0 140.0 0.00 -49.8
10.0 140.0 0.00 -49.4
15.0 140.0 0.00 -48.9
20.0 140.0 0.00 -48.2
25.0 140.0 0.00 -47.3
30.0 140.0 0.00 -46.3
35.0 140.0 0.01 -45.0
40.0 140.0 0.01 -43.5
45.0 140.0 0.02 -41.7
50.0 140.0 0.03 -39.6
55.0 140.0 0.04 -37.3
60.0 140.0 0.05 -34.5
65.0 140.0 0.06 -31.4
70.0 140.0 0.08 -27.8
75.0 140.0 0.09 -23.7
80.0 140.0 0.11 -19.1
85.0 140.0 0.12 -14.1
90.0 140.0 0.00 0.0
0.0 150.0 0.00 -60.0
5.0 150.0 0.00 -59.8
10.0 150.0 0.00 -59.4
15.0 150.0 0.00 -58.9
20.0 150.0 0.00 -58.3
25.0 150.0 0.00 -57.5
30.0 150.0 0.00 -56.5
35.0 150.0 0.00 -55.2
40.0 150.0 0.01 -53.8
45.0 150.0 0.01 -52.1
50.0 150.0 0.02 -50.0
55.0 150.0 0.03 -47.6
60.0 150.0 0.05 -44.7
65.0 150.0 0.06 -41.3
70.0 150.0 0.08 -37.2
75.0 150.0 0.11 -32.4
80.0 150.0 0.13 -26.7
85.0 150.0 0.16 -20.1
90.0 150.0 0.00 0.0
0.0 160.0 0.00 -70.0
5.0 160.0 0.00 -69.8
10.0 160.0 0.01 -69.5
15.0 160.0 0.01 -69.1
20.0 160.0 0.01 -68.5
25.0 160.0 0.01 -67.8
30.0 160.0 0.01 -67.0
35.0 160.0 0.01 -66.0
40.0 160.0 0.00 -64.8
45.0 160.0 0.00 -63.4
50.0 160.0 0.01 -61.6
55.0 160.0 0.02 -59.5
60.0 160.0 0.03 -56.9
65.0 160.0 0.05 -53.7
70.0 160.0 0.07 -49.7
75.0 160.0 0.10 -44.7
80.0 160.0 0.14 -38.4
85.0 160.0 0.20 -30.4
90.0 160.0 0.00 0.0
0.0 170.0 0.00 -80.0
5.0 170.0 0.00 -79.8
10.0 170.0 0.01 -79.6
15.0 170.0 0.01 -79.3
20.0 170.0 0.01 -78.9
25.0 170.0 0.01 -78.4
30.0 170.0 0.01 -77.9
35.0 170.0 0.01 -77.2
40.0 170.0 0.01 -76.4
45.0 170.0 0.01 -75.5
50.0 170.0 0.01 -74.3
55.0 170.0 0.01 -72.9
60.0 170.0 0.00 -71.1
65.0 170.0 0.01 -68.9
70.0 170.0 0.03 -65.9
75.0 170.0 0.05 -62.1
80.0 170.0 0.10 -56.8
85.0 170.0 0.18 -49.5
90.0 170.0 0.00 0.0
0.0 180.0 0.00 -90.0
5.0 180.0 0.00 -89.8
10.0 180.0 0.01 -89.7
15.0 180.0 0.01 -89.5
20.0 180.0 0.01 -89.3
25.0 180.0 0.02 -89.1
30.0 180.0 0.02 -89.0
35.0 180.0 0.02 -88.7
40.0 180.0 0.03 -88.5
45.0 180.0 0.03 -88.2
50.0 180.0 0.04 -87.9
55.0 180.0 0.04 -87.5
60.0 180.0 0.05 -87.0
65.0 180.0 0.05 -86.4
70.0 180.0 0.06 -85.5
75.0 180.0 0.06 -84.3
80.0 180.0 0.07 -82.5
85.0 180.0 0.06 -79.5
90.0 180.0 0.00 0.0
0.0 190.0 0.00 80.0
5.0 190.0 0.00 80.1
10.0 190.0 0.01 80.2
15.0 190.0 0.01 80.2
20.0 190.0 0.02 80.2
25.0 190.0 0.02 80.1
30.0 190.0 0.03 79.9
35.0 190.0 0.03 79.7
40.0 190.0 0.04 79.4
45.0 190.0 0.05 78.9
50.0 190.0 0.06 78.4
55.0 190.0 0.07 77.6
60.0 190.0 0.09 76.6
65.0 190.0 0.11 75.4
70.0 190.0 0.14 73.7
75.0 190.0 0.18 71.3
80.0 190.0 0.24 68.0
85.0 190.0 0.35 63.0
90.0 190.0 0.00 0.0
0.0 200.0 0.00 70.0
5.0 200.0 0.00 70.1
10.0 200.0 0.01 70.1
15.0 200.0 0.01 70.0
20.0 200.0 0.02 69.8
25.0 200.0 0.02 69.4
30.0 200.0 0.03 68.9
35.0 200.0 0.04 68.3
40.0 200.0 0.05 67.5
45.0 200.0 0.06 66.4
50.0 200.0 0.07 65.1
55.0 200.0 0.09 63.4
60.0 200.0 0.11 61.3
65.0 200.0 0.13 58.5
70.0 200.0 0.17 54.9
75.0 200.0 0.21 50.1
80.0 200.0 0.26 43.5
85.0 200.0 0.32 34.2
90.0 200.0 0.00 0.0
0.0 210.0 0.00 60.0
5.0 210.0 0.00 60.1
10.0 210.0 0.01 60.0
15.0 210.0 0.01 59.8
20.0 210.0 0.02 59.4
25.0 210.0 0.02 58.9
30.0 210.0 0.03 58.2
35.0 210.0 0.04 57.2
40.0 210.0 0.05 56.1
45.0 210.0 0.06 54.6
50.0 210.0 0.08 52.8
55.0 210.0 0.09 50.6
60.0 210.0 0.11 47.9
65.0 210.0 0.13 44.5
70.0 210.0 0.15 40.4
75.0 210.0 0.18 35.3
80.0 210.0 0.20 29.0
85.0 210.0 0.23 21.4
90.0 210.0 0.00 0.0
0.0 220.0 0.00 50.0
5.0 220.0 0.00 50.0
10.0 220.0 0.01 49.9
15.0 220.0 0.01 49.6
20.0 220.0 0.02 49.2
25.0 220.0 0.02 48.5
30.0 220.0 0.03 47.7
35.0 220.0 0.04 46.6
40.0 220.0 0.05 45.3
45.0 220.0 0.06 43.7
50.0 220.0 0.07 41.8
55.0 220.0 0.09 39.5
60.0 220.0 0.10 36.7
65.0 220.0 0.11 33.5
70.0 220.0 0.13 29.7
75.0 220.0 0.14 25.3
80.0 220.0 0.15 20.3
85.0 220.0 0.16 14.6
90.0 220.0 0.00 0.0
0.0 230.0 0.00 40.0
5.0 230.0 0.00 40.0
10.0 230.0 0.01 39.9
15.0 230.0 0.01 39.6
20.0 230.0 0.02 39.1
25.0 230.0 0.02 38.5
30.0 230.0 0.03 37.6
35.0 230.0 0.04 36.6
40.0 230.0 0.04 35.3
45.0 230.0 0.05 33.7
50.0 230.0 0.06 31.9
55.0 230.0 0.07 29.9
60.0 230.0 0.08 27.4
65.0 230.0 0.09 24.7
70.0 230.0 0.10 21.6
75.0 230.0 0.11 18.1
80.0 230.0 0.11 14.3
85.0 230.0 0.11 10.3
90.0 230.0 0.00 0.0
0.0 240.0 0.00 30.0
5.0 240.0 0.00 30.0
10.0 240.0 0.00 29.9
15.0 240.0 0.01 29.6
20.0 240.0 0.01 29.2
25.0 240.0 0.02 28.6
30.0 240.0 0.02 27.9
35.0 240.0 0.03 26.9
40.0 240.0 0.04 25.9
45.0 240.0 0.04 24.6
50.0 240.0 0.05 23.1
55.0 240.0 0.05 21.4
60.0 240.0 0.06 19.5
65.0 240.0 0.07 17.4
70.0 240.0 0.07 15.1
75.0 240.0 0.08 12.6
80.0 240.0 0.08 9.9
85.0 240.0 0.08 7.0
90.0 240.0 0.00 0.0
0.0 250.0 0.00 20.0
5.0 250.0 0.00 20.0
10.0 250.0 0.00 19.9
15.0 250.0 0.01 19.7
20.0 250.0 0.01 19.4
25.0 250.0 0.01 18.9
30.0 250.0 0.02 18.4
35.0 250.0 0.02 17.7
40.0 250.0 0.02 17.0
45.0 250.0 0.03 16.1
50.0 250.0 0.03 15.0
55.0 250.0 0.04 13.8
60.0 250.0 0.04 12.6
65.0 250.0 0.04 11.2
70.0 250.0 0.05 9.6
75.0 250.0 0.05 8.0
80.0 250.0 0.05 6.2
85.0 250.0 0.05 4.4
90.0 250.0 0.00 0.0
0.0 260.0 0.00 10.0
5.0 260.0 0.00 10.0
10.0 260.0 0.00 9.9
15.0 260.0 0.00 9.8
20.0 260.0 0.00 9.7
25.0 260.0 0.01 9.4
30.0 260.0 0.01 9.2
35.0 260.0 0.01 8.8
40.0 260.0 0.01 8.4
45.0 260.0 0.01 7.9
50.0 260.0 0.02 7.4
55.0 260.0 0.02 6.8
60.0 260.0 0.02 6.2
65.0 260.0 0.02 5.4
70.0 260.0 0.02 4.7
75.0 260.0 0.02 3.9
80.0 260.0 0.02 3.0
85.0 260.0 0.02 2.1
90.0 260.0 0.00 0.0
0.0 270.0 0.00 0.0
5.0 270.0 0.00 0.0
10.0 270.0 0.00 0.0
15.0 270.0 0.00 0.0
20.0 270.0 0.00 0.0
25.0 270.0 0.00 0.0
30.0 270.0 0.00 0.0
35.0 270.0 0.00 0.0
40.0 270.0 0.00 0.0
45.0 270.0 0.00 0.0
50.0 270.0 0.00 0.0
55.0 270.0 0.00 0.0
60.0 270.0 0.00 0.0
65.0 270.0 0.00 0.0
70.0 270.0 0.00 0.0
75.0 270.0 0.00 0.0
80.0 270.0 0.00 0.0
85.0 270.0 0.00 0.0
90.0 270.0 0.00 0.0
0.0 280.0 0.00 -10.0
5.0 280.0 0.00 -10.0
10.0 280.0 0.00 -9.9
15.0 280.0 0.00 -9.8
20.0 280.0 0.00 -9.7
25.0 280.0 0.01 -9.4
30.0 280.0 0.01 -9.1
35.0 280.0 0.01 -8.8
40.0 280.0 0.01 -8.4
45.0 280.0 0.01 -7.9
50.0 280.0 0.02 -7.4
55.0 280.0 0.02 -6.8
60.0 280.0 0.02 -6.1
65.0 280.0 0.02 -5.4
70.0 280.0 0.02 -4.7
75.0 280.0 0.02 -3.9
80.0 280.0 0.02 -3.0
85.0 280.0 0.02 -2.1
90.0 280.0 0.00 0.0
0.0 290.0 0.00 -20.0
5.0 290.0 0.00 -20.0
10.0 290.0 0.00 -19.9
15.0 290.0 0.01 -19.7
20.0 290.0 0.01 -19.4
25.0 290.0 0.01 -18.9
30.0 290.0 0.02 -18.4
35.0 290.0 0.02 -17.7
40.0 290.0 0.02 -16.9
45.0 290.0 0.03 -16.0
50.0 290.0 0.03 -15.0
55.0 290.0 0.04 -13.8
60.0 290.0 0.04 -12.6
65.0 290.0 0.04 -11.1
70.0 290.0 0.05 -9.6
75.0 290.0 0.05 -8.0
80.0 290.0 0.05 -6.2
85.0 290.0 0.05 -4.4
90.0 290.0 0.00 0.0
0.0 300.0 0.00 -30.0
5.0 300.0 0.00 -30.0
10.0 300.0 0.00 -29.9
15.0 300.0 0.01 -29.6
20.0 300.0 0.01 -29.2
25.0 300.0 0.02 -28.6
30.0 300.0 0.02 -27.9
35.0 300.0 0.03 -26.9
40.0 300.0 0.03 -25.9
45.0 300.0 0.04 -24.6
50.0 300.0 0.05 -23.1
55.0 300.0 0.05 -21.4
60.0 300.0 0.06 -19.5
65.0 300.0 0.07 -17.4
70.0 300.0 0.07 -15.1
75.0 300.0 0.08 -12.6
80.0 300.0 0.08 -9.9
85.0 300.0 0.08 -7.0
90.0 300.0 0.00 0.0
0.0 310.0 0.00 -40.0
5.0 310.0 0.00 -40.0
10.0 310.0 0.01 -39.9
15.0 310.0 0.01 -39.6
20.0 310.0 0.02 -39.1
25.0 310.0 0.02 -38.5
30.0 310.0 0.03 -37.6
35.0 310.0 0.04 -36.5
40.0 310.0 0.04 -35.3
45.0 310.0 0.05 -33.7
50.0 310.0 0.06 -31.9
55.0 310.0 0.07 -29.8
60.0 310.0 0.08 -27.4
65.0 310.0 0.09 -24.7
70.0 310.0 0.10 -21.6
75.0 310.0 0.11 -18.1
80.0 310.0 0.11 -14.3
85.0 310.0 0.11 -10.2
90.0 310.0 0.00 0.0
0.0 320.0 0.00 -50.0
5.0 320.0 0.00 -50.0
10.0 320.0 0.01 -49.9
15.0 320.0 0.01 -49.6
20.0 320.0 0.02 -49.2
25.0 320.0 0.02 -48.5
30.0 320.0 0.03 -47.7
35.0 320.0 0.04 -46.6
40.0 320.0 0.05 -45.3
45.0 320.0 0.06 -43.7
50.0 320.0 0.07 -41.8
55.0 320.0 0.09 -39.4
60.0 320.0 0.10 -36.7
65.0 320.0 0.11 -33.5
70.0 320.0 0.13 -29.7
75.0 320.0 0.14 -25.3
80.0 320.0 0.15 -20.2
85.0 320.0 0.16 -14.6
90.0 320.0 0.00 0.0
0.0 330.0 0.00 -60.0
5.0 330.0 0.00 -60.1
10.0 330.0 0.01 -60.0
15.0 330.0 0.01 -59.8
20.0 330.0 0.02 -59.4
25.0 330.0 0.02 -58.9
30.0 330.0 0.03 -58.1
35.0 330.0 0.04 -57.2
40.0 330.0 0.05 -56.0
45.0 330.0 0.06 -54.6
50.0 330.0 0.08 -52.8
55.0 330.0 0.09 -50.6
60.0 330.0 0.11 -47.9
65.0 330.0 0.13 -44.5
70.0 330.0 0.15 -40.4
75.0 330.0 0.18 -35.3
80.0 330.0 0.20 -29.0
85.0 330.0 0.23 -21.4
90.0 330.0 0.00 0.0
0.0 340.0 0.00 -70.0
5.0 340.0 0.00 -70.1
10.0 340.0 0.01 -70.1
15.0 340.0 0.01 -70.0
20.0 340.0 0.02 -69.8
25.0 340.0 0.02 -69.4
30.0 340.0 0.03 -68.9
35.0 340.0 0.04 -68.3
40.0 340.0 0.05 -67.4
45.0 340.0 0.06 -66.4
50.0 340.0 0.07 -65.1
55.0 340.0 0.09 -63.4
60.0 340.0 0.11 -61.2
65.0 340.0 0.13 -58.5
70.0 340.0 0.17 -54.9
75.0 340.0 0.21 -50.1
80.0 340.0 0.26 -43.5
85.0 340.0 0.32 -34.2
90.0 340.0 0.00 0.0
0.0 350.0 0.00 -80.0
5.0 350.0 0.00 -80.1
10.0 350.0 0.01 -80.2
15.0 350.0 0.01 -80.2
20.0 350.0 0.02 -80.2
25.0 350.0 0.02 -80.1
30.0 350.0 0.03 -79.9
35.0 350.0 0.03 -79.7
40.0 350.0 0.04 -79.4
45.0 350.0 0.05 -78.9
50.0 350.0 0.06 -78.3
55.0 350.0 0.07 -77.6
60.0 350.0 0.09 -76.6
65.0 350.0 0.11 -75.3
70.0 350.0 0.14 -73.6
75.0 350.0 0.18 -71.2
80.0 350.0 0.24 -67.9
85.0 350.0 0.35 -62.9
90.0 350.0 0.00 0.0
0.0 360.0 0.00 -90.0
5.0 360.0 0.00 89.8
10.0 360.0 0.01 89.7
15.0 360.0 0.01 89.5
20.0 360.0 0.01 89.3
25.0 360.0 0.02 89.2
30.0 360.0 0.02 89.0
35.0 360.0 0.02 88.8
40.0 360.0 0.03 88.5
45.0 360.0 0.03 88.2
50.0 360.0 0.04 87.9
55.0 360.0 0.04 87.5
60.0 360.0 0.05 87.0
65.0 360.0 0.05 86.4
70.0 360.0 0.06 85.6
75.0 360.0 0.06 84.4
80.0 360.0 0.07 82.5
85.0 360.0 0.06 79.6
90.0 360.0 0.00 0.0
0.0 370.0 0.00 80.0
5.0 370.0 0.00 79.8
10.0 370.0 0.01 79.6
15.0 370.0 0.01 79.3
20.0 370.0 0.01 78.9
25.0 370.0 0.01 78.5
30.0 370.0 0.01 77.9
35.0 370.0 0.01 77.2
40.0 370.0 0.01 76.5
45.0 370.0 0.01 75.5
50.0 370.0 0.01 74.4
55.0 370.0 0.01 72.9
60.0 370.0 0.00 71.2
65.0 370.0 0.01 68.9
70.0 370.0 0.03 66.0
75.0 370.0 0.05 62.1
80.0 370.0 0.10 56.9
85.0 370.0 0.18 49.6
90.0 370.0 0.00 0.0
0.0 380.0 0.00 70.0
5.0 380.0 0.00 69.8
10.0 380.0 0.00 69.5
15.0 380.0 0.01 69.1
20.0 380.0 0.01 68.5
25.0 380.0 0.01 67.9
30.0 380.0 0.01 67.0
35.0 380.0 0.00 66.0
40.0 380.0 0.00 64.8
45.0 380.0 0.00 63.4
50.0 380.0 0.01 61.6
55.0 380.0 0.02 59.5
60.0 380.0 0.03 56.9
65.0 380.0 0.05 53.7
70.0 380.0 0.07 49.7
75.0 380.0 0.10 44.8
80.0 380.0 0.14 38.5
85.0 380.0 0.20 30.4
90.0 380.0 0.00 0.0
0.0 390.0 0.00 60.0
5.0 390.0 0.00 59.8
10.0 390.0 0.00 59.5
15.0 390.0 0.00 59.0
20.0 390.0 0.00 58.3
25.0 390.0 0.00 57.5
30.0 390.0 0.00 56.5
35.0 390.0 0.00 55.3
40.0 390.0 0.01 53.8
45.0 390.0 0.01 52.1
50.0 390.0 0.02 50.0
55.0 390.0 0.03 47.6
60.0 390.0 0.05 44.7
65.0 390.0 0.06 41.3
70.0 390.0 0.08 37.2
75.0 390.0 0.11 32.4
80.0 390.0 0.13 26.8
85.0 390.0 0.16 20.1
90.0 390.0 0.00 0.0
0.0 400.0 0.00 50.0
5.0 400.0 0.00 49.8
10.0 400.0 0.00 49.5
15.0 400.0 0.00 48.9
20.0 400.0 0.00 48.2
25.0 400.0 0.00 47.4
30.0 400.0 0.00 46.3
35.0 400.0 0.01 45.0
40.0 400.0 0.01 43.5
45.0 400.0 0.02 41.7
50.0 400.0 0.03 39.7
55.0 400.0 0.04 37.3
60.0 400.0 0.05 34.5
65.0 400.0 0.06 31.4
70.0 400.0 0.08 27.8
75.0 400.0 0.09 23.7
80.0 400.0 0.11 19.1
85.0 400.0 0.12 14.1
90.0 400.0 0.00 0.0
0.0 410.0 0.00 40.0
5.0 410.0 0.00 39.8
10.0 410.0 0.00 39.5
15.0 410.0 0.00 39.0
20.0 410.0 0.00 38.3
25.0 410.0 0.00 37.5
30.0 410.0 0.00 36.5
35.0 410.0 0.01 35.3
40.0 410.0 0.01 33.9
45.0 410.0 0.02 32.3
50.0 410.0 0.03 30.4
55.0 410.0 0.04 28.3
60.0 410.0 0.04 25.9
65.0 410.0 0.05 23.3
70.0 410.0 0.06 20.4
75.0 410.0 0.07 17.2
80.0 410.0 0.08 13.7
85.0 410.0 0.09 10.0
90.0 410.0 0.00 0.0
0.0 420.0 0.00 30.0
5.0 420.0 0.00 29.9
10.0 420.0 0.00 29.6
15.0 420.0 0.00 29.1
20.0 420.0 0.00 28.6
25.0 420.0 0.00 27.9
30.0 420.0 0.00 27.0
35.0 420.0 0.01 26.0
40.0 420.0 0.01 24.9
45.0 420.0 0.02 23.5
50.0 420.0 0.02 22.1
55.0 420.0 0.03 20.4
60.0 420.0 0.04 18.6
65.0 420.0 0.04 16.6
70.0 420.0 0.05 14.4
75.0 420.0 0.05 12.0
80.0 420.0 0.06 9.5
85.0 420.0 0.06 6.9
90.0 420.0 0.00 0.0
0.0 430.0 0.00 20.0
5.0 430.0 0.00 19.9
10.0 430.0 0.00 19.7
15.0 430.0 0.00 19.4
20.0 430.0 0.00 19.0
25.0 430.0 0.00 18.5
30.0 430.0 0.00 17.9
35.0 430.0 0.01 17.1
40.0 430.0 0.01 16.3
45.0 430.0 0.01 15.4
50.0 430.0 0.02 14.3
55.0 430.0 0.02 13.2
60.0 430.0 0.02 12.0
65.0 430.0 0.03 10.6
70.0 430.0 0.03 9.2
75.0 430.0 0.04 7.6
80.0 430.0 0.04 6.0
85.0 430.0 0.04 4.3
90.0 430.0 0.00 0.0
0.0 440.0 0.00 10.0
5.0 440.0 0.00 9.9
10.0 440.0 0.00 9.8
15.0 440.0 0.00 9.7
20.0 440.0 0.00 9.5
25.0 440.0 0.00 9.2
30.0 440.0 0.00 8.9
35.0 440.0 0.00 8.5
40.0 440.0 0.01 8.1
45.0 440.0 0.01 7.6
50.0 440.0 0.01 7.1
55.0 440.0 0.01 6.5
60.0 440.0 0.01 5.9
65.0 440.0 0.01 5.2
70.0 440.0 0.02 4.5
75.0 440.0 0.02 3.7
80.0 440.0 0.02 2.9
85.0 440.0 0.02 2.1
90.0 440.0 0.00 0.0
0.0 450.0 0.00 0.0
5.0 450.0 0.00 0.0
10.0 450.0 0.00 0.0
15.0 450.0 0.00 0.0
20.0 450.0 0.00 0.0
25.0 450.0 0.00 0.0
30.0 450.0 0.00 0.0
35.0 450.0 0.00 0.0
40.0 450.0 0.00 0.0
45.0 450.0 0.00 0.0
50.0 450.0 0.00 0.0
55.0 450.0 0.00 0.0
60.0 450.0 0.00 0.0
65.0 450.0 0.00 0.0
70.0 450.0 0.00 0.0
75.0 450.0 0.00 0.0
80.0 450.0 0.00 0.0
85.0 450.0 0.00 0.0
90.0 450.0 0.00 0.0
0.0 460.0 0.00 -10.0
5.0 460.0 0.00 -9.9
10.0 460.0 0.00 -9.8
15.0 460.0 0.00 -9.7
20.0 460.0 0.00 -9.4
25.0 460.0 0.00 -9.2
30.0 460.0 0.00 -8.9
35.0 460.0 0.00 -8.5
40.0 460.0 0.01 -8.1
45.0 460.0 0.01 -7.6
50.0 460.0 0.01 -7.1
55.0 460.0 0.01 -6.5
60.0 460.0 0.01 -5.9
65.0 460.0 0.01 -5.2
70.0 460.0 0.02 -4.5
75.0 460.0 0.02 -3.7
80.0 460.0 0.02 -2.9
85.0 460.0 0.02 -2.1
90.0 460.0 0.00 0.0
0.0 470.0 0.00 -20.0
5.0 470.0 0.00 -19.9
10.0 470.0 0.00 -19.7
15.0 470.0 0.00 -19.4
20.0 470.0 0.00 -19.0
25.0 470.0 0.00 -18.4
30.0 470.0 0.00 -17.8
35.0 470.0 0.01 -17.1
40.0 470.0 0.01 -16.3
45.0 470.0 0.01 -15.4
50.0 470.0 0.02 -14.3
55.0 470.0 0.02 -13.2
60.0 470.0 0.02 -12.0
65.0 470.0 0.03 -10.6
70.0 470.0 0.03 -9.2
75.0 470.0 0.04 -7.6
80.0 470.0 0.04 -6.0
85.0 470.0 0.04 -4.3
90.0 470.0 0.00 0.0
0.0 480.0 0.00 -30.0
5.0 480.0 0.00 -29.8
10.0 480.0 0.00 -29.6
15.0 480.0 0.00 -29.1
20.0 480.0 0.00 -28.6
25.0 480.0 0.00 -27.9
30.0 480.0 0.00 -27.0
35.0 480.0 0.01 -26.0
40.0 480.0 0.01 -24.9
45.0 480.0 0.02 -23.5
50.0 480.0 0.02 -22.0
55.0 480.0 0.03 -20.4
60.0 480.0 0.04 -18.6
65.0 480.0 0.04 -16.5
70.0 480.0 0.05 -14.4
75.0 480.0 0.05 -12.0
80.0 480.0 0.06 -9.5
85.0 480.0 0.06 -6.9
90.0 480.0 0.00 0.0
0.0 490.0 0.00 -40.0
5.0 490.0 0.00 -39.8
10.0 490.0 0.00 -39.5
15.0 490.0 0.00 -39.0
20.0 490.0 0.00 -38.3
25.0 490.0 0.00 -37.5
30.0 490.0 0.00 -36.5
35.0 490.0 0.01 -35.3
40.0 490.0 0.01 -33.9
45.0 490.0 0.02 -32.2
50.0 490.0 0.03 -30.4
55.0 490.0 0.04 -28.3
60.0 490.0 0.04 -25.9
65.0 490.0 0.05 -23.3
70.0 490.0 0.06 -20.4
75.0 490.0 0.07 -17.2
80.0 490.0 0.08 -13.7
85.0 490.0 0.09 -9.9
90.0 490.0 0.00 0.0
0.0 500.0 0.00 -50.0
5.0 500.0 0.00 -49.8
10.0 500.0 0.00 -49.4
15.0 500.0 0.00 -48.9
20.0 500.0 0.00 -48.2
25.0 500.0 0.00 -47.3
30.0 500.0 0.00 -46.3
35.0 500.0 0.01 -45.0
40.0 500.0 0.01 -43.5
45.0 500.0 0.02 -41.7
50.0 500.0 0.03 -39.6
55.0 500.0 0.04 -37.3
60.0 500.0 0.05 -34.5
65.0 500.0 0.06 -31.4
70.0 500.0 0.08 -27.8
75.0 500.0 0.09 -23.7
80.0 500.0 0.11 -19.1
85.0 500.0 0.12 -14.1
90.0 500.0 0.00 0.0
0.0 510.0 0.00 -60.0
5.0 510.0 0.00 -59.8
10.0 510.0 0.00 -59.4
15.0 510.0 0.00 -58.9
20.0 510.0 0.00 -58.3
25.0 510.0 0.00 -57.5
30.0 510.0 0.00 -56.5
35.0 510.0 0.00 -55.2
40.0 510.0 0.01 -53.8
45.0 510.0 0.01 -52.1
50.0 510.0 0.02 -50.0
55.0 510.0 0.03 -47.6
60.0 510.0 0.05 -44.7
65.0 510.0 0.06 -41.3
70.0 510.0 0.08 -37.2
75.0 510.0 0.11 -32.4
80.0 510.0 0.13 -26.7
85.0 510.0 0.16 -20.1
90.0 510.0 0.00 0.0
0.0 520.0 0.00 -70.0
5.0 520.0 0.00 -69.8
10.0 520.0 0.01 -69.5
15.0 520.0 0.01 -69.1
20.0 520.0 0.01 -68.5
25.0 520.0 0.01 -67.8
30.0 520.0 0.01 -67.0
35.0 520.0 0.01 -66.0
40.0 520.0 0.00 -64.8
45.0 520.0 0.00 -63.4
50.0 520.0 0.01 -61.6
55.0 520.0 0.02 -59.5
60.0 520.0 0.03 -56.9
65.0 520.0 0.05 -53.7
70.0 520.0 0.07 -49.7
75.0 520.0 0.10 -44.7
80.0 520.0 0.14 -38.4
85.0 520.0 0.20 -30.4
90.0 520.0 0.00 0.0
0.0 530.0 0.00 -80.0
5.0 530.0 0.00 -79.8
10.0 530.0 0.01 -79.6
15.0 530.0 0.01 -79.3
20.0 530.0 0.01 -78.9
25.0 530.0 0.01 -78.4
30.0 530.0 0.01 -77.9
35.0 530.0 0.01 -77.2
40.0 530.0 0.01 -76.4
45.0 530.0 0.01 -75.5
50.0 530.0 0.01 -74.3
55.0 530.0 0.01 -72.9
60.0 530.0 0.00 -71.1
65.0 530.0 0.01 -68.9
70.0 530.0 0.03 -65.9
75.0 530.0 0.05 -62.1
80.0 530.0 0.10 -56.8
85.0 530.0 0.18 -49.5
90.0 530.0 0.00 0.0
0.0 540.0 0.00 -90.0
5.0 540.0 0.00 -89.8
10.0 540.0 0.01 -89.7
15.0 540.0 0.01 -89.5
20.0 540.0 0.01 -89.3
25.0 540.0 0.02 -89.1
30.0 540.0 0.02 -89.0
35.0 540.0 0.02 -88.7
40.0 540.0 0.03 -88.5
45.0 540.0 0.03 -88.2
50.0 540.0 0.04 -87.9
55.0 540.0 0.04 -87.5
60.0 540.0 0.05 -87.0
65.0 540.0 0.05 -86.4
70.0 540.0 0.06 -85.5
75.0 540.0 0.06 -84.3
80.0 540.0 0.07 -82.5
85.0 540.0 0.06 -79.5
90.0 540.0 0.00 0.0
0.0 550.0 0.00 80.0
5.0 550.0 0.00 80.1
10.0 550.0 0.01 80.2
15.0 550.0 0.01 80.2
20.0 550.0 0.02 80.2
25.0 550.0 0.02 80.1
30.0 550.0 0.03 79.9
35.0 550.0 0.03 79.7
40.0 550.0 0.04 79.4
45.0 550.0 0.05 78.9
50.0 550.0 0.06 78.4
55.0 550.0 0.07 77.6
60.0 550.0 0.09 76.6
65.0 550.0 0.11 75.4
70.0 550.0 0.14 73.7
75.0 550.0 0.18 71.3
80.0 550.0 0.24 68.0
85.0 550.0 0.35 63.0
90.0 550.0 0.00 0.0
0.0 560.0 0.00 70.0
5.0 560.0 0.00 70.1
10.0 560.0 0.01 70.1
15.0 560.0 0.01 70.0
20.0 560.0 0.02 69.8
25.0 560.0 0.02 69.4
30.0 560.0 0.03 68.9
35.0 560.0 0.04 68.3
40.0 560.0 0.05 67.5
45.0 560.0 0.06 66.4
50.0 560.0 0.07 65.1
55.0 560.0 0.09 63.4
60.0 560.0 0.11 61.3
65.0 560.0 0.13 58.5
70.0 560.0 0.17 54.9
75.0 560.0 0.21 50.1
80.0 560.0 0.26 43.5
85.0 560.0 0.32 34.2
90.0 560.0 0.00 0.0
0.0 570.0 0.00 60.0
5.0 570.0 0.00 60.1
10.0 570.0 0.01 60.0
15.0 570.0 0.01 59.8
20.0 570.0 0.02 59.4
25.0 570.0 0.02 58.9
30.0 570.0 0.03 58.2
35.0 570.0 0.04 57.2
40.0 570.0 0.05 56.1
45.0 570.0 0.06 54.6
50.0 570.0 0.08 52.8
55.0 570.0 0.09 50.6
60.0 570.0 0.11 47.9
65.0 570.0 0.13 44.5
70.0 570.0 0.15 40.4
75.0 570.0 0.18 35.3
80.0 570.0 0.20 29.0
85.0 570.0 0.23 21.4
90.0 570.0 0.00 0.0
0.0 580.0 0.00 50.0
5.0 580.0 0.00 50.0
10.0 580.0 0.01 49.9
15.0 580.0 0.01 49.6
20.0 580.0 0.02 49.2
25.0 580.0 0.02 48.5
30.0 580.0 0.03 47.7
35.0 580.0 0.04 46.6
40.0 580.0 0.05 45.3
45.0 580.0 0.06 43.7
50.0 580.0 0.07 41.8
55.0 580.0 0.09 39.5
60.0 580.0 0.10 36.7
65.0 580.0 0.11 33.5
70.0 580.0 0.13 29.7
75.0 580.0 0.14 25.3
80.0 580.0 0.15 20.3
85.0 580.0 0.16 14.6
90.0 580.0 0.00 0.0
0.0 590.0 0.00 40.0
5.0 590.0 0.00 40.0
10.0 590.0 0.01 39.9
15.0 590.0 0.01 39.6
20.0 590.0 0.02 39.1
25.0 590.0 0.02 38.5
30.0 590.0 0.03 37.6
35.0 590.0 0.04 36.6
40.0 590.0 0.04 35.3
45.0 590.0 0.05 33.7
50.0 590.0 0.06 31.9
55.0 590.0 0.07 29.9
60.0 590.0 0.08 27.4
65.0 590.0 0.09 24.7
70.0 590.0 0.10 21.6
75.0 590.0 0.11 18.1
80.0 590.0 0.11 14.3
85.0 590.0 0.11 10.3
90.0 590.0 0.00 0.0
0.0 600.0 0.00 30.0
5.0 600.0 0.00 30.0
10.0 600.0 0.00 29.9
15.0 600.0 0.01 29.6
20.0 600.0 0.01 29.2
25.0 600.0 0.02 28.6
30.0 600.0 0.02 27.9
35.0 600.0 0.03 26.9
40.0 600.0 0.04 25.9
45.0 600.0 0.04 24.6
50.0 600.0 0.05 23.1
55.0 600.0 0.05 21.4
60.0 600.0 0.06 19.5
65.0 600.0 0.07 17.4
70.0 600.0 0.07 15.1
75.0 600.0 0.08 12.6
80.0 600.0 0.08 9.9
85.0 600.0 0.08 7.0
90.0 600.0 0.00 0.0
0.0 610.0 0.00 20.0
5.0 610.0 0.00 20.0
10.0 610.0 0.00 19.9
15.0 610.0 0.01 19.7
20.0 610.0 0.01 19.4
25.0 610.0 0.01 18.9
30.0 610.0 0.02 18.4
35.0 610.0 0.02 17.7
40.0 610.0 0.02 17.0
45.0 610.0 0.03 16.1
50.0 610.0 0.03 15.0
55.0 610.0 0.04 13.8
60.0 610.0 0.04 12.6
65.0 610.0 0.04 11.2
70.0 610.0 0.05 9.6
75.0 610.0 0.05 8.0
80.0 610.0 0.05 6.2
85.0 610.0 0.05 4.4
90.0 610.0 0.00 0.0
0.0 620.0 0.00 10.0
5.0 620.0 0.00 10.0
10.0 620.0 0.00 9.9
15.0 620.0 0.00 9.8
20.0 620.0 0.00 9.7
25.0 620.0 0.01 9.4
30.0 620.0 0.01 9.2
35.0 620.0 0.01 8.8
40.0 620.0 0.01 8.4
45.0 620.0 0.01 7.9
50.0 620.0 0.02 7.4
55.0 620.0 0.02 6.8
60.0 620.0 0.02 6.2
65.0 620.0 0.02 5.4
70.0 620.0 0.02 4.7
75.0 620.0 0.02 3.9
80.0 620.0 0.02 3.0
85.0 620.0 0.02 2.1
90.0 620.0 0.00 0.0
0.0 630.0 0.00 0.0
5.0 630.0 0.00 0.0
10.0 630.0 0.00 0.0
15.0 630.0 0.00 0.0
20.0 630.0 0.00 0.0
25.0 630.0 0.00 0.0
30.0 630.0 0.00 0.0
35.0 630.0 0.00 0.0
40.0 630.0 0.00 0.0
45.0 630.0 0.00 0.0
50.0 630.0 0.00 0.0
55.0 630.0 0.00 0.0
60.0 630.0 0.00 0.0
65.0 630.0 0.00 0.0
70.0 630.0 0.00 0.0
75.0 630.0 0.00 0.0
80.0 630.0 0.00 0.0
85.0 630.0 0.00 0.0
90.0 630.0 0.00 0.0
0.0 640.0 0.00 -10.0
5.0 640.0 0.00 -10.0
10.0 640.0 0.00 -9.9
15.0 640.0 0.00 -9.8
20.0 640.0 0.00 -9.7
25.0 640.0 0.01 -9.4
30.0 640.0 0.01 -9.1
35.0 640.0 0.01 -8.8
40.0 640.0 0.01 -8.4
45.0 640.0 0.01 -7.9
50.0 640.0 0.02 -7.4
55.0 640.0 0.02 -6.8
60.0 640.0 0.02 -6.1
65.0 640.0 0.02 -5.4
70.0 640.0 0.02 -4.7
75.0 640.0 0.02 -3.9
80.0 640.0 0.02 -3.0
85.0 640.0 0.02 -2.1
90.0 640.0 0.00 0.0
0.0 650.0 0.00 -20.0
5.0 650.0 0.00 -20.0
10.0 650.0 0.00 -19.9
15.0 650.0 0.01 -19.7
20.0 650.0 0.01 -19.4
25.0 650.0 0.01 -18.9
30.0 650.0 0.02 -18.4
35.0 650.0 0.02 -17.7
40.0 650.0 0.02 -16.9
45.0 650.0 0.03 -16.0
50.0 650.0 0.03 -15.0
55.0 650.0 0.04 -13.8
60.0 650.0 0.04 -12.6
65.0 650.0 0.04 -11.1
70.0 650.0 0.05 -9.6
75.0 650.0 0.05 -8.0
80.0 650.0 0.05 -6.2
85.0 650.0 0.05 -4.4
90.0 650.0 0.00 0.0
0.0 660.0 0.00 -30.0
5.0 660.0 0.00 -30.0
10.0 660.0 0.00 -29.9
15.0 660.0 0.01 -29.6
20.0 660.0 0.01 -29.2
25.0 660.0 0.02 -28.6
30.0 660.0 0.02 -27.9
35.0 660.0 0.03 -26.9
40.0 660.0 0.03 -25.9
45.0 660.0 0.04 -24.6
50.0 660.0 0.05 -23.1
55.0 660.0 0.05 -21.4
60.0 660.0 0.06 -19.5
65.0 660.0 0.07 -17.4
70.0 660.0 0.07 -15.1
75.0 660.0 0.08 -12.6
80.0 660.0 0.08 -9.9
85.0 660.0 0.08 -7.0
90.0 660.0 0.00 0.0
0.0 670.0 0.00 -40.0
5.0 670.0 0.00 -40.0
10.0 670.0 0.01 -39.9
15.0 670.0 0.01 -39.6
20.0 670.0 0.02 -39.1
25.0 670.0 0.02 -38.5
30.0 670.0 0.03 -37.6
35.0 670.0 0.04 -36.5
40.0 670.0 0.04 -35.3
45.0 670.0 0.05 -33.7
50.0 670.0 0.06 -31.9
55.0 670.0 0.07 -29.8
60.0 670.0 0.08 -27.4
65.0 670.0 0.09 -24.7
70.0 670.0 0.10 -21.6
75.0 670.0 0.11 -18.1
80.0 670.0 0.11 -14.3
85.0 670.0 0.11 -10.2
90.0 670.0 0.00 0.0
0.0 680.0 0.00 -50.0
5.0 680.0 0.00 -50.0
10.0 680.0 0.01 -49.9
15.0 680.0 0.01 -49.6
20.0 680.0 0.02 -49.2
25.0 680.0 0.02 -48.5
30.0 680.0 0.03 -47.7
35.0 680.0 0.04 -46.6
40.0 680.0 0.05 -45.3
45.0 680.0 0.06 -43.7
50.0 680.0 0.07 -41.8
55.0 680.0 0.09 -39.4
60.0 680.0 0.10 -36.7
65.0 680.0 0.11 -33.5
70.0 680.0 0.13 -29.7
75.0 680.0 0.14 -25.3
80.0 680.0 0.15 -20.2
85.0 680.0 0.16 -14.6
90.0 680.0 0.00 0.0
0.0 690.0 0.00 -60.0
5.0 690.0 0.00 -60.1
10.0 690.0 0.01 -60.0
15.0 690.0 0.01 -59.8
20.0 690.0 0.02 -59.4
25.0 690.0 0.02 -58.9
30.0 690.0 0.03 -58.1
35.0 690.0 0.04 -57.2
40.0 690.0 0.05 -56.0
45.0 690.0 0.06 -54.6
50.0 690.0 0.08 -52.8
55.0 690.0 0.09 -50.6
60.0 690.0 0.11 -47.9
65.0 690.0 0.13 -44.5
70.0 690.0 0.15 -40.4
75.0 690.0 0.18 -35.3
80.0 690.0 0.20 -29.0
85.0 690.0 0.23 -21.4
90.0 690.0 0.00 0.0
0.0 700.0 0.00 -70.0
5.0 700.0 0.00 -70.1
10.0 700.0 0.01 -70.1
15.0 700.0 0.01 -70.0
20.0 700.0 0.02 -69.8
25.0 700.0 0.02 -69.4
30.0 700.0 0.03 -68.9
35.0 700.0 0.04 -68.3
40.0 700.0 0.05 -67.4
45.0 700.0 0.06 -66.4
50.0 700.0 0.07 -65.1
55.0 700.0 0.09 -63.4
60.0 700.0 0.11 -61.2
65.0 700.0 0.13 -58.5
70.0 700.0 0.17 -54.9
75.0 700.0 0.21 -50.1
80.0 700.0 0.26 -43.5
85.0 700.0 0.32 -34.2
90.0 700.0 0.00 0.0
0.0 710.0 0.00 -80.0
5.0 710.0 0.00 -80.1
10.0 710.0 0.01 -80.2
15.0 710.0 0.01 -80.2
20.0 710.0 0.02 -80.2
25.0 710.0 0.02 -80.1
30.0 710.0 0.03 -79.9
35.0 710.0 0.03 -79.7
40.0 710.0 0.04 -79.4
45.0 710.0 0.05 -78.9
50.0 710.0 0.06 -78.3
55.0 710.0 0.07 -77.6
60.0 710.0 0.09 -76.6
65.0 710.0 0.11 -75.3
70.0 710.0 0.14 -73.6
75.0 710.0 0.18 -71.2
80.0 710.0 0.24 -67.9
85.0 710.0 0.35 -62.9
90.0 710.0 0.00 0.0
0.0 720.0 0.00 -90.0
5.0 720.0 0.00 89.8
10.0 720.0 0.01 89.7
15.0 720.0 0.01 89.5
20.0 720.0 0.01 89.3
25.0 720.0 0.02 89.2
30.0 720.0 0.02 89.0
35.0 720.0 0.02 88.8
40.0 720.0 0.03 88.5
45.0 720.0 0.03 88.2
50.0 720.0 0.04 87.9
55.0 720.0 0.04 87.5
60.0 720.0 0.05 87.0
65.0 720.0 0.05 86.4
70.0 720.0 0.06 85.6
75.0 720.0 0.06 84.4
80.0 720.0 0.07 82.5
85.0 720.0 0.06 79.6
90.0 720.0 0.00 0.0
