# Radiation Pattern Data
# Generated from: 80m-loop_59.out
# Frequency: 3.5 MHz
# Format: Theta Phi Gain_dBi Phase_deg
# Theta: elevation angle (0-180 degrees)
# Phi: azimuth angle (0-360 degrees)
0.0 0.0 0.00 -0.0
5.0 0.0 0.00 -0.2
10.0 0.0 0.01 -0.3
15.0 0.0 0.01 -0.5
20.0 0.0 0.01 -0.7
25.0 0.0 0.01 -1.0
30.0 0.0 0.02 -1.2
35.0 0.0 0.02 -1.5
40.0 0.0 0.02 -1.8
45.0 0.0 0.02 -2.2
50.0 0.0 0.03 -2.6
55.0 0.0 0.02 -3.1
60.0 0.0 0.02 -3.6
65.0 0.0 0.01 -4.1
70.0 0.0 0.00 -4.3
75.0 0.0 0.01 -4.2
80.0 0.0 0.02 -3.7
85.0 0.0 0.02 -2.8
90.0 0.0 0.00 0.0
0.0 10.0 0.00 -10.0
5.0 10.0 0.00 -10.2
10.0 10.0 0.00 -10.4
15.0 10.0 0.01 -10.8
20.0 10.0 0.01 -11.2
25.0 10.0 0.01 -11.6
30.0 10.0 0.00 -12.2
35.0 10.0 0.00 -12.8
40.0 10.0 0.01 -13.6
45.0 10.0 0.01 -14.4
50.0 10.0 0.03 -15.3
55.0 10.0 0.05 -16.1
60.0 10.0 0.08 -16.7
65.0 10.0 0.11 -16.8
70.0 10.0 0.15 -15.9
75.0 10.0 0.18 -13.8
80.0 10.0 0.19 -10.6
85.0 10.0 0.18 -6.9
90.0 10.0 0.00 0.0
0.0 20.0 0.00 -20.0
5.0 20.0 0.00 -20.2
10.0 20.0 0.00 -20.5
15.0 20.0 0.00 -21.0
20.0 20.0 0.00 -21.5
25.0 20.0 0.00 -22.2
30.0 20.0 0.01 -23.0
35.0 20.0 0.02 -23.9
40.0 20.0 0.03 -25.0
45.0 20.0 0.05 -26.2
50.0 20.0 0.07 -27.5
55.0 20.0 0.10 -28.6
60.0 20.0 0.15 -29.5
65.0 20.0 0.20 -29.6
70.0 20.0 0.26 -28.5
75.0 20.0 0.32 -25.3
80.0 20.0 0.36 -19.5
85.0 20.0 0.34 -12.1
90.0 20.0 0.00 0.0
0.0 30.0 0.00 -30.0
5.0 30.0 0.00 -30.2
10.0 30.0 0.00 -30.6
15.0 30.0 0.00 -31.1
20.0 30.0 0.00 -31.7
25.0 30.0 0.01 -32.5
30.0 30.0 0.02 -33.5
35.0 30.0 0.03 -34.6
40.0 30.0 0.04 -35.9
45.0 30.0 0.07 -37.4
50.0 30.0 0.09 -38.9
55.0 30.0 0.13 -40.3
60.0 30.0 0.18 -41.6
65.0 30.0 0.24 -42.3
70.0 30.0 0.32 -41.9
75.0 30.0 0.40 -39.2
80.0 30.0 0.48 -32.4
85.0 30.0 0.50 -20.6
90.0 30.0 0.00 0.0
0.0 40.0 0.00 -40.0
5.0 40.0 0.00 -40.2
10.0 40.0 0.00 -40.6
15.0 40.0 0.00 -41.1
20.0 40.0 0.01 -41.8
25.0 40.0 0.01 -42.6
30.0 40.0 0.02 -43.7
35.0 40.0 0.03 -44.9
40.0 40.0 0.05 -46.2
45.0 40.0 0.07 -47.7
50.0 40.0 0.10 -49.3
55.0 40.0 0.14 -50.9
60.0 40.0 0.18 -52.5
65.0 40.0 0.24 -53.7
70.0 40.0 0.32 -54.2
75.0 40.0 0.41 -53.3
80.0 40.0 0.52 -49.0
85.0 40.0 0.62 -36.2
90.0 40.0 0.00 0.0
0.0 50.0 0.00 -50.0
5.0 50.0 0.00 -50.2
10.0 50.0 0.00 -50.5
15.0 50.0 0.00 -51.0
20.0 50.0 0.01 -51.7
25.0 50.0 0.01 -52.5
30.0 50.0 0.02 -53.5
35.0 50.0 0.03 -54.6
40.0 50.0 0.05 -55.9
45.0 50.0 0.07 -57.3
50.0 50.0 0.09 -58.8
55.0 50.0 0.12 -60.3
60.0 50.0 0.16 -61.9
65.0 50.0 0.21 -63.3
70.0 50.0 0.27 -64.4
75.0 50.0 0.35 -64.8
80.0 50.0 0.46 -63.5
85.0 50.0 0.61 -57.8
90.0 50.0 0.00 0.0
0.0 60.0 0.00 -60.0
5.0 60.0 0.00 -60.1
10.0 60.0 0.00 -60.5
15.0 60.0 0.00 -60.9
20.0 60.0 0.01 -61.4
25.0 60.0 0.01 -62.1
30.0 60.0 0.02 -62.9
35.0 60.0 0.03 -63.9
40.0 60.0 0.04 -65.0
45.0 60.0 0.06 -66.1
50.0 60.0 0.08 -67.4
55.0 60.0 0.10 -68.7
60.0 60.0 0.13 -70.0
65.0 60.0 0.16 -71.3
70.0 60.0 0.21 -72.4
75.0 60.0 0.27 -73.2
80.0 60.0 0.35 -73.4
85.0 60.0 0.48 -72.5
90.0 60.0 0.00 0.0
0.0 70.0 0.00 -70.0
5.0 70.0 0.00 -70.1
10.0 70.0 0.00 -70.3
15.0 70.0 0.00 -70.6
20.0 70.0 0.00 -71.0
25.0 70.0 0.01 -71.5
30.0 70.0 0.01 -72.1
35.0 70.0 0.02 -72.8
40.0 70.0 0.03 -73.6
45.0 70.0 0.04 -74.4
50.0 70.0 0.05 -75.3
55.0 70.0 0.07 -76.2
60.0 70.0 0.09 -77.2
65.0 70.0 0.11 -78.1
70.0 70.0 0.14 -79.0
75.0 70.0 0.18 -79.7
80.0 70.0 0.23 -80.2
85.0 70.0 0.32 -80.5
90.0 70.0 0.00 0.0
0.0 80.0 0.00 -80.0
5.0 80.0 0.00 -80.1
10.0 80.0 0.00 -80.2
15.0 80.0 0.00 -80.3
20.0 80.0 0.00 -80.5
25.0 80.0 0.00 -80.8
30.0 80.0 0.01 -81.1
35.0 80.0 0.01 -81.5
40.0 80.0 0.02 -81.9
45.0 80.0 0.02 -82.3
50.0 80.0 0.03 -82.8
55.0 80.0 0.04 -83.2
60.0 80.0 0.04 -83.7
65.0 80.0 0.06 -84.2
70.0 80.0 0.07 -84.7
75.0 80.0 0.09 -85.1
80.0 80.0 0.12 -85.4
85.0 80.0 0.16 -85.7
90.0 80.0 0.00 0.0
0.0 90.0 0.00 90.0
5.0 90.0 0.00 90.0
10.0 90.0 0.00 90.0
15.0 90.0 0.00 90.0
20.0 90.0 0.00 90.0
25.0 90.0 0.00 90.0
30.0 90.0 0.00 90.0
35.0 90.0 0.00 90.0
40.0 90.0 0.00 90.0
45.0 90.0 0.00 90.0
50.0 90.0 0.00 90.0
55.0 90.0 0.00 90.0
60.0 90.0 0.00 90.0
65.0 90.0 0.00 90.0
70.0 90.0 0.00 90.0
75.0 90.0 0.00 90.0
80.0 90.0 0.00 90.0
85.0 90.0 0.00 90.0
90.0 90.0 0.00 0.0
0.0 100.0 0.00 80.0
5.0 100.0 0.00 80.1
10.0 100.0 0.00 80.2
15.0 100.0 0.00 80.3
20.0 100.0 0.00 80.5
25.0 100.0 0.00 80.8
30.0 100.0 0.01 81.1
35.0 100.0 0.01 81.5
40.0 100.0 0.02 81.9
45.0 100.0 0.02 82.3
50.0 100.0 0.03 82.8
55.0 100.0 0.04 83.2
60.0 100.0 0.04 83.7
65.0 100.0 0.06 84.2
70.0 100.0 0.07 84.7
75.0 100.0 0.09 85.1
80.0 100.0 0.12 85.4
85.0 100.0 0.16 85.7
90.0 100.0 0.00 0.0
0.0 110.0 0.00 70.0
5.0 110.0 0.00 70.1
10.0 110.0 0.00 70.3
15.0 110.0 0.00 70.6
20.0 110.0 0.00 71.0
25.0 110.0 0.01 71.5
30.0 110.0 0.01 72.1
35.0 110.0 0.02 72.8
40.0 110.0 0.03 73.6
45.0 110.0 0.04 74.4
50.0 110.0 0.05 75.3
55.0 110.0 0.07 76.2
60.0 110.0 0.09 77.2
65.0 110.0 0.11 78.1
70.0 110.0 0.14 79.0
75.0 110.0 0.18 79.7
80.0 110.0 0.23 80.2
85.0 110.0 0.32 80.5
90.0 110.0 0.00 0.0
0.0 120.0 0.00 60.0
5.0 120.0 0.00 60.1
10.0 120.0 0.00 60.5
15.0 120.0 0.00 60.9
20.0 120.0 0.01 61.4
25.0 120.0 0.01 62.1
30.0 120.0 0.02 62.9
35.0 120.0 0.03 63.9
40.0 120.0 0.04 65.0
45.0 120.0 0.06 66.1
50.0 120.0 0.08 67.4
55.0 120.0 0.10 68.7
60.0 120.0 0.13 70.0
65.0 120.0 0.16 71.3
70.0 120.0 0.21 72.4
75.0 120.0 0.27 73.2
80.0 120.0 0.35 73.4
85.0 120.0 0.48 72.5
90.0 120.0 0.00 0.0
0.0 130.0 0.00 50.0
5.0 130.0 0.00 50.2
10.0 130.0 0.00 50.5
15.0 130.0 0.00 51.0
20.0 130.0 0.01 51.7
25.0 130.0 0.01 52.5
30.0 130.0 0.02 53.5
35.0 130.0 0.03 54.6
40.0 130.0 0.05 55.9
45.0 130.0 0.07 57.3
50.0 130.0 0.09 58.8
55.0 130.0 0.12 60.3
60.0 130.0 0.16 61.9
65.0 130.0 0.21 63.3
70.0 130.0 0.27 64.4
75.0 130.0 0.35 64.8
80.0 130.0 0.46 63.5
85.0 130.0 0.61 57.8
90.0 130.0 0.00 0.0
0.0 140.0 0.00 40.0
5.0 140.0 0.00 40.2
10.0 140.0 0.00 40.6
15.0 140.0 0.00 41.1
20.0 140.0 0.01 41.8
25.0 140.0 0.01 42.6
30.0 140.0 0.02 43.7
35.0 140.0 0.03 44.9
40.0 140.0 0.05 46.2
45.0 140.0 0.07 47.7
50.0 140.0 0.10 49.3
55.0 140.0 0.14 50.9
60.0 140.0 0.18 52.5
65.0 140.0 0.24 53.7
70.0 140.0 0.32 54.2
75.0 140.0 0.41 53.3
80.0 140.0 0.52 49.0
85.0 140.0 0.62 36.2
90.0 140.0 0.00 0.0
0.0 150.0 0.00 30.0
5.0 150.0 0.00 30.2
10.0 150.0 0.00 30.6
15.0 150.0 0.00 31.1
20.0 150.0 0.00 31.7
25.0 150.0 0.01 32.5
30.0 150.0 0.02 33.5
35.0 150.0 0.03 34.6
40.0 150.0 0.04 35.9
45.0 150.0 0.07 37.4
50.0 150.0 0.09 38.9
55.0 150.0 0.13 40.3
60.0 150.0 0.18 41.6
65.0 150.0 0.24 42.3
70.0 150.0 0.32 41.9
75.0 150.0 0.40 39.2
80.0 150.0 0.48 32.4
85.0 150.0 0.50 20.6
90.0 150.0 0.00 0.0
0.0 160.0 0.00 20.0
5.0 160.0 0.00 20.2
10.0 160.0 0.00 20.5
15.0 160.0 0.00 21.0
20.0 160.0 0.00 21.5
25.0 160.0 0.00 22.2
30.0 160.0 0.01 23.0
35.0 160.0 0.02 23.9
40.0 160.0 0.03 25.0
45.0 160.0 0.05 26.2
50.0 160.0 0.07 27.5
55.0 160.0 0.10 28.6
60.0 160.0 0.15 29.5
65.0 160.0 0.20 29.6
70.0 160.0 0.26 28.5
75.0 160.0 0.32 25.3
80.0 160.0 0.36 19.5
85.0 160.0 0.34 12.1
90.0 160.0 0.00 0.0
0.0 170.0 0.00 10.0
5.0 170.0 0.00 10.2
10.0 170.0 0.00 10.4
15.0 170.0 0.01 10.8
20.0 170.0 0.01 11.2
25.0 170.0 0.01 11.6
30.0 170.0 0.00 12.2
35.0 170.0 0.00 12.8
40.0 170.0 0.01 13.6
45.0 170.0 0.01 14.4
50.0 170.0 0.03 15.3
55.0 170.0 0.05 16.1
60.0 170.0 0.08 16.7
65.0 170.0 0.11 16.8
70.0 170.0 0.15 15.9
75.0 170.0 0.18 13.8
80.0 170.0 0.19 10.6
85.0 170.0 0.18 6.9
90.0 170.0 0.00 0.0
0.0 180.0 0.00 -0.0
5.0 180.0 0.00 0.2
10.0 180.0 0.01 0.3
15.0 180.0 0.01 0.5
20.0 180.0 0.01 0.7
25.0 180.0 0.01 1.0
30.0 180.0 0.02 1.2
35.0 180.0 0.02 1.5
40.0 180.0 0.02 1.8
45.0 180.0 0.02 2.2
50.0 180.0 0.03 2.6
55.0 180.0 0.02 3.1
60.0 180.0 0.02 3.6
65.0 180.0 0.01 4.1
70.0 180.0 0.00 4.3
75.0 180.0 0.01 4.2
80.0 180.0 0.02 3.7
85.0 180.0 0.02 2.8
90.0 180.0 0.00 0.0
0.0 190.0 0.00 -10.0
5.0 190.0 0.00 -9.9
10.0 190.0 0.01 -9.8
15.0 190.0 0.01 -9.7
20.0 190.0 0.02 -9.7
25.0 190.0 0.02 -9.8
30.0 190.0 0.03 -9.8
35.0 190.0 0.04 -10.0
40.0 190.0 0.05 -10.1
45.0 190.0 0.06 -10.2
50.0 190.0 0.08 -10.3
55.0 190.0 0.10 -10.2
60.0 190.0 0.12 -9.8
65.0 190.0 0.15 -8.8
70.0 190.0 0.17 -7.3
75.0 190.0 0.17 -5.2
80.0 190.0 0.16 -2.9
85.0 190.0 0.14 -0.9
90.0 190.0 0.00 0.0
0.0 200.0 0.00 -20.0
5.0 200.0 0.00 -19.9
10.0 200.0 0.01 -19.9
15.0 200.0 0.01 -20.0
20.0 200.0 0.02 -20.1
25.0 200.0 0.03 -20.4
30.0 200.0 0.04 -20.8
35.0 200.0 0.05 -21.3
40.0 200.0 0.07 -21.9
45.0 200.0 0.09 -22.5
50.0 200.0 0.12 -23.1
55.0 200.0 0.16 -23.5
60.0 200.0 0.20 -23.5
65.0 200.0 0.25 -22.7
70.0 200.0 0.31 -20.5
75.0 200.0 0.34 -16.4
80.0 200.0 0.35 -10.8
85.0 200.0 0.30 -5.3
90.0 200.0 0.00 0.0
0.0 210.0 0.00 -30.0
5.0 210.0 0.00 -29.9
10.0 210.0 0.01 -30.0
15.0 210.0 0.01 -30.2
20.0 210.0 0.02 -30.5
25.0 210.0 0.03 -31.0
30.0 210.0 0.05 -31.6
35.0 210.0 0.06 -32.4
40.0 210.0 0.08 -33.3
45.0 210.0 0.11 -34.3
50.0 210.0 0.14 -35.4
55.0 210.0 0.19 -36.4
60.0 210.0 0.24 -37.1
65.0 210.0 0.31 -37.2
70.0 210.0 0.39 -35.8
75.0 210.0 0.46 -31.6
80.0 210.0 0.51 -23.0
85.0 210.0 0.48 -11.8
90.0 210.0 0.00 0.0
0.0 220.0 0.00 -40.0
5.0 220.0 0.00 -40.0
10.0 220.0 0.01 -40.0
15.0 220.0 0.01 -40.3
20.0 220.0 0.02 -40.7
25.0 220.0 0.03 -41.3
30.0 220.0 0.05 -42.1
35.0 220.0 0.06 -43.0
40.0 220.0 0.08 -44.1
45.0 220.0 0.11 -45.4
50.0 220.0 0.14 -46.7
55.0 220.0 0.19 -48.2
60.0 220.0 0.24 -49.5
65.0 220.0 0.30 -50.6
70.0 220.0 0.38 -50.8
75.0 220.0 0.48 -49.1
80.0 220.0 0.59 -42.5
85.0 220.0 0.65 -25.4
90.0 220.0 0.00 0.0
0.0 230.0 0.00 -50.0
5.0 230.0 0.00 -50.0
10.0 230.0 0.01 -50.1
15.0 230.0 0.01 -50.4
20.0 230.0 0.02 -50.8
25.0 230.0 0.03 -51.4
30.0 230.0 0.04 -52.2
35.0 230.0 0.06 -53.2
40.0 230.0 0.08 -54.3
45.0 230.0 0.10 -55.6
50.0 230.0 0.13 -57.0
55.0 230.0 0.16 -58.5
60.0 230.0 0.21 -60.1
65.0 230.0 0.26 -61.6
70.0 230.0 0.33 -62.8
75.0 230.0 0.42 -63.2
80.0 230.0 0.53 -61.6
85.0 230.0 0.70 -53.2
90.0 230.0 0.00 0.0
0.0 240.0 0.00 -60.0
5.0 240.0 0.00 -60.0
10.0 240.0 0.01 -60.1
15.0 240.0 0.01 -60.4
20.0 240.0 0.02 -60.8
25.0 240.0 0.03 -61.3
30.0 240.0 0.04 -62.0
35.0 240.0 0.05 -62.9
40.0 240.0 0.06 -63.8
45.0 240.0 0.08 -65.0
50.0 240.0 0.10 -66.2
55.0 240.0 0.13 -67.5
60.0 240.0 0.16 -69.0
65.0 240.0 0.20 -70.4
70.0 240.0 0.25 -71.7
75.0 240.0 0.31 -72.8
80.0 240.0 0.41 -73.3
85.0 240.0 0.55 -72.7
90.0 240.0 0.00 0.0
0.0 250.0 0.00 -70.0
5.0 250.0 0.00 -70.0
10.0 250.0 0.00 -70.1
15.0 250.0 0.01 -70.3
20.0 250.0 0.01 -70.6
25.0 250.0 0.02 -71.0
30.0 250.0 0.03 -71.5
35.0 250.0 0.03 -72.1
40.0 250.0 0.04 -72.9
45.0 250.0 0.06 -73.7
50.0 250.0 0.07 -74.6
55.0 250.0 0.09 -75.6
60.0 250.0 0.11 -76.6
65.0 250.0 0.13 -77.7
70.0 250.0 0.17 -78.7
75.0 250.0 0.21 -79.6
80.0 250.0 0.27 -80.4
85.0 250.0 0.36 -81.2
90.0 250.0 0.00 0.0
0.0 260.0 0.00 -80.0
5.0 260.0 0.00 -80.0
10.0 260.0 0.00 -80.0
15.0 260.0 0.00 -80.2
20.0 260.0 0.01 -80.3
25.0 260.0 0.01 -80.5
30.0 260.0 0.01 -80.8
35.0 260.0 0.02 -81.1
40.0 260.0 0.02 -81.5
45.0 260.0 0.03 -82.0
50.0 260.0 0.04 -82.4
55.0 260.0 0.04 -82.9
60.0 260.0 0.05 -83.5
65.0 260.0 0.07 -84.0
70.0 260.0 0.08 -84.6
75.0 260.0 0.10 -85.1
80.0 260.0 0.13 -85.6
85.0 260.0 0.18 -86.1
90.0 260.0 0.00 0.0
0.0 270.0 0.00 90.0
5.0 270.0 0.00 90.0
10.0 270.0 0.00 90.0
15.0 270.0 0.00 90.0
20.0 270.0 0.00 90.0
25.0 270.0 0.00 90.0
30.0 270.0 0.00 90.0
35.0 270.0 0.00 90.0
40.0 270.0 0.00 90.0
45.0 270.0 0.00 90.0
50.0 270.0 0.00 90.0
55.0 270.0 0.00 90.0
60.0 270.0 0.00 90.0
65.0 270.0 0.00 90.0
70.0 270.0 0.00 90.0
75.0 270.0 0.00 90.0
80.0 270.0 0.00 90.0
85.0 270.0 0.00 90.0
90.0 270.0 0.00 0.0
0.0 280.0 0.00 80.0
5.0 280.0 0.00 80.0
10.0 280.0 0.00 80.0
15.0 280.0 0.00 80.2
20.0 280.0 0.01 80.3
25.0 280.0 0.01 80.5
30.0 280.0 0.01 80.8
35.0 280.0 0.02 81.1
40.0 280.0 0.02 81.5
45.0 280.0 0.03 82.0
50.0 280.0 0.04 82.4
55.0 280.0 0.04 82.9
60.0 280.0 0.05 83.5
65.0 280.0 0.07 84.0
70.0 280.0 0.08 84.6
75.0 280.0 0.10 85.1
80.0 280.0 0.13 85.6
85.0 280.0 0.18 86.1
90.0 280.0 0.00 0.0
0.0 290.0 0.00 70.0
5.0 290.0 0.00 70.0
10.0 290.0 0.00 70.1
15.0 290.0 0.01 70.3
20.0 290.0 0.01 70.6
25.0 290.0 0.02 71.0
30.0 290.0 0.03 71.5
35.0 290.0 0.03 72.1
40.0 290.0 0.04 72.9
45.0 290.0 0.06 73.7
50.0 290.0 0.07 74.6
55.0 290.0 0.09 75.6
60.0 290.0 0.11 76.6
65.0 290.0 0.13 77.7
70.0 290.0 0.17 78.7
75.0 290.0 0.21 79.6
80.0 290.0 0.27 80.4
85.0 290.0 0.36 81.2
90.0 290.0 0.00 0.0
0.0 300.0 0.00 60.0
5.0 300.0 0.00 60.0
10.0 300.0 0.01 60.1
15.0 300.0 0.01 60.4
20.0 300.0 0.02 60.8
25.0 300.0 0.03 61.3
30.0 300.0 0.04 62.0
35.0 300.0 0.05 62.9
40.0 300.0 0.06 63.8
45.0 300.0 0.08 65.0
50.0 300.0 0.10 66.2
55.0 300.0 0.13 67.5
60.0 300.0 0.16 69.0
65.0 300.0 0.20 70.4
70.0 300.0 0.25 71.7
75.0 300.0 0.31 72.8
80.0 300.0 0.41 73.3
85.0 300.0 0.55 72.7
90.0 300.0 0.00 0.0
0.0 310.0 0.00 50.0
5.0 310.0 0.00 50.0
10.0 310.0 0.01 50.1
15.0 310.0 0.01 50.4
20.0 310.0 0.02 50.8
25.0 310.0 0.03 51.4
30.0 310.0 0.04 52.2
35.0 310.0 0.06 53.2
40.0 310.0 0.08 54.3
45.0 310.0 0.10 55.6
50.0 310.0 0.13 57.0
55.0 310.0 0.16 58.5
60.0 310.0 0.21 60.1
65.0 310.0 0.26 61.6
70.0 310.0 0.33 62.8
75.0 310.0 0.42 63.2
80.0 310.0 0.53 61.6
85.0 310.0 0.70 53.2
90.0 310.0 0.00 0.0
0.0 320.0 0.00 40.0
5.0 320.0 0.00 40.0
10.0 320.0 0.01 40.0
15.0 320.0 0.01 40.3
20.0 320.0 0.02 40.7
25.0 320.0 0.03 41.3
30.0 320.0 0.05 42.1
35.0 320.0 0.06 43.0
40.0 320.0 0.08 44.1
45.0 320.0 0.11 45.4
50.0 320.0 0.14 46.7
55.0 320.0 0.19 48.2
60.0 320.0 0.24 49.5
65.0 320.0 0.30 50.6
70.0 320.0 0.38 50.8
75.0 320.0 0.48 49.1
80.0 320.0 0.59 42.5
85.0 320.0 0.65 25.4
90.0 320.0 0.00 0.0
0.0 330.0 0.00 30.0
5.0 330.0 0.00 29.9
10.0 330.0 0.01 30.0
15.0 330.0 0.01 30.2
20.0 330.0 0.02 30.5
25.0 330.0 0.03 31.0
30.0 330.0 0.05 31.6
35.0 330.0 0.06 32.4
40.0 330.0 0.08 33.3
45.0 330.0 0.11 34.3
50.0 330.0 0.14 35.4
55.0 330.0 0.19 36.4
60.0 330.0 0.24 37.1
65.0 330.0 0.31 37.2
70.0 330.0 0.39 35.8
75.0 330.0 0.46 31.6
80.0 330.0 0.51 23.0
85.0 330.0 0.48 11.8
90.0 330.0 0.00 0.0
0.0 340.0 0.00 20.0
5.0 340.0 0.00 19.9
10.0 340.0 0.01 19.9
15.0 340.0 0.01 20.0
20.0 340.0 0.02 20.1
25.0 340.0 0.03 20.4
30.0 340.0 0.04 20.8
35.0 340.0 0.05 21.3
40.0 340.0 0.07 21.9
45.0 340.0 0.09 22.5
50.0 340.0 0.12 23.1
55.0 340.0 0.16 23.5
60.0 340.0 0.20 23.5
65.0 340.0 0.25 22.7
70.0 340.0 0.31 20.5
75.0 340.0 0.34 16.4
80.0 340.0 0.35 10.8
85.0 340.0 0.30 5.3
90.0 340.0 0.00 0.0
0.0 350.0 0.00 10.0
5.0 350.0 0.00 9.9
10.0 350.0 0.01 9.8
15.0 350.0 0.01 9.7
20.0 350.0 0.02 9.7
25.0 350.0 0.02 9.8
30.0 350.0 0.03 9.8
35.0 350.0 0.04 10.0
40.0 350.0 0.05 10.1
45.0 350.0 0.06 10.2
50.0 350.0 0.08 10.3
55.0 350.0 0.10 10.2
60.0 350.0 0.12 9.8
65.0 350.0 0.15 8.8
70.0 350.0 0.17 7.3
75.0 350.0 0.17 5.2
80.0 350.0 0.16 2.9
85.0 350.0 0.14 0.9
90.0 350.0 0.00 0.0
0.0 360.0 0.00 -0.0
5.0 360.0 0.00 -0.2
10.0 360.0 0.01 -0.3
15.0 360.0 0.01 -0.5
20.0 360.0 0.01 -0.7
25.0 360.0 0.01 -1.0
30.0 360.0 0.02 -1.2
35.0 360.0 0.02 -1.5
40.0 360.0 0.02 -1.8
45.0 360.0 0.02 -2.2
50.0 360.0 0.03 -2.6
55.0 360.0 0.02 -3.1
60.0 360.0 0.02 -3.6
65.0 360.0 0.01 -4.1
70.0 360.0 0.00 -4.3
75.0 360.0 0.01 -4.2
80.0 360.0 0.02 -3.7
85.0 360.0 0.02 -2.8
90.0 360.0 0.00 0.0
0.0 370.0 0.00 -10.0
5.0 370.0 0.00 -10.2
10.0 370.0 0.00 -10.4
15.0 370.0 0.01 -10.8
20.0 370.0 0.01 -11.2
25.0 370.0 0.01 -11.6
30.0 370.0 0.00 -12.2
35.0 370.0 0.00 -12.8
40.0 370.0 0.01 -13.6
45.0 370.0 0.01 -14.4
50.0 370.0 0.03 -15.3
55.0 370.0 0.05 -16.1
60.0 370.0 0.08 -16.7
65.0 370.0 0.11 -16.8
70.0 370.0 0.15 -15.9
75.0 370.0 0.18 -13.8
80.0 370.0 0.19 -10.6
85.0 370.0 0.18 -6.9
90.0 370.0 0.00 0.0
0.0 380.0 0.00 -20.0
5.0 380.0 0.00 -20.2
10.0 380.0 0.00 -20.5
15.0 380.0 0.00 -21.0
20.0 380.0 0.00 -21.5
25.0 380.0 0.00 -22.2
30.0 380.0 0.01 -23.0
35.0 380.0 0.02 -23.9
40.0 380.0 0.03 -25.0
45.0 380.0 0.05 -26.2
50.0 380.0 0.07 -27.5
55.0 380.0 0.10 -28.6
60.0 380.0 0.15 -29.5
65.0 380.0 0.20 -29.6
70.0 380.0 0.26 -28.5
75.0 380.0 0.32 -25.3
80.0 380.0 0.36 -19.5
85.0 380.0 0.34 -12.1
90.0 380.0 0.00 0.0
0.0 390.0 0.00 -30.0
5.0 390.0 0.00 -30.2
10.0 390.0 0.00 -30.6
15.0 390.0 0.00 -31.1
20.0 390.0 0.00 -31.7
25.0 390.0 0.01 -32.5
30.0 390.0 0.02 -33.5
35.0 390.0 0.03 -34.6
40.0 390.0 0.04 -35.9
45.0 390.0 0.07 -37.4
50.0 390.0 0.09 -38.9
55.0 390.0 0.13 -40.3
60.0 390.0 0.18 -41.6
65.0 390.0 0.24 -42.3
70.0 390.0 0.32 -41.9
75.0 390.0 0.40 -39.2
80.0 390.0 0.48 -32.4
85.0 390.0 0.50 -20.6
90.0 390.0 0.00 0.0
0.0 400.0 0.00 -40.0
5.0 400.0 0.00 -40.2
10.0 400.0 0.00 -40.6
15.0 400.0 0.00 -41.1
20.0 400.0 0.01 -41.8
25.0 400.0 0.01 -42.6
30.0 400.0 0.02 -43.7
35.0 400.0 0.03 -44.9
40.0 400.0 0.05 -46.2
45.0 400.0 0.07 -47.7
50.0 400.0 0.10 -49.3
55.0 400.0 0.14 -50.9
60.0 400.0 0.18 -52.5
65.0 400.0 0.24 -53.7
70.0 400.0 0.32 -54.2
75.0 400.0 0.41 -53.3
80.0 400.0 0.52 -49.0
85.0 400.0 0.62 -36.2
90.0 400.0 0.00 0.0
0.0 410.0 0.00 -50.0
5.0 410.0 0.00 -50.2
10.0 410.0 0.00 -50.5
15.0 410.0 0.00 -51.0
20.0 410.0 0.01 -51.7
25.0 410.0 0.01 -52.5
30.0 410.0 0.02 -53.5
35.0 410.0 0.03 -54.6
40.0 410.0 0.05 -55.9
45.0 410.0 0.07 -57.3
50.0 410.0 0.09 -58.8
55.0 410.0 0.12 -60.3
60.0 410.0 0.16 -61.9
65.0 410.0 0.21 -63.3
70.0 410.0 0.27 -64.4
75.0 410.0 0.35 -64.8
80.0 410.0 0.46 -63.5
85.0 410.0 0.61 -57.8
90.0 410.0 0.00 0.0
0.0 420.0 0.00 -60.0
5.0 420.0 0.00 -60.1
10.0 420.0 0.00 -60.5
15.0 420.0 0.00 -60.9
20.0 420.0 0.01 -61.4
25.0 420.0 0.01 -62.1
30.0 420.0 0.02 -62.9
35.0 420.0 0.03 -63.9
40.0 420.0 0.04 -65.0
45.0 420.0 0.06 -66.1
50.0 420.0 0.08 -67.4
55.0 420.0 0.10 -68.7
60.0 420.0 0.13 -70.0
65.0 420.0 0.16 -71.3
70.0 420.0 0.21 -72.4
75.0 420.0 0.27 -73.2
80.0 420.0 0.35 -73.4
85.0 420.0 0.48 -72.5
90.0 420.0 0.00 0.0
0.0 430.0 0.00 -70.0
5.0 430.0 0.00 -70.1
10.0 430.0 0.00 -70.3
15.0 430.0 0.00 -70.6
20.0 430.0 0.00 -71.0
25.0 430.0 0.01 -71.5
30.0 430.0 0.01 -72.1
35.0 430.0 0.02 -72.8
40.0 430.0 0.03 -73.6
45.0 430.0 0.04 -74.4
50.0 430.0 0.05 -75.3
55.0 430.0 0.07 -76.2
60.0 430.0 0.09 -77.2
65.0 430.0 0.11 -78.1
70.0 430.0 0.14 -79.0
75.0 430.0 0.18 -79.7
80.0 430.0 0.23 -80.2
85.0 430.0 0.32 -80.5
90.0 430.0 0.00 0.0
0.0 440.0 0.00 -80.0
5.0 440.0 0.00 -80.1
10.0 440.0 0.00 -80.2
15.0 440.0 0.00 -80.3
20.0 440.0 0.00 -80.5
25.0 440.0 0.00 -80.8
30.0 440.0 0.01 -81.1
35.0 440.0 0.01 -81.5
40.0 440.0 0.02 -81.9
45.0 440.0 0.02 -82.3
50.0 440.0 0.03 -82.8
55.0 440.0 0.04 -83.2
60.0 440.0 0.04 -83.7
65.0 440.0 0.06 -84.2
70.0 440.0 0.07 -84.7
75.0 440.0 0.09 -85.1
80.0 440.0 0.12 -85.4
85.0 440.0 0.16 -85.7
90.0 440.0 0.00 0.0
0.0 450.0 0.00 90.0
5.0 450.0 0.00 90.0
10.0 450.0 0.00 90.0
15.0 450.0 0.00 90.0
20.0 450.0 0.00 90.0
25.0 450.0 0.00 90.0
30.0 450.0 0.00 90.0
35.0 450.0 0.00 90.0
40.0 450.0 0.00 90.0
45.0 450.0 0.00 90.0
50.0 450.0 0.00 90.0
55.0 450.0 0.00 90.0
60.0 450.0 0.00 90.0
65.0 450.0 0.00 90.0
70.0 450.0 0.00 90.0
75.0 450.0 0.00 90.0
80.0 450.0 0.00 90.0
85.0 450.0 0.00 90.0
90.0 450.0 0.00 0.0
0.0 460.0 0.00 80.0
5.0 460.0 0.00 80.1
10.0 460.0 0.00 80.2
15.0 460.0 0.00 80.3
20.0 460.0 0.00 80.5
25.0 460.0 0.00 80.8
30.0 460.0 0.01 81.1
35.0 460.0 0.01 81.5
40.0 460.0 0.02 81.9
45.0 460.0 0.02 82.3
50.0 460.0 0.03 82.8
55.0 460.0 0.04 83.2
60.0 460.0 0.04 83.7
65.0 460.0 0.06 84.2
70.0 460.0 0.07 84.7
75.0 460.0 0.09 85.1
80.0 460.0 0.12 85.4
85.0 460.0 0.16 85.7
90.0 460.0 0.00 0.0
0.0 470.0 0.00 70.0
5.0 470.0 0.00 70.1
10.0 470.0 0.00 70.3
15.0 470.0 0.00 70.6
20.0 470.0 0.00 71.0
25.0 470.0 0.01 71.5
30.0 470.0 0.01 72.1
35.0 470.0 0.02 72.8
40.0 470.0 0.03 73.6
45.0 470.0 0.04 74.4
50.0 470.0 0.05 75.3
55.0 470.0 0.07 76.2
60.0 470.0 0.09 77.2
65.0 470.0 0.11 78.1
70.0 470.0 0.14 79.0
75.0 470.0 0.18 79.7
80.0 470.0 0.23 80.2
85.0 470.0 0.32 80.5
90.0 470.0 0.00 0.0
0.0 480.0 0.00 60.0
5.0 480.0 0.00 60.1
10.0 480.0 0.00 60.5
15.0 480.0 0.00 60.9
20.0 480.0 0.01 61.4
25.0 480.0 0.01 62.1
30.0 480.0 0.02 62.9
35.0 480.0 0.03 63.9
40.0 480.0 0.04 65.0
45.0 480.0 0.06 66.1
50.0 480.0 0.08 67.4
55.0 480.0 0.10 68.7
60.0 480.0 0.13 70.0
65.0 480.0 0.16 71.3
70.0 480.0 0.21 72.4
75.0 480.0 0.27 73.2
80.0 480.0 0.35 73.4
85.0 480.0 0.48 72.5
90.0 480.0 0.00 0.0
0.0 490.0 0.00 50.0
5.0 490.0 0.00 50.2
10.0 490.0 0.00 50.5
15.0 490.0 0.00 51.0
20.0 490.0 0.01 51.7
25.0 490.0 0.01 52.5
30.0 490.0 0.02 53.5
35.0 490.0 0.03 54.6
40.0 490.0 0.05 55.9
45.0 490.0 0.07 57.3
50.0 490.0 0.09 58.8
55.0 490.0 0.12 60.3
60.0 490.0 0.16 61.9
65.0 490.0 0.21 63.3
70.0 490.0 0.27 64.4
75.0 490.0 0.35 64.8
80.0 490.0 0.46 63.5
85.0 490.0 0.61 57.8
90.0 490.0 0.00 0.0
0.0 500.0 0.00 40.0
5.0 500.0 0.00 40.2
10.0 500.0 0.00 40.6
15.0 500.0 0.00 41.1
20.0 500.0 0.01 41.8
25.0 500.0 0.01 42.6
30.0 500.0 0.02 43.7
35.0 500.0 0.03 44.9
40.0 500.0 0.05 46.2
45.0 500.0 0.07 47.7
50.0 500.0 0.10 49.3
55.0 500.0 0.14 50.9
60.0 500.0 0.18 52.5
65.0 500.0 0.24 53.7
70.0 500.0 0.32 54.2
75.0 500.0 0.41 53.3
80.0 500.0 0.52 49.0
85.0 500.0 0.62 36.2
90.0 500.0 0.00 0.0
0.0 510.0 0.00 30.0
5.0 510.0 0.00 30.2
10.0 510.0 0.00 30.6
15.0 510.0 0.00 31.1
20.0 510.0 0.00 31.7
25.0 510.0 0.01 32.5
30.0 510.0 0.02 33.5
35.0 510.0 0.03 34.6
40.0 510.0 0.04 35.9
45.0 510.0 0.07 37.4
50.0 510.0 0.09 38.9
55.0 510.0 0.13 40.3
60.0 510.0 0.18 41.6
65.0 510.0 0.24 42.3
70.0 510.0 0.32 41.9
75.0 510.0 0.40 39.2
80.0 510.0 0.48 32.4
85.0 510.0 0.50 20.6
90.0 510.0 0.00 0.0
0.0 520.0 0.00 20.0
5.0 520.0 0.00 20.2
10.0 520.0 0.00 20.5
15.0 520.0 0.00 21.0
20.0 520.0 0.00 21.5
25.0 520.0 0.00 22.2
30.0 520.0 0.01 23.0
35.0 520.0 0.02 23.9
40.0 520.0 0.03 25.0
45.0 520.0 0.05 26.2
50.0 520.0 0.07 27.5
55.0 520.0 0.10 28.6
60.0 520.0 0.15 29.5
65.0 520.0 0.20 29.6
70.0 520.0 0.26 28.5
75.0 520.0 0.32 25.3
80.0 520.0 0.36 19.5
85.0 520.0 0.34 12.1
90.0 520.0 0.00 0.0
0.0 530.0 0.00 10.0
5.0 530.0 0.00 10.2
10.0 530.0 0.00 10.4
15.0 530.0 0.01 10.8
20.0 530.0 0.01 11.2
25.0 530.0 0.01 11.6
30.0 530.0 0.00 12.2
35.0 530.0 0.00 12.8
40.0 530.0 0.01 13.6
45.0 530.0 0.01 14.4
50.0 530.0 0.03 15.3
55.0 530.0 0.05 16.1
60.0 530.0 0.08 16.7
65.0 530.0 0.11 16.8
70.0 530.0 0.15 15.9
75.0 530.0 0.18 13.8
80.0 530.0 0.19 10.6
85.0 530.0 0.18 6.9
90.0 530.0 0.00 0.0
0.0 540.0 0.00 -0.0
5.0 540.0 0.00 0.2
10.0 540.0 0.01 0.3
15.0 540.0 0.01 0.5
20.0 540.0 0.01 0.7
25.0 540.0 0.01 1.0
30.0 540.0 0.02 1.2
35.0 540.0 0.02 1.5
40.0 540.0 0.02 1.8
45.0 540.0 0.02 2.2
50.0 540.0 0.03 2.6
55.0 540.0 0.02 3.1
60.0 540.0 0.02 3.6
65.0 540.0 0.01 4.1
70.0 540.0 0.00 4.3
75.0 540.0 0.01 4.2
80.0 540.0 0.02 3.7
85.0 540.0 0.02 2.8
90.0 540.0 0.00 0.0
0.0 550.0 0.00 -10.0
5.0 550.0 0.00 -9.9
10.0 550.0 0.01 -9.8
15.0 550.0 0.01 -9.7
20.0 550.0 0.02 -9.7
25.0 550.0 0.02 -9.8
30.0 550.0 0.03 -9.8
35.0 550.0 0.04 -10.0
40.0 550.0 0.05 -10.1
45.0 550.0 0.06 -10.2
50.0 550.0 0.08 -10.3
55.0 550.0 0.10 -10.2
60.0 550.0 0.12 -9.8
65.0 550.0 0.15 -8.8
70.0 550.0 0.17 -7.3
75.0 550.0 0.17 -5.2
80.0 550.0 0.16 -2.9
85.0 550.0 0.14 -0.9
90.0 550.0 0.00 0.0
0.0 560.0 0.00 -20.0
5.0 560.0 0.00 -19.9
10.0 560.0 0.01 -19.9
15.0 560.0 0.01 -20.0
20.0 560.0 0.02 -20.1
25.0 560.0 0.03 -20.4
30.0 560.0 0.04 -20.8
35.0 560.0 0.05 -21.3
40.0 560.0 0.07 -21.9
45.0 560.0 0.09 -22.5
50.0 560.0 0.12 -23.1
55.0 560.0 0.16 -23.5
60.0 560.0 0.20 -23.5
65.0 560.0 0.25 -22.7
70.0 560.0 0.31 -20.5
75.0 560.0 0.34 -16.4
80.0 560.0 0.35 -10.8
85.0 560.0 0.30 -5.3
90.0 560.0 0.00 0.0
0.0 570.0 0.00 -30.0
5.0 570.0 0.00 -29.9
10.0 570.0 0.01 -30.0
15.0 570.0 0.01 -30.2
20.0 570.0 0.02 -30.5
25.0 570.0 0.03 -31.0
30.0 570.0 0.05 -31.6
35.0 570.0 0.06 -32.4
40.0 570.0 0.08 -33.3
45.0 570.0 0.11 -34.3
50.0 570.0 0.14 -35.4
55.0 570.0 0.19 -36.4
60.0 570.0 0.24 -37.1
65.0 570.0 0.31 -37.2
70.0 570.0 0.39 -35.8
75.0 570.0 0.46 -31.6
80.0 570.0 0.51 -23.0
85.0 570.0 0.48 -11.8
90.0 570.0 0.00 0.0
0.0 580.0 0.00 -40.0
5.0 580.0 0.00 -40.0
10.0 580.0 0.01 -40.0
15.0 580.0 0.01 -40.3
20.0 580.0 0.02 -40.7
25.0 580.0 0.03 -41.3
30.0 580.0 0.05 -42.1
35.0 580.0 0.06 -43.0
40.0 580.0 0.08 -44.1
45.0 580.0 0.11 -45.4
50.0 580.0 0.14 -46.7
55.0 580.0 0.19 -48.2
60.0 580.0 0.24 -49.5
65.0 580.0 0.30 -50.6
70.0 580.0 0.38 -50.8
75.0 580.0 0.48 -49.1
80.0 580.0 0.59 -42.5
85.0 580.0 0.65 -25.4
90.0 580.0 0.00 0.0
0.0 590.0 0.00 -50.0
5.0 590.0 0.00 -50.0
10.0 590.0 0.01 -50.1
15.0 590.0 0.01 -50.4
20.0 590.0 0.02 -50.8
25.0 590.0 0.03 -51.4
30.0 590.0 0.04 -52.2
35.0 590.0 0.06 -53.2
40.0 590.0 0.08 -54.3
45.0 590.0 0.10 -55.6
50.0 590.0 0.13 -57.0
55.0 590.0 0.16 -58.5
60.0 590.0 0.21 -60.1
65.0 590.0 0.26 -61.6
70.0 590.0 0.33 -62.8
75.0 590.0 0.42 -63.2
80.0 590.0 0.53 -61.6
85.0 590.0 0.70 -53.2
90.0 590.0 0.00 0.0
0.0 600.0 0.00 -60.0
5.0 600.0 0.00 -60.0
10.0 600.0 0.01 -60.1
15.0 600.0 0.01 -60.4
20.0 600.0 0.02 -60.8
25.0 600.0 0.03 -61.3
30.0 600.0 0.04 -62.0
35.0 600.0 0.05 -62.9
40.0 600.0 0.06 -63.8
45.0 600.0 0.08 -65.0
50.0 600.0 0.10 -66.2
55.0 600.0 0.13 -67.5
60.0 600.0 0.16 -69.0
65.0 600.0 0.20 -70.4
70.0 600.0 0.25 -71.7
75.0 600.0 0.31 -72.8
80.0 600.0 0.41 -73.3
85.0 600.0 0.55 -72.7
90.0 600.0 0.00 0.0
0.0 610.0 0.00 -70.0
5.0 610.0 0.00 -70.0
10.0 610.0 0.00 -70.1
15.0 610.0 0.01 -70.3
20.0 610.0 0.01 -70.6
25.0 610.0 0.02 -71.0
30.0 610.0 0.03 -71.5
35.0 610.0 0.03 -72.1
40.0 610.0 0.04 -72.9
45.0 610.0 0.06 -73.7
50.0 610.0 0.07 -74.6
55.0 610.0 0.09 -75.6
60.0 610.0 0.11 -76.6
65.0 610.0 0.13 -77.7
70.0 610.0 0.17 -78.7
75.0 610.0 0.21 -79.6
80.0 610.0 0.27 -80.4
85.0 610.0 0.36 -81.2
90.0 610.0 0.00 0.0
0.0 620.0 0.00 -80.0
5.0 620.0 0.00 -80.0
10.0 620.0 0.00 -80.0
15.0 620.0 0.00 -80.2
20.0 620.0 0.01 -80.3
25.0 620.0 0.01 -80.5
30.0 620.0 0.01 -80.8
35.0 620.0 0.02 -81.1
40.0 620.0 0.02 -81.5
45.0 620.0 0.03 -82.0
50.0 620.0 0.04 -82.4
55.0 620.0 0.04 -82.9
60.0 620.0 0.05 -83.5
65.0 620.0 0.07 -84.0
70.0 620.0 0.08 -84.6
75.0 620.0 0.10 -85.1
80.0 620.0 0.13 -85.6
85.0 620.0 0.18 -86.1
90.0 620.0 0.00 0.0
0.0 630.0 0.00 90.0
5.0 630.0 0.00 90.0
10.0 630.0 0.00 90.0
15.0 630.0 0.00 90.0
20.0 630.0 0.00 90.0
25.0 630.0 0.00 90.0
30.0 630.0 0.00 90.0
35.0 630.0 0.00 90.0
40.0 630.0 0.00 90.0
45.0 630.0 0.00 90.0
50.0 630.0 0.00 90.0
55.0 630.0 0.00 90.0
60.0 630.0 0.00 90.0
65.0 630.0 0.00 90.0
70.0 630.0 0.00 90.0
75.0 630.0 0.00 90.0
80.0 630.0 0.00 90.0
85.0 630.0 0.00 90.0
90.0 630.0 0.00 0.0
0.0 640.0 0.00 80.0
5.0 640.0 0.00 80.0
10.0 640.0 0.00 80.0
15.0 640.0 0.00 80.2
20.0 640.0 0.01 80.3
25.0 640.0 0.01 80.5
30.0 640.0 0.01 80.8
35.0 640.0 0.02 81.1
40.0 640.0 0.02 81.5
45.0 640.0 0.03 82.0
50.0 640.0 0.04 82.4
55.0 640.0 0.04 82.9
60.0 640.0 0.05 83.5
65.0 640.0 0.07 84.0
70.0 640.0 0.08 84.6
75.0 640.0 0.10 85.1
80.0 640.0 0.13 85.6
85.0 640.0 0.18 86.1
90.0 640.0 0.00 0.0
0.0 650.0 0.00 70.0
5.0 650.0 0.00 70.0
10.0 650.0 0.00 70.1
15.0 650.0 0.01 70.3
20.0 650.0 0.01 70.6
25.0 650.0 0.02 71.0
30.0 650.0 0.03 71.5
35.0 650.0 0.03 72.1
40.0 650.0 0.04 72.9
45.0 650.0 0.06 73.7
50.0 650.0 0.07 74.6
55.0 650.0 0.09 75.6
60.0 650.0 0.11 76.6
65.0 650.0 0.13 77.7
70.0 650.0 0.17 78.7
75.0 650.0 0.21 79.6
80.0 650.0 0.27 80.4
85.0 650.0 0.36 81.2
90.0 650.0 0.00 0.0
0.0 660.0 0.00 60.0
5.0 660.0 0.00 60.0
10.0 660.0 0.01 60.1
15.0 660.0 0.01 60.4
20.0 660.0 0.02 60.8
25.0 660.0 0.03 61.3
30.0 660.0 0.04 62.0
35.0 660.0 0.05 62.9
40.0 660.0 0.06 63.8
45.0 660.0 0.08 65.0
50.0 660.0 0.10 66.2
55.0 660.0 0.13 67.5
60.0 660.0 0.16 69.0
65.0 660.0 0.20 70.4
70.0 660.0 0.25 71.7
75.0 660.0 0.31 72.8
80.0 660.0 0.41 73.3
85.0 660.0 0.55 72.7
90.0 660.0 0.00 0.0
0.0 670.0 0.00 50.0
5.0 670.0 0.00 50.0
10.0 670.0 0.01 50.1
15.0 670.0 0.01 50.4
20.0 670.0 0.02 50.8
25.0 670.0 0.03 51.4
30.0 670.0 0.04 52.2
35.0 670.0 0.06 53.2
40.0 670.0 0.08 54.3
45.0 670.0 0.10 55.6
50.0 670.0 0.13 57.0
55.0 670.0 0.16 58.5
60.0 670.0 0.21 60.1
65.0 670.0 0.26 61.6
70.0 670.0 0.33 62.8
75.0 670.0 0.42 63.2
80.0 670.0 0.53 61.6
85.0 670.0 0.70 53.2
90.0 670.0 0.00 0.0
0.0 680.0 0.00 40.0
5.0 680.0 0.00 40.0
10.0 680.0 0.01 40.0
15.0 680.0 0.01 40.3
20.0 680.0 0.02 40.7
25.0 680.0 0.03 41.3
30.0 680.0 0.05 42.1
35.0 680.0 0.06 43.0
40.0 680.0 0.08 44.1
45.0 680.0 0.11 45.4
50.0 680.0 0.14 46.7
55.0 680.0 0.19 48.2
60.0 680.0 0.24 49.5
65.0 680.0 0.30 50.6
70.0 680.0 0.38 50.8
75.0 680.0 0.48 49.1
80.0 680.0 0.59 42.5
85.0 680.0 0.65 25.4
90.0 680.0 0.00 0.0
0.0 690.0 0.00 30.0
5.0 690.0 0.00 29.9
10.0 690.0 0.01 30.0
15.0 690.0 0.01 30.2
20.0 690.0 0.02 30.5
25.0 690.0 0.03 31.0
30.0 690.0 0.05 31.6
35.0 690.0 0.06 32.4
40.0 690.0 0.08 33.3
45.0 690.0 0.11 34.3
50.0 690.0 0.14 35.4
55.0 690.0 0.19 36.4
60.0 690.0 0.24 37.1
65.0 690.0 0.31 37.2
70.0 690.0 0.39 35.8
75.0 690.0 0.46 31.6
80.0 690.0 0.51 23.0
85.0 690.0 0.48 11.8
90.0 690.0 0.00 0.0
0.0 700.0 0.00 20.0
5.0 700.0 0.00 19.9
10.0 700.0 0.01 19.9
15.0 700.0 0.01 20.0
20.0 700.0 0.02 20.1
25.0 700.0 0.03 20.4
30.0 700.0 0.04 20.8
35.0 700.0 0.05 21.3
40.0 700.0 0.07 21.9
45.0 700.0 0.09 22.5
50.0 700.0 0.12 23.1
55.0 700.0 0.16 23.5
60.0 700.0 0.20 23.5
65.0 700.0 0.25 22.7
70.0 700.0 0.31 20.5
75.0 700.0 0.34 16.4
80.0 700.0 0.35 10.8
85.0 700.0 0.30 5.3
90.0 700.0 0.00 0.0
0.0 710.0 0.00 10.0
5.0 710.0 0.00 9.9
10.0 710.0 0.01 9.8
15.0 710.0 0.01 9.7
20.0 710.0 0.02 9.7
25.0 710.0 0.02 9.8
30.0 710.0 0.03 9.8
35.0 710.0 0.04 10.0
40.0 710.0 0.05 10.1
45.0 710.0 0.06 10.2
50.0 710.0 0.08 10.3
55.0 710.0 0.10 10.2
60.0 710.0 0.12 9.8
65.0 710.0 0.15 8.8
70.0 710.0 0.17 7.3
75.0 710.0 0.17 5.2
80.0 710.0 0.16 2.9
85.0 710.0 0.14 0.9
90.0 710.0 0.00 0.0
0.0 720.0 0.00 -0.0
5.0 720.0 0.00 -0.2
10.0 720.0 0.01 -0.3
15.0 720.0 0.01 -0.5
20.0 720.0 0.01 -0.7
25.0 720.0 0.01 -1.0
30.0 720.0 0.02 -1.2
35.0 720.0 0.02 -1.5
40.0 720.0 0.02 -1.8
45.0 720.0 0.02 -2.2
50.0 720.0 0.03 -2.6
55.0 720.0 0.02 -3.1
60.0 720.0 0.02 -3.6
65.0 720.0 0.01 -4.1
70.0 720.0 0.00 -4.3
75.0 720.0 0.01 -4.2
80.0 720.0 0.02 -3.7
85.0 720.0 0.02 -2.8
90.0 720.0 0.00 0.0
