# FGCom-mumble Far-Field Radiation Pattern
# Frequency: 144.5 MHz
# Altitude: 0 m
# Format: Theta Phi Gain_dBi H_Polarization V_Polarization
# Theta: Elevation angle (0-180 degrees)
# Phi: Azimuth angle (0-360 degrees)
# Gain: Antenna gain in dBi
# H_Polarization: Horizontal polarization component
# V_Polarization: Vertical polarization component
0.00 0.00 52.45 0.0 1.0
5.00 0.00 55.76 0.0 1.0
10.00 0.00 62.89 0.0 1.0
15.00 0.00 66.27 0.0 1.0
20.00 0.00 67.93 0.0 1.0
25.00 0.00 68.48 0.0 1.0
30.00 0.00 68.22 0.0 1.0
35.00 0.00 67.35 0.0 1.0
40.00 0.00 66.10 0.0 1.0
45.00 0.00 64.67 0.5 0.5
50.00 0.00 63.17 0.5 0.5
55.00 0.00 61.57 0.5 0.5
60.00 0.00 59.82 0.5 0.5
65.00 0.00 57.88 0.5 0.5
70.00 0.00 55.86 0.5 0.5
75.00 0.00 53.98 0.5 0.5
80.00 0.00 52.57 0.5 0.5
85.00 0.00 51.87 0.5 0.5
90.00 0.00 51.87 0.5 0.5
95.00 0.00 52.36 0.5 0.5
100.00 0.00 53.17 0.5 0.5
105.00 0.00 54.25 0.5 0.5
110.00 0.00 55.66 0.5 0.5
115.00 0.00 57.36 0.5 0.5
120.00 0.00 59.19 0.5 0.5
125.00 0.00 61.00 0.5 0.5
130.00 0.00 62.77 0.5 0.5
135.00 0.00 64.52 0.5 0.5
140.00 0.00 66.19 1.0 0.0
145.00 0.00 67.56 1.0 0.0
150.00 0.00 68.48 1.0 0.0
155.00 0.00 68.83 1.0 0.0
160.00 0.00 68.46 1.0 0.0
165.00 0.00 67.09 1.0 0.0
170.00 0.00 64.04 1.0 0.0
175.00 0.00 57.12 1.0 0.0
180.00 0.00 49.81 1.0 0.0
0.00 10.00 52.45 0.0 1.0
5.00 10.00 55.59 0.0 1.0
10.00 10.00 62.70 0.0 1.0
15.00 10.00 66.06 0.0 1.0
20.00 10.00 67.72 0.0 1.0
25.00 10.00 68.30 0.0 1.0
30.00 10.00 68.11 0.0 1.0
35.00 10.00 67.36 0.0 1.0
40.00 10.00 66.24 0.0 1.0
45.00 10.00 64.91 0.5 0.5
50.00 10.00 63.49 0.5 0.5
55.00 10.00 62.02 0.5 0.5
60.00 10.00 60.47 0.5 0.5
65.00 10.00 58.82 0.5 0.5
70.00 10.00 57.07 0.5 0.5
75.00 10.00 55.30 0.5 0.5
80.00 10.00 53.70 0.5 0.5
85.00 10.00 52.44 0.5 0.5
90.00 10.00 51.57 0.5 0.5
95.00 10.00 51.04 0.5 0.5
100.00 10.00 50.87 0.5 0.5
105.00 10.00 51.38 0.5 0.5
110.00 10.00 52.87 0.5 0.5
115.00 10.00 55.04 0.5 0.5
120.00 10.00 57.41 0.5 0.5
125.00 10.00 59.77 0.5 0.5
130.00 10.00 62.08 0.5 0.5
135.00 10.00 64.28 0.5 0.5
140.00 10.00 66.20 1.0 0.0
145.00 10.00 67.67 1.0 0.0
150.00 10.00 68.58 1.0 0.0
155.00 10.00 68.87 1.0 0.0
160.00 10.00 68.40 1.0 0.0
165.00 10.00 66.91 1.0 0.0
170.00 10.00 63.75 1.0 0.0
175.00 10.00 56.76 1.0 0.0
180.00 10.00 49.81 1.0 0.0
0.00 20.00 52.45 0.0 1.0
5.00 20.00 55.09 0.0 1.0
10.00 20.00 62.21 0.0 1.0
15.00 20.00 65.63 0.0 1.0
20.00 20.00 67.34 0.0 1.0
25.00 20.00 68.00 0.0 1.0
30.00 20.00 67.95 0.0 1.0
35.00 20.00 67.40 0.0 1.0
40.00 20.00 66.52 0.0 1.0
45.00 20.00 65.45 0.5 0.5
50.00 20.00 64.24 0.5 0.5
55.00 20.00 62.93 0.5 0.5
60.00 20.00 61.56 0.5 0.5
65.00 20.00 60.13 0.5 0.5
70.00 20.00 58.62 0.5 0.5
75.00 20.00 57.07 0.5 0.5
80.00 20.00 55.49 0.5 0.5
85.00 20.00 53.93 0.5 0.5
90.00 20.00 52.41 0.5 0.5
95.00 20.00 50.90 0.5 0.5
100.00 20.00 49.50 0.5 0.5
105.00 20.00 48.81 0.5 0.5
110.00 20.00 49.99 0.5 0.5
115.00 20.00 52.87 0.5 0.5
120.00 20.00 56.24 0.5 0.5
125.00 20.00 59.47 0.5 0.5
130.00 20.00 62.35 0.5 0.5
135.00 20.00 64.78 0.5 0.5
140.00 20.00 66.67 1.0 0.0
145.00 20.00 68.00 1.0 0.0
150.00 20.00 68.73 1.0 0.0
155.00 20.00 68.81 1.0 0.0
160.00 20.00 68.15 1.0 0.0
165.00 20.00 66.47 1.0 0.0
170.00 20.00 63.15 1.0 0.0
175.00 20.00 56.03 1.0 0.0
180.00 20.00 49.81 1.0 0.0
0.00 30.00 52.45 0.0 1.0
5.00 30.00 54.24 0.0 1.0
10.00 30.00 61.40 0.0 1.0
15.00 30.00 64.93 0.0 1.0
20.00 30.00 66.78 0.0 1.0
25.00 30.00 67.58 0.0 1.0
30.00 30.00 67.68 0.0 1.0
35.00 30.00 67.32 0.0 1.0
40.00 30.00 66.69 0.0 1.0
45.00 30.00 65.91 0.5 0.5
50.00 30.00 65.03 0.5 0.5
55.00 30.00 64.04 0.5 0.5
60.00 30.00 62.94 0.5 0.5
65.00 30.00 61.74 0.5 0.5
70.00 30.00 60.47 0.5 0.5
75.00 30.00 59.17 0.5 0.5
80.00 30.00 57.86 0.5 0.5
85.00 30.00 56.52 0.5 0.5
90.00 30.00 55.09 0.5 0.5
95.00 30.00 53.41 0.5 0.5
100.00 30.00 51.37 0.5 0.5
105.00 30.00 49.49 0.5 0.5
110.00 30.00 50.48 0.5 0.5
115.00 30.00 54.34 0.5 0.5
120.00 30.00 58.22 0.5 0.5
125.00 30.00 61.42 0.5 0.5
130.00 30.00 63.99 0.5 0.5
135.00 30.00 65.99 0.5 0.5
140.00 30.00 67.46 1.0 0.0
145.00 30.00 68.39 1.0 0.0
150.00 30.00 68.77 1.0 0.0
155.00 30.00 68.54 1.0 0.0
160.00 30.00 67.60 1.0 0.0
165.00 30.00 65.67 1.0 0.0
170.00 30.00 62.15 1.0 0.0
175.00 30.00 54.86 1.0 0.0
180.00 30.00 49.81 1.0 0.0
0.00 40.00 52.45 0.0 1.0
5.00 40.00 53.02 0.0 1.0
10.00 40.00 60.16 0.0 1.0
15.00 40.00 63.88 0.0 1.0
20.00 40.00 65.94 0.0 1.0
25.00 40.00 66.96 0.0 1.0
30.00 40.00 67.28 0.0 1.0
35.00 40.00 67.10 0.0 1.0
40.00 40.00 66.60 0.0 1.0
45.00 40.00 65.95 0.5 0.5
50.00 40.00 65.23 0.5 0.5
55.00 40.00 64.47 0.5 0.5
60.00 40.00 63.62 0.5 0.5
65.00 40.00 62.65 0.5 0.5
70.00 40.00 61.50 0.5 0.5
75.00 40.00 60.17 0.5 0.5
80.00 40.00 58.61 0.5 0.5
85.00 40.00 56.75 0.5 0.5
90.00 40.00 54.53 0.5 0.5
95.00 40.00 52.15 0.5 0.5
100.00 40.00 51.27 0.5 0.5
105.00 40.00 53.55 0.5 0.5
110.00 40.00 56.88 0.5 0.5
115.00 40.00 59.86 0.5 0.5
120.00 40.00 62.34 0.5 0.5
125.00 40.00 64.37 0.5 0.5
130.00 40.00 65.99 0.5 0.5
135.00 40.00 67.23 0.5 0.5
140.00 40.00 68.07 1.0 0.0
145.00 40.00 68.49 1.0 0.0
150.00 40.00 68.44 1.0 0.0
155.00 40.00 67.84 1.0 0.0
160.00 40.00 66.58 1.0 0.0
165.00 40.00 64.39 1.0 0.0
170.00 40.00 60.65 1.0 0.0
175.00 40.00 53.16 1.0 0.0
180.00 40.00 49.81 1.0 0.0
0.00 50.00 52.45 0.0 1.0
5.00 50.00 51.49 0.0 1.0
10.00 50.00 58.36 0.0 1.0
15.00 50.00 62.30 0.0 1.0
20.00 50.00 64.63 0.0 1.0
25.00 50.00 65.99 0.0 1.0
30.00 50.00 66.64 0.0 1.0
35.00 50.00 66.77 0.0 1.0
40.00 50.00 66.49 0.0 1.0
45.00 50.00 65.92 0.5 0.5
50.00 50.00 65.14 0.5 0.5
55.00 50.00 64.22 0.5 0.5
60.00 50.00 63.18 0.5 0.5
65.00 50.00 62.01 0.5 0.5
70.00 50.00 60.64 0.5 0.5
75.00 50.00 59.03 0.5 0.5
80.00 50.00 57.18 0.5 0.5
85.00 50.00 55.40 0.5 0.5
90.00 50.00 54.65 0.5 0.5
95.00 50.00 55.74 0.5 0.5
100.00 50.00 57.86 0.5 0.5
105.00 50.00 60.04 0.5 0.5
110.00 50.00 61.97 0.5 0.5
115.00 50.00 63.62 0.5 0.5
120.00 50.00 65.00 0.5 0.5
125.00 50.00 66.13 0.5 0.5
130.00 50.00 67.01 0.5 0.5
135.00 50.00 67.61 0.5 0.5
140.00 50.00 67.90 1.0 0.0
145.00 50.00 67.83 1.0 0.0
150.00 50.00 67.35 1.0 0.0
155.00 50.00 66.39 1.0 0.0
160.00 50.00 64.82 1.0 0.0
165.00 50.00 62.38 1.0 0.0
170.00 50.00 58.42 1.0 0.0
175.00 50.00 50.81 1.0 0.0
180.00 50.00 49.81 1.0 0.0
0.00 60.00 52.45 0.0 1.0
5.00 60.00 49.99 0.0 1.0
10.00 60.00 55.72 0.0 1.0
15.00 60.00 59.85 0.0 1.0
20.00 60.00 62.48 0.0 1.0
25.00 60.00 64.20 0.0 1.0
30.00 60.00 65.28 0.0 1.0
35.00 60.00 65.86 0.0 1.0
40.00 60.00 66.03 0.0 1.0
45.00 60.00 65.87 0.5 0.5
50.00 60.00 65.41 0.5 0.5
55.00 60.00 64.67 0.5 0.5
60.00 60.00 63.67 0.5 0.5
65.00 60.00 62.39 0.5 0.5
70.00 60.00 60.81 0.5 0.5
75.00 60.00 58.88 0.5 0.5
80.00 60.00 56.73 0.5 0.5
85.00 60.00 55.02 0.5 0.5
90.00 60.00 55.14 0.5 0.5
95.00 60.00 56.99 0.5 0.5
100.00 60.00 59.21 0.5 0.5
105.00 60.00 61.17 0.5 0.5
110.00 60.00 62.78 0.5 0.5
115.00 60.00 64.06 0.5 0.5
120.00 60.00 65.06 0.5 0.5
125.00 60.00 65.77 0.5 0.5
130.00 60.00 66.22 0.5 0.5
135.00 60.00 66.39 0.5 0.5
140.00 60.00 66.26 1.0 0.0
145.00 60.00 65.81 1.0 0.0
150.00 60.00 64.99 1.0 0.0
155.00 60.00 63.74 1.0 0.0
160.00 60.00 61.92 1.0 0.0
165.00 60.00 59.26 1.0 0.0
170.00 60.00 55.09 1.0 0.0
175.00 60.00 48.00 1.0 0.0
180.00 60.00 49.81 1.0 0.0
0.00 70.00 52.45 0.0 1.0
5.00 70.00 49.48 0.0 1.0
10.00 70.00 52.01 0.0 1.0
15.00 70.00 55.83 0.0 1.0
20.00 70.00 58.67 0.0 1.0
25.00 70.00 60.67 0.0 1.0
30.00 70.00 62.08 0.0 1.0
35.00 70.00 63.02 0.0 1.0
40.00 70.00 63.60 0.0 1.0
45.00 70.00 63.84 0.5 0.5
50.00 70.00 63.78 0.5 0.5
55.00 70.00 63.42 0.5 0.5
60.00 70.00 62.76 0.5 0.5
65.00 70.00 61.76 0.5 0.5
70.00 70.00 60.35 0.5 0.5
75.00 70.00 58.45 0.5 0.5
80.00 70.00 55.92 0.5 0.5
85.00 70.00 52.86 0.5 0.5
90.00 70.00 51.15 0.5 0.5
95.00 70.00 53.13 0.5 0.5
100.00 70.00 56.07 0.5 0.5
105.00 70.00 58.43 0.5 0.5
110.00 70.00 60.15 0.5 0.5
115.00 70.00 61.38 0.5 0.5
120.00 70.00 62.19 0.5 0.5
125.00 70.00 62.66 0.5 0.5
130.00 70.00 62.82 0.5 0.5
135.00 70.00 62.70 0.5 0.5
140.00 70.00 62.28 1.0 0.0
145.00 70.00 61.57 1.0 0.0
150.00 70.00 60.52 1.0 0.0
155.00 70.00 59.06 1.0 0.0
160.00 70.00 57.06 1.0 0.0
165.00 70.00 54.27 1.0 0.0
170.00 70.00 50.30 1.0 0.0
175.00 70.00 46.70 1.0 0.0
180.00 70.00 49.81 1.0 0.0
0.00 80.00 52.45 0.0 1.0
5.00 80.00 50.64 0.0 1.0
10.00 80.00 49.52 0.0 1.0
15.00 80.00 49.88 0.0 1.0
20.00 80.00 51.28 0.0 1.0
25.00 80.00 52.83 0.0 1.0
30.00 80.00 54.12 0.0 1.0
35.00 80.00 55.07 0.0 1.0
40.00 80.00 55.68 0.0 1.0
45.00 80.00 56.00 0.5 0.5
50.00 80.00 56.05 0.5 0.5
55.00 80.00 55.83 0.5 0.5
60.00 80.00 55.32 0.5 0.5
65.00 80.00 54.51 0.5 0.5
70.00 80.00 53.33 0.5 0.5
75.00 80.00 51.66 0.5 0.5
80.00 80.00 49.31 0.5 0.5
85.00 80.00 45.91 0.5 0.5
90.00 80.00 41.34 0.5 0.5
95.00 80.00 40.78 0.5 0.5
100.00 80.00 45.27 0.5 0.5
105.00 80.00 48.75 0.5 0.5
110.00 80.00 51.12 0.5 0.5
115.00 80.00 52.75 0.5 0.5
120.00 80.00 53.87 0.5 0.5
125.00 80.00 54.59 0.5 0.5
130.00 80.00 54.97 0.5 0.5
135.00 80.00 55.04 0.5 0.5
140.00 80.00 54.81 1.0 0.0
145.00 80.00 54.30 1.0 0.0
150.00 80.00 53.49 1.0 0.0
155.00 80.00 52.41 1.0 0.0
160.00 80.00 51.11 1.0 0.0
165.00 80.00 49.79 1.0 0.0
170.00 80.00 48.89 1.0 0.0
175.00 80.00 48.90 1.0 0.0
180.00 80.00 49.81 1.0 0.0
0.00 90.00 52.45 0.0 1.0
5.00 90.00 52.66 0.0 1.0
10.00 90.00 52.71 0.0 1.0
15.00 90.00 52.75 0.0 1.0
20.00 90.00 52.90 0.0 1.0
25.00 90.00 53.23 0.0 1.0
30.00 90.00 53.67 0.0 1.0
35.00 90.00 54.11 0.0 1.0
40.00 90.00 54.42 0.0 1.0
45.00 90.00 54.54 0.5 0.5
50.00 90.00 54.39 0.5 0.5
55.00 90.00 53.94 0.5 0.5
60.00 90.00 53.15 0.5 0.5
65.00 90.00 51.97 0.5 0.5
70.00 90.00 50.35 0.5 0.5
75.00 90.00 48.21 0.5 0.5
80.00 90.00 45.56 0.5 0.5
85.00 90.00 43.13 0.5 0.5
90.00 90.00 43.10 0.5 0.5
95.00 90.00 45.31 0.5 0.5
100.00 90.00 47.67 0.5 0.5
105.00 90.00 49.59 0.5 0.5
110.00 90.00 51.09 0.5 0.5
115.00 90.00 52.29 0.5 0.5
120.00 90.00 53.27 0.5 0.5
125.00 90.00 54.08 0.5 0.5
130.00 90.00 54.78 0.5 0.5
135.00 90.00 55.34 0.5 0.5
140.00 90.00 55.77 1.0 0.0
145.00 90.00 56.04 1.0 0.0
150.00 90.00 56.10 1.0 0.0
155.00 90.00 55.92 1.0 0.0
160.00 90.00 55.47 1.0 0.0
165.00 90.00 54.68 1.0 0.0
170.00 90.00 53.52 1.0 0.0
175.00 90.00 51.92 1.0 0.0
180.00 90.00 49.81 1.0 0.0
0.00 100.00 52.45 0.0 1.0
5.00 100.00 54.66 0.0 1.0
10.00 100.00 56.43 0.0 1.0
15.00 100.00 57.97 0.0 1.0
20.00 100.00 59.30 0.0 1.0
25.00 100.00 60.38 0.0 1.0
30.00 100.00 61.16 0.0 1.0
35.00 100.00 61.62 0.0 1.0
40.00 100.00 61.74 0.0 1.0
45.00 100.00 61.52 0.5 0.5
50.00 100.00 60.99 0.5 0.5
55.00 100.00 60.17 0.5 0.5
60.00 100.00 59.07 0.5 0.5
65.00 100.00 57.69 0.5 0.5
70.00 100.00 56.03 0.5 0.5
75.00 100.00 54.02 0.5 0.5
80.00 100.00 51.62 0.5 0.5
85.00 100.00 49.00 0.5 0.5
90.00 100.00 47.56 0.5 0.5
95.00 100.00 49.02 0.5 0.5
100.00 100.00 51.70 0.5 0.5
105.00 100.00 54.13 0.5 0.5
110.00 100.00 56.06 0.5 0.5
115.00 100.00 57.54 0.5 0.5
120.00 100.00 58.65 0.5 0.5
125.00 100.00 59.45 0.5 0.5
130.00 100.00 59.99 0.5 0.5
135.00 100.00 60.33 0.5 0.5
140.00 100.00 60.51 1.0 0.0
145.00 100.00 60.57 1.0 0.0
150.00 100.00 60.50 1.0 0.0
155.00 100.00 60.25 1.0 0.0
160.00 100.00 59.71 1.0 0.0
165.00 100.00 58.73 1.0 0.0
170.00 100.00 57.08 1.0 0.0
175.00 100.00 54.37 1.0 0.0
180.00 100.00 49.81 1.0 0.0
0.00 110.00 52.45 0.0 1.0
5.00 110.00 56.34 0.0 1.0
10.00 110.00 59.08 0.0 1.0
15.00 110.00 61.11 0.0 1.0
20.00 110.00 62.61 0.0 1.0
25.00 110.00 63.64 0.0 1.0
30.00 110.00 64.26 0.0 1.0
35.00 110.00 64.50 0.0 1.0
40.00 110.00 64.42 0.0 1.0
45.00 110.00 64.09 0.5 0.5
50.00 110.00 63.57 0.5 0.5
55.00 110.00 62.89 0.5 0.5
60.00 110.00 62.07 0.5 0.5
65.00 110.00 61.07 0.5 0.5
70.00 110.00 59.84 0.5 0.5
75.00 110.00 58.29 0.5 0.5
80.00 110.00 56.32 0.5 0.5
85.00 110.00 53.88 0.5 0.5
90.00 110.00 51.46 0.5 0.5
95.00 110.00 51.00 0.5 0.5
100.00 110.00 53.17 0.5 0.5
105.00 110.00 55.81 0.5 0.5
110.00 110.00 58.05 0.5 0.5
115.00 110.00 59.81 0.5 0.5
120.00 110.00 61.17 0.5 0.5
125.00 110.00 62.19 0.5 0.5
130.00 110.00 62.88 0.5 0.5
135.00 110.00 63.29 0.5 0.5
140.00 110.00 63.45 1.0 0.0
145.00 110.00 63.40 1.0 0.0
150.00 110.00 63.18 1.0 0.0
155.00 110.00 62.82 1.0 0.0
160.00 110.00 62.23 1.0 0.0
165.00 110.00 61.23 1.0 0.0
170.00 110.00 59.45 1.0 0.0
175.00 110.00 56.23 1.0 0.0
180.00 110.00 49.81 1.0 0.0
0.00 120.00 52.45 0.0 1.0
5.00 120.00 57.70 0.0 1.0
10.00 120.00 60.94 0.0 1.0
15.00 120.00 63.09 0.0 1.0
20.00 120.00 64.53 0.0 1.0
25.00 120.00 65.43 0.0 1.0
30.00 120.00 65.88 0.0 1.0
35.00 120.00 65.98 0.0 1.0
40.00 120.00 65.82 0.0 1.0
45.00 120.00 65.45 0.5 0.5
50.00 120.00 64.89 0.5 0.5
55.00 120.00 64.15 0.5 0.5
60.00 120.00 63.22 0.5 0.5
65.00 120.00 62.04 0.5 0.5
70.00 120.00 60.57 0.5 0.5
75.00 120.00 58.74 0.5 0.5
80.00 120.00 56.55 0.5 0.5
85.00 120.00 54.34 0.5 0.5
90.00 120.00 53.38 0.5 0.5
95.00 120.00 54.64 0.5 0.5
100.00 120.00 56.83 0.5 0.5
105.00 120.00 58.88 0.5 0.5
110.00 120.00 60.59 0.5 0.5
115.00 120.00 61.97 0.5 0.5
120.00 120.00 63.10 0.5 0.5
125.00 120.00 64.02 0.5 0.5
130.00 120.00 64.72 0.5 0.5
135.00 120.00 65.19 0.5 0.5
140.00 120.00 65.41 1.0 0.0
145.00 120.00 65.36 1.0 0.0
150.00 120.00 65.07 1.0 0.0
155.00 120.00 64.59 1.0 0.0
160.00 120.00 63.92 1.0 0.0
165.00 120.00 62.90 1.0 0.0
170.00 120.00 61.11 1.0 0.0
175.00 120.00 57.65 1.0 0.0
180.00 120.00 49.81 1.0 0.0
0.00 130.00 52.45 0.0 1.0
5.00 130.00 58.77 0.0 1.0
10.00 130.00 62.26 0.0 1.0
15.00 130.00 64.40 0.0 1.0
20.00 130.00 65.74 0.0 1.0
25.00 130.00 66.50 0.0 1.0
30.00 130.00 66.84 0.0 1.0
35.00 130.00 66.83 0.0 1.0
40.00 130.00 66.53 0.0 1.0
45.00 130.00 66.01 0.5 0.5
50.00 130.00 65.28 0.5 0.5
55.00 130.00 64.40 0.5 0.5
60.00 130.00 63.36 0.5 0.5
65.00 130.00 62.16 0.5 0.5
70.00 130.00 60.77 0.5 0.5
75.00 130.00 59.20 0.5 0.5
80.00 130.00 57.60 0.5 0.5
85.00 130.00 56.45 0.5 0.5
90.00 130.00 56.45 0.5 0.5
95.00 130.00 57.62 0.5 0.5
100.00 130.00 59.25 0.5 0.5
105.00 130.00 60.84 0.5 0.5
110.00 130.00 62.21 0.5 0.5
115.00 130.00 63.35 0.5 0.5
120.00 130.00 64.28 0.5 0.5
125.00 130.00 65.05 0.5 0.5
130.00 130.00 65.69 0.5 0.5
135.00 130.00 66.21 0.5 0.5
140.00 130.00 66.53 1.0 0.0
145.00 130.00 66.61 1.0 0.0
150.00 130.00 66.39 1.0 0.0
155.00 130.00 65.89 1.0 0.0
160.00 130.00 65.15 1.0 0.0
165.00 130.00 64.09 1.0 0.0
170.00 130.00 62.29 1.0 0.0
175.00 130.00 58.72 1.0 0.0
180.00 130.00 49.81 1.0 0.0
0.00 140.00 52.45 0.0 1.0
5.00 140.00 59.59 0.0 1.0
10.00 140.00 63.20 0.0 1.0
15.00 140.00 65.29 0.0 1.0
20.00 140.00 66.52 0.0 1.0
25.00 140.00 67.18 0.0 1.0
30.00 140.00 67.40 0.0 1.0
35.00 140.00 67.23 0.0 1.0
40.00 140.00 66.76 0.0 1.0
45.00 140.00 66.07 0.5 0.5
50.00 140.00 65.26 0.5 0.5
55.00 140.00 64.39 0.5 0.5
60.00 140.00 63.49 0.5 0.5
65.00 140.00 62.58 0.5 0.5
70.00 140.00 61.65 0.5 0.5
75.00 140.00 60.75 0.5 0.5
80.00 140.00 59.91 0.5 0.5
85.00 140.00 59.26 0.5 0.5
90.00 140.00 58.97 0.5 0.5
95.00 140.00 59.25 0.5 0.5
100.00 140.00 60.07 0.5 0.5
105.00 140.00 61.22 0.5 0.5
110.00 140.00 62.44 0.5 0.5
115.00 140.00 63.56 0.5 0.5
120.00 140.00 64.51 0.5 0.5
125.00 140.00 65.30 0.5 0.5
130.00 140.00 65.96 0.5 0.5
135.00 140.00 66.54 0.5 0.5
140.00 140.00 67.00 1.0 0.0
145.00 140.00 67.26 1.0 0.0
150.00 140.00 67.21 1.0 0.0
155.00 140.00 66.80 1.0 0.0
160.00 140.00 66.06 1.0 0.0
165.00 140.00 64.96 1.0 0.0
170.00 140.00 63.16 1.0 0.0
175.00 140.00 59.52 1.0 0.0
180.00 140.00 49.81 1.0 0.0
0.00 150.00 52.45 0.0 1.0
5.00 150.00 60.19 0.0 1.0
10.00 150.00 63.86 0.0 1.0
15.00 150.00 65.87 0.0 1.0
20.00 150.00 67.02 0.0 1.0
25.00 150.00 67.59 0.0 1.0
30.00 150.00 67.69 0.0 1.0
35.00 150.00 67.37 0.0 1.0
40.00 150.00 66.73 0.0 1.0
45.00 150.00 65.91 0.5 0.5
50.00 150.00 65.05 0.5 0.5
55.00 150.00 64.21 0.5 0.5
60.00 150.00 63.45 0.5 0.5
65.00 150.00 62.80 0.5 0.5
70.00 150.00 62.26 0.5 0.5
75.00 150.00 61.80 0.5 0.5
80.00 150.00 61.34 0.5 0.5
85.00 150.00 60.84 0.5 0.5
90.00 150.00 60.34 0.5 0.5
95.00 150.00 59.97 0.5 0.5
100.00 150.00 59.99 0.5 0.5
105.00 150.00 60.55 0.5 0.5
110.00 150.00 61.57 0.5 0.5
115.00 150.00 62.75 0.5 0.5
120.00 150.00 63.88 0.5 0.5
125.00 150.00 64.84 0.5 0.5
130.00 150.00 65.65 0.5 0.5
135.00 150.00 66.36 0.5 0.5
140.00 150.00 66.99 1.0 0.0
145.00 150.00 67.47 1.0 0.0
150.00 150.00 67.64 1.0 0.0
155.00 150.00 67.38 1.0 0.0
160.00 150.00 66.70 1.0 0.0
165.00 150.00 65.59 1.0 0.0
170.00 150.00 63.78 1.0 0.0
175.00 150.00 60.10 1.0 0.0
180.00 150.00 49.81 1.0 0.0
0.00 160.00 52.45 0.0 1.0
5.00 160.00 60.60 0.0 1.0
10.00 160.00 64.28 0.0 1.0
15.00 160.00 66.24 0.0 1.0
20.00 160.00 67.33 0.0 1.0
25.00 160.00 67.83 0.0 1.0
30.00 160.00 67.83 0.0 1.0
35.00 160.00 67.37 0.0 1.0
40.00 160.00 66.57 0.0 1.0
45.00 160.00 65.59 0.5 0.5
50.00 160.00 64.57 0.5 0.5
55.00 160.00 63.59 0.5 0.5
60.00 160.00 62.75 0.5 0.5
65.00 160.00 62.13 0.5 0.5
70.00 160.00 61.75 0.5 0.5
75.00 160.00 61.50 0.5 0.5
80.00 160.00 61.23 0.5 0.5
85.00 160.00 60.87 0.5 0.5
90.00 160.00 60.36 0.5 0.5
95.00 160.00 59.75 0.5 0.5
100.00 160.00 59.24 0.5 0.5
105.00 160.00 59.20 0.5 0.5
110.00 160.00 59.93 0.5 0.5
115.00 160.00 61.21 0.5 0.5
120.00 160.00 62.62 0.5 0.5
125.00 160.00 63.87 0.5 0.5
130.00 160.00 64.92 0.5 0.5
135.00 160.00 65.84 0.5 0.5
140.00 160.00 66.69 1.0 0.0
145.00 160.00 67.40 1.0 0.0
150.00 160.00 67.79 1.0 0.0
155.00 160.00 67.71 1.0 0.0
160.00 160.00 67.12 1.0 0.0
165.00 160.00 66.03 1.0 0.0
170.00 160.00 64.20 1.0 0.0
175.00 160.00 60.47 1.0 0.0
180.00 160.00 49.81 1.0 0.0
0.00 170.00 52.45 0.0 1.0
5.00 170.00 60.84 0.0 1.0
10.00 170.00 64.53 0.0 1.0
15.00 170.00 66.44 0.0 1.0
20.00 170.00 67.48 0.0 1.0
25.00 170.00 67.94 0.0 1.0
30.00 170.00 67.88 0.0 1.0
35.00 170.00 67.33 0.0 1.0
40.00 170.00 66.36 0.0 1.0
45.00 170.00 65.15 0.5 0.5
50.00 170.00 63.82 0.5 0.5
55.00 170.00 62.48 0.5 0.5
60.00 170.00 61.26 0.5 0.5
65.00 170.00 60.40 0.5 0.5
70.00 170.00 60.04 0.5 0.5
75.00 170.00 60.03 0.5 0.5
80.00 170.00 60.10 0.5 0.5
85.00 170.00 60.03 0.5 0.5
90.00 170.00 59.73 0.5 0.5
95.00 170.00 59.15 0.5 0.5
100.00 170.00 58.42 0.5 0.5
105.00 170.00 57.93 0.5 0.5
110.00 170.00 58.28 0.5 0.5
115.00 170.00 59.55 0.5 0.5
120.00 170.00 61.18 0.5 0.5
125.00 170.00 62.72 0.5 0.5
130.00 170.00 64.04 0.5 0.5
135.00 170.00 65.21 0.5 0.5
140.00 170.00 66.30 1.0 0.0
145.00 170.00 67.23 1.0 0.0
150.00 170.00 67.81 1.0 0.0
155.00 170.00 67.88 1.0 0.0
160.00 170.00 67.37 1.0 0.0
165.00 170.00 66.31 1.0 0.0
170.00 170.00 64.44 1.0 0.0
175.00 170.00 60.67 1.0 0.0
180.00 170.00 49.81 1.0 0.0
0.00 180.00 52.45 0.0 1.0
5.00 180.00 60.92 0.0 1.0
10.00 180.00 64.61 0.0 1.0
15.00 180.00 66.50 0.0 1.0
20.00 180.00 67.51 0.0 1.0
25.00 180.00 67.96 0.0 1.0
30.00 180.00 67.91 0.0 1.0
35.00 180.00 67.32 0.0 1.0
40.00 180.00 66.25 0.0 1.0
45.00 180.00 64.79 0.5 0.5
50.00 180.00 63.09 0.5 0.5
55.00 180.00 61.23 0.5 0.5
60.00 180.00 59.36 0.5 0.5
65.00 180.00 57.87 0.5 0.5
70.00 180.00 57.33 0.5 0.5
75.00 180.00 57.69 0.5 0.5
80.00 180.00 58.30 0.5 0.5
85.00 180.00 58.70 0.5 0.5
90.00 180.00 58.74 0.5 0.5
95.00 180.00 58.40 0.5 0.5
100.00 180.00 57.83 0.5 0.5
105.00 180.00 57.38 0.5 0.5
110.00 180.00 57.58 0.5 0.5
115.00 180.00 58.65 0.5 0.5
120.00 180.00 60.22 0.5 0.5
125.00 180.00 61.83 0.5 0.5
130.00 180.00 63.33 0.5 0.5
135.00 180.00 64.72 0.5 0.5
140.00 180.00 66.02 1.0 0.0
145.00 180.00 67.11 1.0 0.0
150.00 180.00 67.81 1.0 0.0
155.00 180.00 67.95 1.0 0.0
160.00 180.00 67.49 1.0 0.0
165.00 180.00 66.42 1.0 0.0
170.00 180.00 64.52 1.0 0.0
175.00 180.00 60.69 1.0 0.0
180.00 180.00 49.81 1.0 0.0
0.00 190.00 52.45 0.0 1.0
5.00 190.00 60.83 0.0 1.0
10.00 190.00 64.53 0.0 1.0
15.00 190.00 66.42 0.0 1.0
20.00 190.00 67.43 0.0 1.0
25.00 190.00 67.90 0.0 1.0
30.00 190.00 67.91 0.0 1.0
35.00 190.00 67.41 0.0 1.0
40.00 190.00 66.36 0.0 1.0
45.00 190.00 64.80 0.5 0.5
50.00 190.00 62.81 0.5 0.5
55.00 190.00 60.49 0.5 0.5
60.00 190.00 57.94 0.5 0.5
65.00 190.00 55.50 0.5 0.5
70.00 190.00 54.20 0.5 0.5
75.00 190.00 54.64 0.5 0.5
80.00 190.00 55.77 0.5 0.5
85.00 190.00 56.68 0.5 0.5
90.00 190.00 57.15 0.5 0.5
95.00 190.00 57.24 0.5 0.5
100.00 190.00 57.14 0.5 0.5
105.00 190.00 57.17 0.5 0.5
110.00 190.00 57.62 0.5 0.5
115.00 190.00 58.61 0.5 0.5
120.00 190.00 59.99 0.5 0.5
125.00 190.00 61.52 0.5 0.5
130.00 190.00 63.09 0.5 0.5
135.00 190.00 64.63 0.5 0.5
140.00 190.00 66.03 1.0 0.0
145.00 190.00 67.16 1.0 0.0
150.00 190.00 67.83 1.0 0.0
155.00 190.00 67.95 1.0 0.0
160.00 190.00 67.47 1.0 0.0
165.00 190.00 66.39 1.0 0.0
170.00 190.00 64.42 1.0 0.0
175.00 190.00 60.53 1.0 0.0
180.00 190.00 49.81 1.0 0.0
0.00 200.00 52.45 0.0 1.0
5.00 200.00 60.58 0.0 1.0
10.00 200.00 64.28 0.0 1.0
15.00 200.00 66.22 0.0 1.0
20.00 200.00 67.24 0.0 1.0
25.00 200.00 67.74 0.0 1.0
30.00 200.00 67.84 0.0 1.0
35.00 200.00 67.53 0.0 1.0
40.00 200.00 66.71 0.0 1.0
45.00 200.00 65.34 0.5 0.5
50.00 200.00 63.41 0.5 0.5
55.00 200.00 60.94 0.5 0.5
60.00 200.00 58.03 0.5 0.5
65.00 200.00 54.92 0.5 0.5
70.00 200.00 52.55 0.5 0.5
75.00 200.00 52.22 0.5 0.5
80.00 200.00 53.31 0.5 0.5
85.00 200.00 54.50 0.5 0.5
90.00 200.00 55.38 0.5 0.5
95.00 200.00 55.99 0.5 0.5
100.00 200.00 56.51 0.5 0.5
105.00 200.00 57.12 0.5 0.5
110.00 200.00 57.96 0.5 0.5
115.00 200.00 59.08 0.5 0.5
120.00 200.00 60.45 0.5 0.5
125.00 200.00 61.98 0.5 0.5
130.00 200.00 63.56 0.5 0.5
135.00 200.00 65.07 0.5 0.5
140.00 200.00 66.39 1.0 0.0
145.00 200.00 67.36 1.0 0.0
150.00 200.00 67.88 1.0 0.0
155.00 200.00 67.87 1.0 0.0
160.00 200.00 67.33 1.0 0.0
165.00 200.00 66.18 1.0 0.0
170.00 200.00 64.13 1.0 0.0
175.00 200.00 60.18 1.0 0.0
180.00 200.00 49.81 1.0 0.0
0.00 210.00 52.45 0.0 1.0
5.00 210.00 60.15 0.0 1.0
10.00 210.00 63.85 0.0 1.0
15.00 210.00 65.85 0.0 1.0
20.00 210.00 66.94 0.0 1.0
25.00 210.00 67.48 0.0 1.0
30.00 210.00 67.66 0.0 1.0
35.00 210.00 67.54 0.0 1.0
40.00 210.00 67.07 0.0 1.0
45.00 210.00 66.16 0.5 0.5
50.00 210.00 64.76 0.5 0.5
55.00 210.00 62.80 0.5 0.5
60.00 210.00 60.29 0.5 0.5
65.00 210.00 57.24 0.5 0.5
70.00 210.00 53.96 0.5 0.5
75.00 210.00 51.65 0.5 0.5
80.00 210.00 51.62 0.5 0.5
85.00 210.00 52.86 0.5 0.5
90.00 210.00 54.17 0.5 0.5
95.00 210.00 55.34 0.5 0.5
100.00 210.00 56.44 0.5 0.5
105.00 210.00 57.58 0.5 0.5
110.00 210.00 58.83 0.5 0.5
115.00 210.00 60.21 0.5 0.5
120.00 210.00 61.69 0.5 0.5
125.00 210.00 63.19 0.5 0.5
130.00 210.00 64.62 0.5 0.5
135.00 210.00 65.90 0.5 0.5
140.00 210.00 66.91 1.0 0.0
145.00 210.00 67.58 1.0 0.0
150.00 210.00 67.84 1.0 0.0
155.00 210.00 67.66 1.0 0.0
160.00 210.00 66.99 1.0 0.0
165.00 210.00 65.75 1.0 0.0
170.00 210.00 63.61 1.0 0.0
175.00 210.00 59.61 1.0 0.0
180.00 210.00 49.81 1.0 0.0
0.00 220.00 52.45 0.0 1.0
5.00 220.00 59.53 0.0 1.0
10.00 220.00 63.18 0.0 1.0
15.00 220.00 65.27 0.0 1.0
20.00 220.00 66.47 0.0 1.0
25.00 220.00 67.09 0.0 1.0
30.00 220.00 67.33 0.0 1.0
35.00 220.00 67.32 0.0 1.0
40.00 220.00 67.09 0.0 1.0
45.00 220.00 66.62 0.5 0.5
50.00 220.00 65.85 0.5 0.5
55.00 220.00 64.71 0.5 0.5
60.00 220.00 63.16 0.5 0.5
65.00 220.00 61.15 0.5 0.5
70.00 220.00 58.64 0.5 0.5
75.00 220.00 55.64 0.5 0.5
80.00 220.00 52.47 0.5 0.5
85.00 220.00 50.72 0.5 0.5
90.00 220.00 51.85 0.5 0.5
95.00 220.00 54.16 0.5 0.5
100.00 220.00 56.41 0.5 0.5
105.00 220.00 58.42 0.5 0.5
110.00 220.00 60.22 0.5 0.5
115.00 220.00 61.85 0.5 0.5
120.00 220.00 63.32 0.5 0.5
125.00 220.00 64.63 0.5 0.5
130.00 220.00 65.74 0.5 0.5
135.00 220.00 66.63 0.5 0.5
140.00 220.00 67.25 1.0 0.0
145.00 220.00 67.58 1.0 0.0
150.00 220.00 67.56 1.0 0.0
155.00 220.00 67.18 1.0 0.0
160.00 220.00 66.38 1.0 0.0
165.00 220.00 65.03 1.0 0.0
170.00 220.00 62.78 1.0 0.0
175.00 220.00 58.79 1.0 0.0
180.00 220.00 49.81 1.0 0.0
0.00 230.00 52.45 0.0 1.0
5.00 230.00 58.67 0.0 1.0
10.00 230.00 62.20 0.0 1.0
15.00 230.00 64.36 0.0 1.0
20.00 230.00 65.71 0.0 1.0
25.00 230.00 66.49 0.0 1.0
30.00 230.00 66.85 0.0 1.0
35.00 230.00 66.90 0.0 1.0
40.00 230.00 66.72 0.0 1.0
45.00 230.00 66.38 0.5 0.5
50.00 230.00 65.89 0.5 0.5
55.00 230.00 65.21 0.5 0.5
60.00 230.00 64.28 0.5 0.5
65.00 230.00 63.03 0.5 0.5
70.00 230.00 61.36 0.5 0.5
75.00 230.00 59.10 0.5 0.5
80.00 230.00 56.01 0.5 0.5
85.00 230.00 51.83 0.5 0.5
90.00 230.00 49.10 0.5 0.5
95.00 230.00 52.62 0.5 0.5
100.00 230.00 56.51 0.5 0.5
105.00 230.00 59.35 0.5 0.5
110.00 230.00 61.47 0.5 0.5
115.00 230.00 63.11 0.5 0.5
120.00 230.00 64.40 0.5 0.5
125.00 230.00 65.42 0.5 0.5
130.00 230.00 66.18 0.5 0.5
135.00 230.00 66.71 0.5 0.5
140.00 230.00 67.00 1.0 0.0
145.00 230.00 67.04 1.0 0.0
150.00 230.00 66.81 1.0 0.0
155.00 230.00 66.27 1.0 0.0
160.00 230.00 65.34 1.0 0.0
165.00 230.00 63.87 1.0 0.0
170.00 230.00 61.56 1.0 0.0
175.00 230.00 57.65 1.0 0.0
180.00 230.00 49.81 1.0 0.0
0.00 240.00 52.45 0.0 1.0
5.00 240.00 57.53 0.0 1.0
10.00 240.00 60.78 0.0 1.0
15.00 240.00 62.95 0.0 1.0
20.00 240.00 64.42 0.0 1.0
25.00 240.00 65.40 0.0 1.0
30.00 240.00 65.98 0.0 1.0
35.00 240.00 66.22 0.0 1.0
40.00 240.00 66.17 0.0 1.0
45.00 240.00 65.86 0.5 0.5
50.00 240.00 65.35 0.5 0.5
55.00 240.00 64.64 0.5 0.5
60.00 240.00 63.74 0.5 0.5
65.00 240.00 62.61 0.5 0.5
70.00 240.00 61.16 0.5 0.5
75.00 240.00 59.30 0.5 0.5
80.00 240.00 56.88 0.5 0.5
85.00 240.00 54.00 0.5 0.5
90.00 240.00 52.28 0.5 0.5
95.00 240.00 54.04 0.5 0.5
100.00 240.00 56.98 0.5 0.5
105.00 240.00 59.45 0.5 0.5
110.00 240.00 61.35 0.5 0.5
115.00 240.00 62.79 0.5 0.5
120.00 240.00 63.88 0.5 0.5
125.00 240.00 64.69 0.5 0.5
130.00 240.00 65.25 0.5 0.5
135.00 240.00 65.59 0.5 0.5
140.00 240.00 65.72 1.0 0.0
145.00 240.00 65.61 1.0 0.0
150.00 240.00 65.26 1.0 0.0
155.00 240.00 64.61 1.0 0.0
160.00 240.00 63.59 1.0 0.0
165.00 240.00 62.05 1.0 0.0
170.00 240.00 59.74 1.0 0.0
175.00 240.00 56.11 1.0 0.0
180.00 240.00 49.81 1.0 0.0
0.00 250.00 52.45 0.0 1.0
5.00 250.00 56.07 0.0 1.0
10.00 250.00 58.74 0.0 1.0
15.00 250.00 60.69 0.0 1.0
20.00 250.00 62.14 0.0 1.0
25.00 250.00 63.21 0.0 1.0
30.00 250.00 63.96 0.0 1.0
35.00 250.00 64.44 0.0 1.0
40.00 250.00 64.65 0.0 1.0
45.00 250.00 64.61 0.5 0.5
50.00 250.00 64.32 0.5 0.5
55.00 250.00 63.80 0.5 0.5
60.00 250.00 63.03 0.5 0.5
65.00 250.00 62.00 0.5 0.5
70.00 250.00 60.69 0.5 0.5
75.00 250.00 59.05 0.5 0.5
80.00 250.00 57.05 0.5 0.5
85.00 250.00 54.79 0.5 0.5
90.00 250.00 52.94 0.5 0.5
95.00 250.00 52.91 0.5 0.5
100.00 250.00 54.64 0.5 0.5
105.00 250.00 56.73 0.5 0.5
110.00 250.00 58.54 0.5 0.5
115.00 250.00 59.99 0.5 0.5
120.00 250.00 61.09 0.5 0.5
125.00 250.00 61.91 0.5 0.5
130.00 250.00 62.46 0.5 0.5
135.00 250.00 62.78 0.5 0.5
140.00 250.00 62.87 1.0 0.0
145.00 250.00 62.72 1.0 0.0
150.00 250.00 62.31 1.0 0.0
155.00 250.00 61.62 1.0 0.0
160.00 250.00 60.58 1.0 0.0
165.00 250.00 59.09 1.0 0.0
170.00 250.00 56.99 1.0 0.0
175.00 250.00 54.02 1.0 0.0
180.00 250.00 49.81 1.0 0.0
0.00 260.00 52.45 0.0 1.0
5.00 260.00 54.21 0.0 1.0
10.00 260.00 55.69 0.0 1.0
15.00 260.00 56.89 0.0 1.0
20.00 260.00 57.83 0.0 1.0
25.00 260.00 58.54 0.0 1.0
30.00 260.00 59.07 0.0 1.0
35.00 260.00 59.42 0.0 1.0
40.00 260.00 59.60 0.0 1.0
45.00 260.00 59.62 0.5 0.5
50.00 260.00 59.46 0.5 0.5
55.00 260.00 59.11 0.5 0.5
60.00 260.00 58.53 0.5 0.5
65.00 260.00 57.69 0.5 0.5
70.00 260.00 56.51 0.5 0.5
75.00 260.00 54.89 0.5 0.5
80.00 260.00 52.63 0.5 0.5
85.00 260.00 49.34 0.5 0.5
90.00 260.00 44.03 0.5 0.5
95.00 260.00 37.93 0.5 0.5
100.00 260.00 44.33 0.5 0.5
105.00 260.00 49.10 0.5 0.5
110.00 260.00 51.99 0.5 0.5
115.00 260.00 53.88 0.5 0.5
120.00 260.00 55.16 0.5 0.5
125.00 260.00 56.01 0.5 0.5
130.00 260.00 56.52 0.5 0.5
135.00 260.00 56.75 0.5 0.5
140.00 260.00 56.76 1.0 0.0
145.00 260.00 56.55 1.0 0.0
150.00 260.00 56.13 1.0 0.0
155.00 260.00 55.52 1.0 0.0
160.00 260.00 54.71 1.0 0.0
165.00 260.00 53.70 1.0 0.0
170.00 260.00 52.49 1.0 0.0
175.00 260.00 51.13 1.0 0.0
180.00 260.00 49.81 1.0 0.0
0.00 270.00 52.45 0.0 1.0
5.00 270.00 51.93 0.0 1.0
10.00 270.00 51.02 0.0 1.0
15.00 270.00 49.60 0.0 1.0
20.00 270.00 47.59 0.0 1.0
25.00 270.00 45.08 0.0 1.0
30.00 270.00 43.06 0.0 1.0
35.00 270.00 43.36 0.0 1.0
40.00 270.00 45.20 0.0 1.0
45.00 270.00 46.86 0.5 0.5
50.00 270.00 47.91 0.5 0.5
55.00 270.00 48.35 0.5 0.5
60.00 270.00 48.24 0.5 0.5
65.00 270.00 47.61 0.5 0.5
70.00 270.00 46.42 0.5 0.5
75.00 270.00 44.60 0.5 0.5
80.00 270.00 42.00 0.5 0.5
85.00 270.00 38.61 0.5 0.5
90.00 270.00 36.39 0.5 0.5
95.00 270.00 38.72 0.5 0.5
100.00 270.00 42.05 0.5 0.5
105.00 270.00 44.63 0.5 0.5
110.00 270.00 46.55 0.5 0.5
115.00 270.00 47.99 0.5 0.5
120.00 270.00 49.06 0.5 0.5
125.00 270.00 49.83 0.5 0.5
130.00 270.00 50.33 0.5 0.5
135.00 270.00 50.56 0.5 0.5
140.00 270.00 50.50 1.0 0.0
145.00 270.00 50.10 1.0 0.0
150.00 270.00 49.28 1.0 0.0
155.00 270.00 47.99 1.0 0.0
160.00 270.00 46.26 1.0 0.0
165.00 270.00 44.71 1.0 0.0
170.00 270.00 45.00 1.0 0.0
175.00 270.00 47.27 1.0 0.0
180.00 270.00 49.81 1.0 0.0
0.00 280.00 52.45 0.0 1.0
5.00 280.00 49.56 0.0 1.0
10.00 280.00 47.22 0.0 1.0
15.00 280.00 49.51 0.0 1.0
20.00 280.00 53.42 0.0 1.0
25.00 280.00 56.43 0.0 1.0
30.00 280.00 58.53 0.0 1.0
35.00 280.00 59.91 0.0 1.0
40.00 280.00 60.73 0.0 1.0
45.00 280.00 61.06 0.5 0.5
50.00 280.00 60.95 0.5 0.5
55.00 280.00 60.44 0.5 0.5
60.00 280.00 59.52 0.5 0.5
65.00 280.00 58.17 0.5 0.5
70.00 280.00 56.33 0.5 0.5
75.00 280.00 53.87 0.5 0.5
80.00 280.00 50.74 0.5 0.5
85.00 280.00 47.89 0.5 0.5
90.00 280.00 48.66 0.5 0.5
95.00 280.00 51.75 0.5 0.5
100.00 280.00 54.48 0.5 0.5
105.00 280.00 56.57 0.5 0.5
110.00 280.00 58.14 0.5 0.5
115.00 280.00 59.32 0.5 0.5
120.00 280.00 60.17 0.5 0.5
125.00 280.00 60.73 0.5 0.5
130.00 280.00 61.05 0.5 0.5
135.00 280.00 61.14 0.5 0.5
140.00 280.00 61.00 1.0 0.0
145.00 280.00 60.61 1.0 0.0
150.00 280.00 59.91 1.0 0.0
155.00 280.00 58.78 1.0 0.0
160.00 280.00 57.02 1.0 0.0
165.00 280.00 54.22 1.0 0.0
170.00 280.00 49.58 1.0 0.0
175.00 280.00 44.52 1.0 0.0
180.00 280.00 49.81 1.0 0.0
0.00 290.00 52.45 0.0 1.0
5.00 290.00 48.32 0.0 1.0
10.00 290.00 51.90 0.0 1.0
15.00 290.00 56.82 0.0 1.0
20.00 290.00 60.16 0.0 1.0
25.00 290.00 62.37 0.0 1.0
30.00 290.00 63.77 0.0 1.0
35.00 290.00 64.52 0.0 1.0
40.00 290.00 64.74 0.0 1.0
45.00 290.00 64.50 0.5 0.5
50.00 290.00 63.84 0.5 0.5
55.00 290.00 62.81 0.5 0.5
60.00 290.00 61.42 0.5 0.5
65.00 290.00 59.69 0.5 0.5
70.00 290.00 57.67 0.5 0.5
75.00 290.00 55.58 0.5 0.5
80.00 290.00 54.11 0.5 0.5
85.00 290.00 54.24 0.5 0.5
90.00 290.00 55.72 0.5 0.5
95.00 290.00 57.57 0.5 0.5
100.00 290.00 59.30 0.5 0.5
105.00 290.00 60.80 0.5 0.5
110.00 290.00 62.06 0.5 0.5
115.00 290.00 63.12 0.5 0.5
120.00 290.00 63.96 0.5 0.5
125.00 290.00 64.60 0.5 0.5
130.00 290.00 65.02 0.5 0.5
135.00 290.00 65.21 0.5 0.5
140.00 290.00 65.18 1.0 0.0
145.00 290.00 64.90 1.0 0.0
150.00 290.00 64.34 1.0 0.0
155.00 290.00 63.40 1.0 0.0
160.00 290.00 61.91 1.0 0.0
165.00 290.00 59.49 1.0 0.0
170.00 290.00 55.34 1.0 0.0
175.00 290.00 47.26 1.0 0.0
180.00 290.00 49.81 1.0 0.0
0.00 300.00 52.45 0.0 1.0
5.00 300.00 49.29 0.0 1.0
10.00 300.00 56.07 0.0 1.0
15.00 300.00 60.66 0.0 1.0
20.00 300.00 63.52 0.0 1.0
25.00 300.00 65.29 0.0 1.0
30.00 300.00 66.26 0.0 1.0
35.00 300.00 66.59 0.0 1.0
40.00 300.00 66.42 0.0 1.0
45.00 300.00 65.84 0.5 0.5
50.00 300.00 64.93 0.5 0.5
55.00 300.00 63.79 0.5 0.5
60.00 300.00 62.47 0.5 0.5
65.00 300.00 61.01 0.5 0.5
70.00 300.00 59.46 0.5 0.5
75.00 300.00 57.91 0.5 0.5
80.00 300.00 56.61 0.5 0.5
85.00 300.00 56.02 0.5 0.5
90.00 300.00 56.44 0.5 0.5
95.00 300.00 57.67 0.5 0.5
100.00 300.00 59.20 0.5 0.5
105.00 300.00 60.73 0.5 0.5
110.00 300.00 62.15 0.5 0.5
115.00 300.00 63.41 0.5 0.5
120.00 300.00 64.52 0.5 0.5
125.00 300.00 65.44 0.5 0.5
130.00 300.00 66.16 0.5 0.5
135.00 300.00 66.66 0.5 0.5
140.00 300.00 66.90 1.0 0.0
145.00 300.00 66.88 1.0 0.0
150.00 300.00 66.55 1.0 0.0
155.00 300.00 65.84 1.0 0.0
160.00 300.00 64.59 1.0 0.0
165.00 300.00 62.46 1.0 0.0
170.00 300.00 58.67 1.0 0.0
175.00 300.00 50.76 1.0 0.0
180.00 300.00 49.81 1.0 0.0
0.00 310.00 52.45 0.0 1.0
5.00 310.00 51.21 0.0 1.0
10.00 310.00 58.74 0.0 1.0
15.00 310.00 62.99 0.0 1.0
20.00 310.00 65.51 0.0 1.0
25.00 310.00 66.94 0.0 1.0
30.00 310.00 67.57 0.0 1.0
35.00 310.00 67.59 0.0 1.0
40.00 310.00 67.14 0.0 1.0
45.00 310.00 66.36 0.5 0.5
50.00 310.00 65.39 0.5 0.5
55.00 310.00 64.31 0.5 0.5
60.00 310.00 63.16 0.5 0.5
65.00 310.00 61.92 0.5 0.5
70.00 310.00 60.58 0.5 0.5
75.00 310.00 59.11 0.5 0.5
80.00 310.00 57.61 0.5 0.5
85.00 310.00 56.36 0.5 0.5
90.00 310.00 55.89 0.5 0.5
95.00 310.00 56.51 0.5 0.5
100.00 310.00 57.89 0.5 0.5
105.00 310.00 59.52 0.5 0.5
110.00 310.00 61.11 0.5 0.5
115.00 310.00 62.57 0.5 0.5
120.00 310.00 63.89 0.5 0.5
125.00 310.00 65.05 0.5 0.5
130.00 310.00 66.05 0.5 0.5
135.00 310.00 66.86 0.5 0.5
140.00 310.00 67.42 1.0 0.0
145.00 310.00 67.70 1.0 0.0
150.00 310.00 67.65 1.0 0.0
155.00 310.00 67.21 1.0 0.0
160.00 310.00 66.21 1.0 0.0
165.00 310.00 64.32 1.0 0.0
170.00 310.00 60.81 1.0 0.0
175.00 310.00 53.26 1.0 0.0
180.00 310.00 49.81 1.0 0.0
0.00 320.00 52.45 0.0 1.0
5.00 320.00 52.94 0.0 1.0
10.00 320.00 60.51 0.0 1.0
15.00 320.00 64.48 0.0 1.0
20.00 320.00 66.73 0.0 1.0
25.00 320.00 67.88 0.0 1.0
30.00 320.00 68.22 0.0 1.0
35.00 320.00 67.95 0.0 1.0
40.00 320.00 67.25 0.0 1.0
45.00 320.00 66.30 0.5 0.5
50.00 320.00 65.24 0.5 0.5
55.00 320.00 64.11 0.5 0.5
60.00 320.00 62.89 0.5 0.5
65.00 320.00 61.52 0.5 0.5
70.00 320.00 59.97 0.5 0.5
75.00 320.00 58.27 0.5 0.5
80.00 320.00 56.63 0.5 0.5
85.00 320.00 55.45 0.5 0.5
90.00 320.00 55.25 0.5 0.5
95.00 320.00 56.02 0.5 0.5
100.00 320.00 57.35 0.5 0.5
105.00 320.00 58.85 0.5 0.5
110.00 320.00 60.38 0.5 0.5
115.00 320.00 61.85 0.5 0.5
120.00 320.00 63.23 0.5 0.5
125.00 320.00 64.48 0.5 0.5
130.00 320.00 65.61 0.5 0.5
135.00 320.00 66.60 0.5 0.5
140.00 320.00 67.40 1.0 0.0
145.00 320.00 67.94 1.0 0.0
150.00 320.00 68.16 1.0 0.0
155.00 320.00 67.97 1.0 0.0
160.00 320.00 67.20 1.0 0.0
165.00 320.00 65.54 1.0 0.0
170.00 320.00 62.24 1.0 0.0
175.00 320.00 54.98 1.0 0.0
180.00 320.00 49.81 1.0 0.0
0.00 330.00 52.45 0.0 1.0
5.00 330.00 54.24 0.0 1.0
10.00 330.00 61.68 0.0 1.0
15.00 330.00 65.43 0.0 1.0
20.00 330.00 67.45 0.0 1.0
25.00 330.00 68.37 0.0 1.0
30.00 330.00 68.45 0.0 1.0
35.00 330.00 67.91 0.0 1.0
40.00 330.00 66.98 0.0 1.0
45.00 330.00 65.85 0.5 0.5
50.00 330.00 64.64 0.5 0.5
55.00 330.00 63.33 0.5 0.5
60.00 330.00 61.83 0.5 0.5
65.00 330.00 60.09 0.5 0.5
70.00 330.00 58.11 0.5 0.5
75.00 330.00 56.11 0.5 0.5
80.00 330.00 54.58 0.5 0.5
85.00 330.00 54.13 0.5 0.5
90.00 330.00 54.77 0.5 0.5
95.00 330.00 55.94 0.5 0.5
100.00 330.00 57.24 0.5 0.5
105.00 330.00 58.55 0.5 0.5
110.00 330.00 59.88 0.5 0.5
115.00 330.00 61.24 0.5 0.5
120.00 330.00 62.60 0.5 0.5
125.00 330.00 63.90 0.5 0.5
130.00 330.00 65.10 0.5 0.5
135.00 330.00 66.20 0.5 0.5
140.00 330.00 67.17 1.0 0.0
145.00 330.00 67.92 1.0 0.0
150.00 330.00 68.37 1.0 0.0
155.00 330.00 68.38 1.0 0.0
160.00 330.00 67.81 1.0 0.0
165.00 330.00 66.32 1.0 0.0
170.00 330.00 63.18 1.0 0.0
175.00 330.00 56.12 1.0 0.0
180.00 330.00 49.81 1.0 0.0
0.00 340.00 52.45 0.0 1.0
5.00 340.00 55.11 0.0 1.0
10.00 340.00 62.41 0.0 1.0
15.00 340.00 65.99 0.0 1.0
20.00 340.00 67.84 0.0 1.0
25.00 340.00 68.56 0.0 1.0
30.00 340.00 68.44 0.0 1.0
35.00 340.00 67.69 0.0 1.0
40.00 340.00 66.57 0.0 1.0
45.00 340.00 65.28 0.5 0.5
50.00 340.00 63.90 0.5 0.5
55.00 340.00 62.36 0.5 0.5
60.00 340.00 60.54 0.5 0.5
65.00 340.00 58.39 0.5 0.5
70.00 340.00 56.02 0.5 0.5
75.00 340.00 53.76 0.5 0.5
80.00 340.00 52.32 0.5 0.5
85.00 340.00 52.26 0.5 0.5
90.00 340.00 53.24 0.5 0.5
95.00 340.00 54.64 0.5 0.5
100.00 340.00 56.09 0.5 0.5
105.00 340.00 57.50 0.5 0.5
110.00 340.00 58.89 0.5 0.5
115.00 340.00 60.31 0.5 0.5
120.00 340.00 61.75 0.5 0.5
125.00 340.00 63.15 0.5 0.5
130.00 340.00 64.46 0.5 0.5
135.00 340.00 65.69 0.5 0.5
140.00 340.00 66.83 1.0 0.0
145.00 340.00 67.79 1.0 0.0
150.00 340.00 68.43 1.0 0.0
155.00 340.00 68.61 1.0 0.0
160.00 340.00 68.18 1.0 0.0
165.00 340.00 66.81 1.0 0.0
170.00 340.00 63.76 1.0 0.0
175.00 340.00 56.82 1.0 0.0
180.00 340.00 49.81 1.0 0.0
0.00 350.00 52.45 0.0 1.0
5.00 350.00 55.60 0.0 1.0
10.00 350.00 62.80 0.0 1.0
15.00 350.00 66.25 0.0 1.0
20.00 350.00 67.98 0.0 1.0
25.00 350.00 68.58 0.0 1.0
30.00 350.00 68.33 0.0 1.0
35.00 350.00 67.47 0.0 1.0
40.00 350.00 66.23 0.0 1.0
45.00 350.00 64.83 0.5 0.5
50.00 350.00 63.33 0.5 0.5
55.00 350.00 61.67 0.5 0.5
60.00 350.00 59.75 0.5 0.5
65.00 350.00 57.56 0.5 0.5
70.00 350.00 55.22 0.5 0.5
75.00 350.00 53.08 0.5 0.5
80.00 350.00 51.63 0.5 0.5
85.00 350.00 51.28 0.5 0.5
90.00 350.00 51.91 0.5 0.5
95.00 350.00 53.10 0.5 0.5
100.00 350.00 54.51 0.5 0.5
105.00 350.00 55.97 0.5 0.5
110.00 350.00 57.47 0.5 0.5
115.00 350.00 59.03 0.5 0.5
120.00 350.00 60.63 0.5 0.5
125.00 350.00 62.18 0.5 0.5
130.00 350.00 63.66 0.5 0.5
135.00 350.00 65.10 0.5 0.5
140.00 350.00 66.47 1.0 0.0
145.00 350.00 67.63 1.0 0.0
150.00 350.00 68.44 1.0 0.0
155.00 350.00 68.74 1.0 0.0
160.00 350.00 68.39 1.0 0.0
165.00 350.00 67.05 1.0 0.0
170.00 350.00 64.04 1.0 0.0
175.00 350.00 57.14 1.0 0.0
180.00 350.00 49.81 1.0 0.0
0.00 360.00 52.45 0.0 1.0
5.00 360.00 55.76 0.0 1.0
10.00 360.00 62.89 0.0 1.0
15.00 360.00 66.27 0.0 1.0
20.00 360.00 67.93 0.0 1.0
25.00 360.00 68.48 0.0 1.0
30.00 360.00 68.22 0.0 1.0
35.00 360.00 67.35 0.0 1.0
40.00 360.00 66.10 0.0 1.0
45.00 360.00 64.67 0.5 0.5
50.00 360.00 63.17 0.5 0.5
55.00 360.00 61.57 0.5 0.5
60.00 360.00 59.82 0.5 0.5
65.00 360.00 57.88 0.5 0.5
70.00 360.00 55.86 0.5 0.5
75.00 360.00 53.98 0.5 0.5
80.00 360.00 52.57 0.5 0.5
85.00 360.00 51.87 0.5 0.5
90.00 360.00 51.87 0.5 0.5
95.00 360.00 52.36 0.5 0.5
100.00 360.00 53.17 0.5 0.5
105.00 360.00 54.25 0.5 0.5
110.00 360.00 55.66 0.5 0.5
115.00 360.00 57.36 0.5 0.5
120.00 360.00 59.19 0.5 0.5
125.00 360.00 61.00 0.5 0.5
130.00 360.00 62.77 0.5 0.5
135.00 360.00 64.52 0.5 0.5
140.00 360.00 66.19 1.0 0.0
145.00 360.00 67.56 1.0 0.0
150.00 360.00 68.48 1.0 0.0
155.00 360.00 68.83 1.0 0.0
160.00 360.00 68.46 1.0 0.0
165.00 360.00 67.09 1.0 0.0
170.00 360.00 64.04 1.0 0.0
175.00 360.00 57.12 1.0 0.0
180.00 360.00 49.81 1.0 0.0
0.00 370.00 52.45 0.0 1.0
5.00 370.00 55.59 0.0 1.0
10.00 370.00 62.70 0.0 1.0
15.00 370.00 66.06 0.0 1.0
20.00 370.00 67.72 0.0 1.0
25.00 370.00 68.30 0.0 1.0
30.00 370.00 68.11 0.0 1.0
35.00 370.00 67.36 0.0 1.0
40.00 370.00 66.24 0.0 1.0
45.00 370.00 64.91 0.5 0.5
50.00 370.00 63.49 0.5 0.5
55.00 370.00 62.02 0.5 0.5
60.00 370.00 60.47 0.5 0.5
65.00 370.00 58.82 0.5 0.5
70.00 370.00 57.07 0.5 0.5
75.00 370.00 55.30 0.5 0.5
80.00 370.00 53.70 0.5 0.5
85.00 370.00 52.44 0.5 0.5
90.00 370.00 51.57 0.5 0.5
95.00 370.00 51.04 0.5 0.5
100.00 370.00 50.87 0.5 0.5
105.00 370.00 51.38 0.5 0.5
110.00 370.00 52.87 0.5 0.5
115.00 370.00 55.04 0.5 0.5
120.00 370.00 57.41 0.5 0.5
125.00 370.00 59.77 0.5 0.5
130.00 370.00 62.08 0.5 0.5
135.00 370.00 64.28 0.5 0.5
140.00 370.00 66.20 1.0 0.0
145.00 370.00 67.67 1.0 0.0
150.00 370.00 68.58 1.0 0.0
155.00 370.00 68.87 1.0 0.0
160.00 370.00 68.40 1.0 0.0
165.00 370.00 66.91 1.0 0.0
170.00 370.00 63.75 1.0 0.0
175.00 370.00 56.76 1.0 0.0
180.00 370.00 49.81 1.0 0.0
0.00 380.00 52.45 0.0 1.0
5.00 380.00 55.09 0.0 1.0
10.00 380.00 62.21 0.0 1.0
15.00 380.00 65.63 0.0 1.0
20.00 380.00 67.34 0.0 1.0
25.00 380.00 68.00 0.0 1.0
30.00 380.00 67.95 0.0 1.0
35.00 380.00 67.40 0.0 1.0
40.00 380.00 66.52 0.0 1.0
45.00 380.00 65.45 0.5 0.5
50.00 380.00 64.24 0.5 0.5
55.00 380.00 62.93 0.5 0.5
60.00 380.00 61.56 0.5 0.5
65.00 380.00 60.13 0.5 0.5
70.00 380.00 58.62 0.5 0.5
75.00 380.00 57.07 0.5 0.5
80.00 380.00 55.49 0.5 0.5
85.00 380.00 53.93 0.5 0.5
90.00 380.00 52.41 0.5 0.5
95.00 380.00 50.90 0.5 0.5
100.00 380.00 49.50 0.5 0.5
105.00 380.00 48.81 0.5 0.5
110.00 380.00 49.99 0.5 0.5
115.00 380.00 52.87 0.5 0.5
120.00 380.00 56.24 0.5 0.5
125.00 380.00 59.47 0.5 0.5
130.00 380.00 62.35 0.5 0.5
135.00 380.00 64.78 0.5 0.5
140.00 380.00 66.67 1.0 0.0
145.00 380.00 68.00 1.0 0.0
150.00 380.00 68.73 1.0 0.0
155.00 380.00 68.81 1.0 0.0
160.00 380.00 68.15 1.0 0.0
165.00 380.00 66.47 1.0 0.0
170.00 380.00 63.15 1.0 0.0
175.00 380.00 56.03 1.0 0.0
180.00 380.00 49.81 1.0 0.0
0.00 390.00 52.45 0.0 1.0
5.00 390.00 54.24 0.0 1.0
10.00 390.00 61.40 0.0 1.0
15.00 390.00 64.93 0.0 1.0
20.00 390.00 66.78 0.0 1.0
25.00 390.00 67.58 0.0 1.0
30.00 390.00 67.68 0.0 1.0
35.00 390.00 67.32 0.0 1.0
40.00 390.00 66.69 0.0 1.0
45.00 390.00 65.91 0.5 0.5
50.00 390.00 65.03 0.5 0.5
55.00 390.00 64.04 0.5 0.5
60.00 390.00 62.94 0.5 0.5
65.00 390.00 61.74 0.5 0.5
70.00 390.00 60.47 0.5 0.5
75.00 390.00 59.17 0.5 0.5
80.00 390.00 57.86 0.5 0.5
85.00 390.00 56.52 0.5 0.5
90.00 390.00 55.09 0.5 0.5
95.00 390.00 53.41 0.5 0.5
100.00 390.00 51.37 0.5 0.5
105.00 390.00 49.49 0.5 0.5
110.00 390.00 50.48 0.5 0.5
115.00 390.00 54.34 0.5 0.5
120.00 390.00 58.22 0.5 0.5
125.00 390.00 61.42 0.5 0.5
130.00 390.00 63.99 0.5 0.5
135.00 390.00 65.99 0.5 0.5
140.00 390.00 67.46 1.0 0.0
145.00 390.00 68.39 1.0 0.0
150.00 390.00 68.77 1.0 0.0
155.00 390.00 68.54 1.0 0.0
160.00 390.00 67.60 1.0 0.0
165.00 390.00 65.67 1.0 0.0
170.00 390.00 62.15 1.0 0.0
175.00 390.00 54.86 1.0 0.0
180.00 390.00 49.81 1.0 0.0
0.00 400.00 52.45 0.0 1.0
5.00 400.00 53.02 0.0 1.0
10.00 400.00 60.16 0.0 1.0
15.00 400.00 63.88 0.0 1.0
20.00 400.00 65.94 0.0 1.0
25.00 400.00 66.96 0.0 1.0
30.00 400.00 67.28 0.0 1.0
35.00 400.00 67.10 0.0 1.0
40.00 400.00 66.60 0.0 1.0
45.00 400.00 65.95 0.5 0.5
50.00 400.00 65.23 0.5 0.5
55.00 400.00 64.47 0.5 0.5
60.00 400.00 63.62 0.5 0.5
65.00 400.00 62.65 0.5 0.5
70.00 400.00 61.50 0.5 0.5
75.00 400.00 60.17 0.5 0.5
80.00 400.00 58.61 0.5 0.5
85.00 400.00 56.75 0.5 0.5
90.00 400.00 54.53 0.5 0.5
95.00 400.00 52.15 0.5 0.5
100.00 400.00 51.27 0.5 0.5
105.00 400.00 53.55 0.5 0.5
110.00 400.00 56.88 0.5 0.5
115.00 400.00 59.86 0.5 0.5
120.00 400.00 62.34 0.5 0.5
125.00 400.00 64.37 0.5 0.5
130.00 400.00 65.99 0.5 0.5
135.00 400.00 67.23 0.5 0.5
140.00 400.00 68.07 1.0 0.0
145.00 400.00 68.49 1.0 0.0
150.00 400.00 68.44 1.0 0.0
155.00 400.00 67.84 1.0 0.0
160.00 400.00 66.58 1.0 0.0
165.00 400.00 64.39 1.0 0.0
170.00 400.00 60.65 1.0 0.0
175.00 400.00 53.16 1.0 0.0
180.00 400.00 49.81 1.0 0.0
0.00 410.00 52.45 0.0 1.0
5.00 410.00 51.49 0.0 1.0
10.00 410.00 58.36 0.0 1.0
15.00 410.00 62.30 0.0 1.0
20.00 410.00 64.63 0.0 1.0
25.00 410.00 65.99 0.0 1.0
30.00 410.00 66.64 0.0 1.0
35.00 410.00 66.77 0.0 1.0
40.00 410.00 66.49 0.0 1.0
45.00 410.00 65.92 0.5 0.5
50.00 410.00 65.14 0.5 0.5
55.00 410.00 64.22 0.5 0.5
60.00 410.00 63.18 0.5 0.5
65.00 410.00 62.01 0.5 0.5
70.00 410.00 60.64 0.5 0.5
75.00 410.00 59.03 0.5 0.5
80.00 410.00 57.18 0.5 0.5
85.00 410.00 55.40 0.5 0.5
90.00 410.00 54.65 0.5 0.5
95.00 410.00 55.74 0.5 0.5
100.00 410.00 57.86 0.5 0.5
105.00 410.00 60.04 0.5 0.5
110.00 410.00 61.97 0.5 0.5
115.00 410.00 63.62 0.5 0.5
120.00 410.00 65.00 0.5 0.5
125.00 410.00 66.13 0.5 0.5
130.00 410.00 67.01 0.5 0.5
135.00 410.00 67.61 0.5 0.5
140.00 410.00 67.90 1.0 0.0
145.00 410.00 67.83 1.0 0.0
150.00 410.00 67.35 1.0 0.0
155.00 410.00 66.39 1.0 0.0
160.00 410.00 64.82 1.0 0.0
165.00 410.00 62.38 1.0 0.0
170.00 410.00 58.42 1.0 0.0
175.00 410.00 50.81 1.0 0.0
180.00 410.00 49.81 1.0 0.0
0.00 420.00 52.45 0.0 1.0
5.00 420.00 49.99 0.0 1.0
10.00 420.00 55.72 0.0 1.0
15.00 420.00 59.85 0.0 1.0
20.00 420.00 62.48 0.0 1.0
25.00 420.00 64.20 0.0 1.0
30.00 420.00 65.28 0.0 1.0
35.00 420.00 65.86 0.0 1.0
40.00 420.00 66.03 0.0 1.0
45.00 420.00 65.87 0.5 0.5
50.00 420.00 65.41 0.5 0.5
55.00 420.00 64.67 0.5 0.5
60.00 420.00 63.67 0.5 0.5
65.00 420.00 62.39 0.5 0.5
70.00 420.00 60.81 0.5 0.5
75.00 420.00 58.88 0.5 0.5
80.00 420.00 56.73 0.5 0.5
85.00 420.00 55.02 0.5 0.5
90.00 420.00 55.14 0.5 0.5
95.00 420.00 56.99 0.5 0.5
100.00 420.00 59.21 0.5 0.5
105.00 420.00 61.17 0.5 0.5
110.00 420.00 62.78 0.5 0.5
115.00 420.00 64.06 0.5 0.5
120.00 420.00 65.06 0.5 0.5
125.00 420.00 65.77 0.5 0.5
130.00 420.00 66.22 0.5 0.5
135.00 420.00 66.39 0.5 0.5
140.00 420.00 66.26 1.0 0.0
145.00 420.00 65.81 1.0 0.0
150.00 420.00 64.99 1.0 0.0
155.00 420.00 63.74 1.0 0.0
160.00 420.00 61.92 1.0 0.0
165.00 420.00 59.26 1.0 0.0
170.00 420.00 55.09 1.0 0.0
175.00 420.00 48.00 1.0 0.0
180.00 420.00 49.81 1.0 0.0
0.00 430.00 52.45 0.0 1.0
5.00 430.00 49.48 0.0 1.0
10.00 430.00 52.01 0.0 1.0
15.00 430.00 55.83 0.0 1.0
20.00 430.00 58.67 0.0 1.0
25.00 430.00 60.67 0.0 1.0
30.00 430.00 62.08 0.0 1.0
35.00 430.00 63.02 0.0 1.0
40.00 430.00 63.60 0.0 1.0
45.00 430.00 63.84 0.5 0.5
50.00 430.00 63.78 0.5 0.5
55.00 430.00 63.42 0.5 0.5
60.00 430.00 62.76 0.5 0.5
65.00 430.00 61.76 0.5 0.5
70.00 430.00 60.35 0.5 0.5
75.00 430.00 58.45 0.5 0.5
80.00 430.00 55.92 0.5 0.5
85.00 430.00 52.86 0.5 0.5
90.00 430.00 51.15 0.5 0.5
95.00 430.00 53.13 0.5 0.5
100.00 430.00 56.07 0.5 0.5
105.00 430.00 58.43 0.5 0.5
110.00 430.00 60.15 0.5 0.5
115.00 430.00 61.38 0.5 0.5
120.00 430.00 62.19 0.5 0.5
125.00 430.00 62.66 0.5 0.5
130.00 430.00 62.82 0.5 0.5
135.00 430.00 62.70 0.5 0.5
140.00 430.00 62.28 1.0 0.0
145.00 430.00 61.57 1.0 0.0
150.00 430.00 60.52 1.0 0.0
155.00 430.00 59.06 1.0 0.0
160.00 430.00 57.06 1.0 0.0
165.00 430.00 54.27 1.0 0.0
170.00 430.00 50.30 1.0 0.0
175.00 430.00 46.70 1.0 0.0
180.00 430.00 49.81 1.0 0.0
0.00 440.00 52.45 0.0 1.0
5.00 440.00 50.64 0.0 1.0
10.00 440.00 49.52 0.0 1.0
15.00 440.00 49.88 0.0 1.0
20.00 440.00 51.28 0.0 1.0
25.00 440.00 52.83 0.0 1.0
30.00 440.00 54.12 0.0 1.0
35.00 440.00 55.07 0.0 1.0
40.00 440.00 55.68 0.0 1.0
45.00 440.00 56.00 0.5 0.5
50.00 440.00 56.05 0.5 0.5
55.00 440.00 55.83 0.5 0.5
60.00 440.00 55.32 0.5 0.5
65.00 440.00 54.51 0.5 0.5
70.00 440.00 53.33 0.5 0.5
75.00 440.00 51.66 0.5 0.5
80.00 440.00 49.31 0.5 0.5
85.00 440.00 45.91 0.5 0.5
90.00 440.00 41.34 0.5 0.5
95.00 440.00 40.78 0.5 0.5
100.00 440.00 45.27 0.5 0.5
105.00 440.00 48.75 0.5 0.5
110.00 440.00 51.12 0.5 0.5
115.00 440.00 52.75 0.5 0.5
120.00 440.00 53.87 0.5 0.5
125.00 440.00 54.59 0.5 0.5
130.00 440.00 54.97 0.5 0.5
135.00 440.00 55.04 0.5 0.5
140.00 440.00 54.81 1.0 0.0
145.00 440.00 54.30 1.0 0.0
150.00 440.00 53.49 1.0 0.0
155.00 440.00 52.41 1.0 0.0
160.00 440.00 51.11 1.0 0.0
165.00 440.00 49.79 1.0 0.0
170.00 440.00 48.89 1.0 0.0
175.00 440.00 48.90 1.0 0.0
180.00 440.00 49.81 1.0 0.0
0.00 450.00 52.45 0.0 1.0
5.00 450.00 52.66 0.0 1.0
10.00 450.00 52.71 0.0 1.0
15.00 450.00 52.75 0.0 1.0
20.00 450.00 52.90 0.0 1.0
25.00 450.00 53.23 0.0 1.0
30.00 450.00 53.67 0.0 1.0
35.00 450.00 54.11 0.0 1.0
40.00 450.00 54.42 0.0 1.0
45.00 450.00 54.54 0.5 0.5
50.00 450.00 54.39 0.5 0.5
55.00 450.00 53.94 0.5 0.5
60.00 450.00 53.15 0.5 0.5
65.00 450.00 51.97 0.5 0.5
70.00 450.00 50.35 0.5 0.5
75.00 450.00 48.21 0.5 0.5
80.00 450.00 45.56 0.5 0.5
85.00 450.00 43.13 0.5 0.5
90.00 450.00 43.10 0.5 0.5
95.00 450.00 45.31 0.5 0.5
100.00 450.00 47.67 0.5 0.5
105.00 450.00 49.59 0.5 0.5
110.00 450.00 51.09 0.5 0.5
115.00 450.00 52.29 0.5 0.5
120.00 450.00 53.27 0.5 0.5
125.00 450.00 54.08 0.5 0.5
130.00 450.00 54.78 0.5 0.5
135.00 450.00 55.34 0.5 0.5
140.00 450.00 55.77 1.0 0.0
145.00 450.00 56.04 1.0 0.0
150.00 450.00 56.10 1.0 0.0
155.00 450.00 55.92 1.0 0.0
160.00 450.00 55.47 1.0 0.0
165.00 450.00 54.68 1.0 0.0
170.00 450.00 53.52 1.0 0.0
175.00 450.00 51.92 1.0 0.0
180.00 450.00 49.81 1.0 0.0
0.00 460.00 52.45 0.0 1.0
5.00 460.00 54.66 0.0 1.0
10.00 460.00 56.43 0.0 1.0
15.00 460.00 57.97 0.0 1.0
20.00 460.00 59.30 0.0 1.0
25.00 460.00 60.38 0.0 1.0
30.00 460.00 61.16 0.0 1.0
35.00 460.00 61.62 0.0 1.0
40.00 460.00 61.74 0.0 1.0
45.00 460.00 61.52 0.5 0.5
50.00 460.00 60.99 0.5 0.5
55.00 460.00 60.17 0.5 0.5
60.00 460.00 59.07 0.5 0.5
65.00 460.00 57.69 0.5 0.5
70.00 460.00 56.03 0.5 0.5
75.00 460.00 54.02 0.5 0.5
80.00 460.00 51.62 0.5 0.5
85.00 460.00 49.00 0.5 0.5
90.00 460.00 47.56 0.5 0.5
95.00 460.00 49.02 0.5 0.5
100.00 460.00 51.70 0.5 0.5
105.00 460.00 54.13 0.5 0.5
110.00 460.00 56.06 0.5 0.5
115.00 460.00 57.54 0.5 0.5
120.00 460.00 58.65 0.5 0.5
125.00 460.00 59.45 0.5 0.5
130.00 460.00 59.99 0.5 0.5
135.00 460.00 60.33 0.5 0.5
140.00 460.00 60.51 1.0 0.0
145.00 460.00 60.57 1.0 0.0
150.00 460.00 60.50 1.0 0.0
155.00 460.00 60.25 1.0 0.0
160.00 460.00 59.71 1.0 0.0
165.00 460.00 58.73 1.0 0.0
170.00 460.00 57.08 1.0 0.0
175.00 460.00 54.37 1.0 0.0
180.00 460.00 49.81 1.0 0.0
0.00 470.00 52.45 0.0 1.0
5.00 470.00 56.34 0.0 1.0
10.00 470.00 59.08 0.0 1.0
15.00 470.00 61.11 0.0 1.0
20.00 470.00 62.61 0.0 1.0
25.00 470.00 63.64 0.0 1.0
30.00 470.00 64.26 0.0 1.0
35.00 470.00 64.50 0.0 1.0
40.00 470.00 64.42 0.0 1.0
45.00 470.00 64.09 0.5 0.5
50.00 470.00 63.57 0.5 0.5
55.00 470.00 62.89 0.5 0.5
60.00 470.00 62.07 0.5 0.5
65.00 470.00 61.07 0.5 0.5
70.00 470.00 59.84 0.5 0.5
75.00 470.00 58.29 0.5 0.5
80.00 470.00 56.32 0.5 0.5
85.00 470.00 53.88 0.5 0.5
90.00 470.00 51.46 0.5 0.5
95.00 470.00 51.00 0.5 0.5
100.00 470.00 53.17 0.5 0.5
105.00 470.00 55.81 0.5 0.5
110.00 470.00 58.05 0.5 0.5
115.00 470.00 59.81 0.5 0.5
120.00 470.00 61.17 0.5 0.5
125.00 470.00 62.19 0.5 0.5
130.00 470.00 62.88 0.5 0.5
135.00 470.00 63.29 0.5 0.5
140.00 470.00 63.45 1.0 0.0
145.00 470.00 63.40 1.0 0.0
150.00 470.00 63.18 1.0 0.0
155.00 470.00 62.82 1.0 0.0
160.00 470.00 62.23 1.0 0.0
165.00 470.00 61.23 1.0 0.0
170.00 470.00 59.45 1.0 0.0
175.00 470.00 56.23 1.0 0.0
180.00 470.00 49.81 1.0 0.0
0.00 480.00 52.45 0.0 1.0
5.00 480.00 57.70 0.0 1.0
10.00 480.00 60.94 0.0 1.0
15.00 480.00 63.09 0.0 1.0
20.00 480.00 64.53 0.0 1.0
25.00 480.00 65.43 0.0 1.0
30.00 480.00 65.88 0.0 1.0
35.00 480.00 65.98 0.0 1.0
40.00 480.00 65.82 0.0 1.0
45.00 480.00 65.45 0.5 0.5
50.00 480.00 64.89 0.5 0.5
55.00 480.00 64.15 0.5 0.5
60.00 480.00 63.22 0.5 0.5
65.00 480.00 62.04 0.5 0.5
70.00 480.00 60.57 0.5 0.5
75.00 480.00 58.74 0.5 0.5
80.00 480.00 56.55 0.5 0.5
85.00 480.00 54.34 0.5 0.5
90.00 480.00 53.38 0.5 0.5
95.00 480.00 54.64 0.5 0.5
100.00 480.00 56.83 0.5 0.5
105.00 480.00 58.88 0.5 0.5
110.00 480.00 60.59 0.5 0.5
115.00 480.00 61.97 0.5 0.5
120.00 480.00 63.10 0.5 0.5
125.00 480.00 64.02 0.5 0.5
130.00 480.00 64.72 0.5 0.5
135.00 480.00 65.19 0.5 0.5
140.00 480.00 65.41 1.0 0.0
145.00 480.00 65.36 1.0 0.0
150.00 480.00 65.07 1.0 0.0
155.00 480.00 64.59 1.0 0.0
160.00 480.00 63.92 1.0 0.0
165.00 480.00 62.90 1.0 0.0
170.00 480.00 61.11 1.0 0.0
175.00 480.00 57.65 1.0 0.0
180.00 480.00 49.81 1.0 0.0
0.00 490.00 52.45 0.0 1.0
5.00 490.00 58.77 0.0 1.0
10.00 490.00 62.26 0.0 1.0
15.00 490.00 64.40 0.0 1.0
20.00 490.00 65.74 0.0 1.0
25.00 490.00 66.50 0.0 1.0
30.00 490.00 66.84 0.0 1.0
35.00 490.00 66.83 0.0 1.0
40.00 490.00 66.53 0.0 1.0
45.00 490.00 66.01 0.5 0.5
50.00 490.00 65.28 0.5 0.5
55.00 490.00 64.40 0.5 0.5
60.00 490.00 63.36 0.5 0.5
65.00 490.00 62.16 0.5 0.5
70.00 490.00 60.77 0.5 0.5
75.00 490.00 59.20 0.5 0.5
80.00 490.00 57.60 0.5 0.5
85.00 490.00 56.45 0.5 0.5
90.00 490.00 56.45 0.5 0.5
95.00 490.00 57.62 0.5 0.5
100.00 490.00 59.25 0.5 0.5
105.00 490.00 60.84 0.5 0.5
110.00 490.00 62.21 0.5 0.5
115.00 490.00 63.35 0.5 0.5
120.00 490.00 64.28 0.5 0.5
125.00 490.00 65.05 0.5 0.5
130.00 490.00 65.69 0.5 0.5
135.00 490.00 66.21 0.5 0.5
140.00 490.00 66.53 1.0 0.0
145.00 490.00 66.61 1.0 0.0
150.00 490.00 66.39 1.0 0.0
155.00 490.00 65.89 1.0 0.0
160.00 490.00 65.15 1.0 0.0
165.00 490.00 64.09 1.0 0.0
170.00 490.00 62.29 1.0 0.0
175.00 490.00 58.72 1.0 0.0
180.00 490.00 49.81 1.0 0.0
0.00 500.00 52.45 0.0 1.0
5.00 500.00 59.59 0.0 1.0
10.00 500.00 63.20 0.0 1.0
15.00 500.00 65.29 0.0 1.0
20.00 500.00 66.52 0.0 1.0
25.00 500.00 67.18 0.0 1.0
30.00 500.00 67.40 0.0 1.0
35.00 500.00 67.23 0.0 1.0
40.00 500.00 66.76 0.0 1.0
45.00 500.00 66.07 0.5 0.5
50.00 500.00 65.26 0.5 0.5
55.00 500.00 64.39 0.5 0.5
60.00 500.00 63.49 0.5 0.5
65.00 500.00 62.58 0.5 0.5
70.00 500.00 61.65 0.5 0.5
75.00 500.00 60.75 0.5 0.5
80.00 500.00 59.91 0.5 0.5
85.00 500.00 59.26 0.5 0.5
90.00 500.00 58.97 0.5 0.5
95.00 500.00 59.25 0.5 0.5
100.00 500.00 60.07 0.5 0.5
105.00 500.00 61.22 0.5 0.5
110.00 500.00 62.44 0.5 0.5
115.00 500.00 63.56 0.5 0.5
120.00 500.00 64.51 0.5 0.5
125.00 500.00 65.30 0.5 0.5
130.00 500.00 65.96 0.5 0.5
135.00 500.00 66.54 0.5 0.5
140.00 500.00 67.00 1.0 0.0
145.00 500.00 67.26 1.0 0.0
150.00 500.00 67.21 1.0 0.0
155.00 500.00 66.80 1.0 0.0
160.00 500.00 66.06 1.0 0.0
165.00 500.00 64.96 1.0 0.0
170.00 500.00 63.16 1.0 0.0
175.00 500.00 59.52 1.0 0.0
180.00 500.00 49.81 1.0 0.0
0.00 510.00 52.45 0.0 1.0
5.00 510.00 60.19 0.0 1.0
10.00 510.00 63.86 0.0 1.0
15.00 510.00 65.87 0.0 1.0
20.00 510.00 67.02 0.0 1.0
25.00 510.00 67.59 0.0 1.0
30.00 510.00 67.69 0.0 1.0
35.00 510.00 67.37 0.0 1.0
40.00 510.00 66.73 0.0 1.0
45.00 510.00 65.91 0.5 0.5
50.00 510.00 65.05 0.5 0.5
55.00 510.00 64.21 0.5 0.5
60.00 510.00 63.45 0.5 0.5
65.00 510.00 62.80 0.5 0.5
70.00 510.00 62.26 0.5 0.5
75.00 510.00 61.80 0.5 0.5
80.00 510.00 61.34 0.5 0.5
85.00 510.00 60.84 0.5 0.5
90.00 510.00 60.34 0.5 0.5
95.00 510.00 59.97 0.5 0.5
100.00 510.00 59.99 0.5 0.5
105.00 510.00 60.55 0.5 0.5
110.00 510.00 61.57 0.5 0.5
115.00 510.00 62.75 0.5 0.5
120.00 510.00 63.88 0.5 0.5
125.00 510.00 64.84 0.5 0.5
130.00 510.00 65.65 0.5 0.5
135.00 510.00 66.36 0.5 0.5
140.00 510.00 66.99 1.0 0.0
145.00 510.00 67.47 1.0 0.0
150.00 510.00 67.64 1.0 0.0
155.00 510.00 67.38 1.0 0.0
160.00 510.00 66.70 1.0 0.0
165.00 510.00 65.59 1.0 0.0
170.00 510.00 63.78 1.0 0.0
175.00 510.00 60.10 1.0 0.0
180.00 510.00 49.81 1.0 0.0
0.00 520.00 52.45 0.0 1.0
5.00 520.00 60.60 0.0 1.0
10.00 520.00 64.28 0.0 1.0
15.00 520.00 66.24 0.0 1.0
20.00 520.00 67.33 0.0 1.0
25.00 520.00 67.83 0.0 1.0
30.00 520.00 67.83 0.0 1.0
35.00 520.00 67.37 0.0 1.0
40.00 520.00 66.57 0.0 1.0
45.00 520.00 65.59 0.5 0.5
50.00 520.00 64.57 0.5 0.5
55.00 520.00 63.59 0.5 0.5
60.00 520.00 62.75 0.5 0.5
65.00 520.00 62.13 0.5 0.5
70.00 520.00 61.75 0.5 0.5
75.00 520.00 61.50 0.5 0.5
80.00 520.00 61.23 0.5 0.5
85.00 520.00 60.87 0.5 0.5
90.00 520.00 60.36 0.5 0.5
95.00 520.00 59.75 0.5 0.5
100.00 520.00 59.24 0.5 0.5
105.00 520.00 59.20 0.5 0.5
110.00 520.00 59.93 0.5 0.5
115.00 520.00 61.21 0.5 0.5
120.00 520.00 62.62 0.5 0.5
125.00 520.00 63.87 0.5 0.5
130.00 520.00 64.92 0.5 0.5
135.00 520.00 65.84 0.5 0.5
140.00 520.00 66.69 1.0 0.0
145.00 520.00 67.40 1.0 0.0
150.00 520.00 67.79 1.0 0.0
155.00 520.00 67.71 1.0 0.0
160.00 520.00 67.12 1.0 0.0
165.00 520.00 66.03 1.0 0.0
170.00 520.00 64.20 1.0 0.0
175.00 520.00 60.47 1.0 0.0
180.00 520.00 49.81 1.0 0.0
0.00 530.00 52.45 0.0 1.0
5.00 530.00 60.84 0.0 1.0
10.00 530.00 64.53 0.0 1.0
15.00 530.00 66.44 0.0 1.0
20.00 530.00 67.48 0.0 1.0
25.00 530.00 67.94 0.0 1.0
30.00 530.00 67.88 0.0 1.0
35.00 530.00 67.33 0.0 1.0
40.00 530.00 66.36 0.0 1.0
45.00 530.00 65.15 0.5 0.5
50.00 530.00 63.82 0.5 0.5
55.00 530.00 62.48 0.5 0.5
60.00 530.00 61.26 0.5 0.5
65.00 530.00 60.40 0.5 0.5
70.00 530.00 60.04 0.5 0.5
75.00 530.00 60.03 0.5 0.5
80.00 530.00 60.10 0.5 0.5
85.00 530.00 60.03 0.5 0.5
90.00 530.00 59.73 0.5 0.5
95.00 530.00 59.15 0.5 0.5
100.00 530.00 58.42 0.5 0.5
105.00 530.00 57.93 0.5 0.5
110.00 530.00 58.28 0.5 0.5
115.00 530.00 59.55 0.5 0.5
120.00 530.00 61.18 0.5 0.5
125.00 530.00 62.72 0.5 0.5
130.00 530.00 64.04 0.5 0.5
135.00 530.00 65.21 0.5 0.5
140.00 530.00 66.30 1.0 0.0
145.00 530.00 67.23 1.0 0.0
150.00 530.00 67.81 1.0 0.0
155.00 530.00 67.88 1.0 0.0
160.00 530.00 67.37 1.0 0.0
165.00 530.00 66.31 1.0 0.0
170.00 530.00 64.44 1.0 0.0
175.00 530.00 60.67 1.0 0.0
180.00 530.00 49.81 1.0 0.0
0.00 540.00 52.45 0.0 1.0
5.00 540.00 60.92 0.0 1.0
10.00 540.00 64.61 0.0 1.0
15.00 540.00 66.50 0.0 1.0
20.00 540.00 67.51 0.0 1.0
25.00 540.00 67.96 0.0 1.0
30.00 540.00 67.91 0.0 1.0
35.00 540.00 67.32 0.0 1.0
40.00 540.00 66.25 0.0 1.0
45.00 540.00 64.79 0.5 0.5
50.00 540.00 63.09 0.5 0.5
55.00 540.00 61.23 0.5 0.5
60.00 540.00 59.36 0.5 0.5
65.00 540.00 57.87 0.5 0.5
70.00 540.00 57.33 0.5 0.5
75.00 540.00 57.69 0.5 0.5
80.00 540.00 58.30 0.5 0.5
85.00 540.00 58.70 0.5 0.5
90.00 540.00 58.74 0.5 0.5
95.00 540.00 58.40 0.5 0.5
100.00 540.00 57.83 0.5 0.5
105.00 540.00 57.38 0.5 0.5
110.00 540.00 57.58 0.5 0.5
115.00 540.00 58.65 0.5 0.5
120.00 540.00 60.22 0.5 0.5
125.00 540.00 61.83 0.5 0.5
130.00 540.00 63.33 0.5 0.5
135.00 540.00 64.72 0.5 0.5
140.00 540.00 66.02 1.0 0.0
145.00 540.00 67.11 1.0 0.0
150.00 540.00 67.81 1.0 0.0
155.00 540.00 67.95 1.0 0.0
160.00 540.00 67.49 1.0 0.0
165.00 540.00 66.42 1.0 0.0
170.00 540.00 64.52 1.0 0.0
175.00 540.00 60.69 1.0 0.0
180.00 540.00 49.81 1.0 0.0
0.00 550.00 52.45 0.0 1.0
5.00 550.00 60.83 0.0 1.0
10.00 550.00 64.53 0.0 1.0
15.00 550.00 66.42 0.0 1.0
20.00 550.00 67.43 0.0 1.0
25.00 550.00 67.90 0.0 1.0
30.00 550.00 67.91 0.0 1.0
35.00 550.00 67.41 0.0 1.0
40.00 550.00 66.36 0.0 1.0
45.00 550.00 64.80 0.5 0.5
50.00 550.00 62.81 0.5 0.5
55.00 550.00 60.49 0.5 0.5
60.00 550.00 57.94 0.5 0.5
65.00 550.00 55.50 0.5 0.5
70.00 550.00 54.20 0.5 0.5
75.00 550.00 54.64 0.5 0.5
80.00 550.00 55.77 0.5 0.5
85.00 550.00 56.68 0.5 0.5
90.00 550.00 57.15 0.5 0.5
95.00 550.00 57.24 0.5 0.5
100.00 550.00 57.14 0.5 0.5
105.00 550.00 57.17 0.5 0.5
110.00 550.00 57.62 0.5 0.5
115.00 550.00 58.61 0.5 0.5
120.00 550.00 59.99 0.5 0.5
125.00 550.00 61.52 0.5 0.5
130.00 550.00 63.09 0.5 0.5
135.00 550.00 64.63 0.5 0.5
140.00 550.00 66.03 1.0 0.0
145.00 550.00 67.16 1.0 0.0
150.00 550.00 67.83 1.0 0.0
155.00 550.00 67.95 1.0 0.0
160.00 550.00 67.47 1.0 0.0
165.00 550.00 66.39 1.0 0.0
170.00 550.00 64.42 1.0 0.0
175.00 550.00 60.53 1.0 0.0
180.00 550.00 49.81 1.0 0.0
0.00 560.00 52.45 0.0 1.0
5.00 560.00 60.58 0.0 1.0
10.00 560.00 64.28 0.0 1.0
15.00 560.00 66.22 0.0 1.0
20.00 560.00 67.24 0.0 1.0
25.00 560.00 67.74 0.0 1.0
30.00 560.00 67.84 0.0 1.0
35.00 560.00 67.53 0.0 1.0
40.00 560.00 66.71 0.0 1.0
45.00 560.00 65.34 0.5 0.5
50.00 560.00 63.41 0.5 0.5
55.00 560.00 60.94 0.5 0.5
60.00 560.00 58.03 0.5 0.5
65.00 560.00 54.92 0.5 0.5
70.00 560.00 52.55 0.5 0.5
75.00 560.00 52.22 0.5 0.5
80.00 560.00 53.31 0.5 0.5
85.00 560.00 54.50 0.5 0.5
90.00 560.00 55.38 0.5 0.5
95.00 560.00 55.99 0.5 0.5
100.00 560.00 56.51 0.5 0.5
105.00 560.00 57.12 0.5 0.5
110.00 560.00 57.96 0.5 0.5
115.00 560.00 59.08 0.5 0.5
120.00 560.00 60.45 0.5 0.5
125.00 560.00 61.98 0.5 0.5
130.00 560.00 63.56 0.5 0.5
135.00 560.00 65.07 0.5 0.5
140.00 560.00 66.39 1.0 0.0
145.00 560.00 67.36 1.0 0.0
150.00 560.00 67.88 1.0 0.0
155.00 560.00 67.87 1.0 0.0
160.00 560.00 67.33 1.0 0.0
165.00 560.00 66.18 1.0 0.0
170.00 560.00 64.13 1.0 0.0
175.00 560.00 60.18 1.0 0.0
180.00 560.00 49.81 1.0 0.0
0.00 570.00 52.45 0.0 1.0
5.00 570.00 60.15 0.0 1.0
10.00 570.00 63.85 0.0 1.0
15.00 570.00 65.85 0.0 1.0
20.00 570.00 66.94 0.0 1.0
25.00 570.00 67.48 0.0 1.0
30.00 570.00 67.66 0.0 1.0
35.00 570.00 67.54 0.0 1.0
40.00 570.00 67.07 0.0 1.0
45.00 570.00 66.16 0.5 0.5
50.00 570.00 64.76 0.5 0.5
55.00 570.00 62.80 0.5 0.5
60.00 570.00 60.29 0.5 0.5
65.00 570.00 57.24 0.5 0.5
70.00 570.00 53.96 0.5 0.5
75.00 570.00 51.65 0.5 0.5
80.00 570.00 51.62 0.5 0.5
85.00 570.00 52.86 0.5 0.5
90.00 570.00 54.17 0.5 0.5
95.00 570.00 55.34 0.5 0.5
100.00 570.00 56.44 0.5 0.5
105.00 570.00 57.58 0.5 0.5
110.00 570.00 58.83 0.5 0.5
115.00 570.00 60.21 0.5 0.5
120.00 570.00 61.69 0.5 0.5
125.00 570.00 63.19 0.5 0.5
130.00 570.00 64.62 0.5 0.5
135.00 570.00 65.90 0.5 0.5
140.00 570.00 66.91 1.0 0.0
145.00 570.00 67.58 1.0 0.0
150.00 570.00 67.84 1.0 0.0
155.00 570.00 67.66 1.0 0.0
160.00 570.00 66.99 1.0 0.0
165.00 570.00 65.75 1.0 0.0
170.00 570.00 63.61 1.0 0.0
175.00 570.00 59.61 1.0 0.0
180.00 570.00 49.81 1.0 0.0
0.00 580.00 52.45 0.0 1.0
5.00 580.00 59.53 0.0 1.0
10.00 580.00 63.18 0.0 1.0
15.00 580.00 65.27 0.0 1.0
20.00 580.00 66.47 0.0 1.0
25.00 580.00 67.09 0.0 1.0
30.00 580.00 67.33 0.0 1.0
35.00 580.00 67.32 0.0 1.0
40.00 580.00 67.09 0.0 1.0
45.00 580.00 66.62 0.5 0.5
50.00 580.00 65.85 0.5 0.5
55.00 580.00 64.71 0.5 0.5
60.00 580.00 63.16 0.5 0.5
65.00 580.00 61.15 0.5 0.5
70.00 580.00 58.64 0.5 0.5
75.00 580.00 55.64 0.5 0.5
80.00 580.00 52.47 0.5 0.5
85.00 580.00 50.72 0.5 0.5
90.00 580.00 51.85 0.5 0.5
95.00 580.00 54.16 0.5 0.5
100.00 580.00 56.41 0.5 0.5
105.00 580.00 58.42 0.5 0.5
110.00 580.00 60.22 0.5 0.5
115.00 580.00 61.85 0.5 0.5
120.00 580.00 63.32 0.5 0.5
125.00 580.00 64.63 0.5 0.5
130.00 580.00 65.74 0.5 0.5
135.00 580.00 66.63 0.5 0.5
140.00 580.00 67.25 1.0 0.0
145.00 580.00 67.58 1.0 0.0
150.00 580.00 67.56 1.0 0.0
155.00 580.00 67.18 1.0 0.0
160.00 580.00 66.38 1.0 0.0
165.00 580.00 65.03 1.0 0.0
170.00 580.00 62.78 1.0 0.0
175.00 580.00 58.79 1.0 0.0
180.00 580.00 49.81 1.0 0.0
0.00 590.00 52.45 0.0 1.0
5.00 590.00 58.67 0.0 1.0
10.00 590.00 62.20 0.0 1.0
15.00 590.00 64.36 0.0 1.0
20.00 590.00 65.71 0.0 1.0
25.00 590.00 66.49 0.0 1.0
30.00 590.00 66.85 0.0 1.0
35.00 590.00 66.90 0.0 1.0
40.00 590.00 66.72 0.0 1.0
45.00 590.00 66.38 0.5 0.5
50.00 590.00 65.89 0.5 0.5
55.00 590.00 65.21 0.5 0.5
60.00 590.00 64.28 0.5 0.5
65.00 590.00 63.03 0.5 0.5
70.00 590.00 61.36 0.5 0.5
75.00 590.00 59.10 0.5 0.5
80.00 590.00 56.01 0.5 0.5
85.00 590.00 51.83 0.5 0.5
90.00 590.00 49.10 0.5 0.5
95.00 590.00 52.62 0.5 0.5
100.00 590.00 56.51 0.5 0.5
105.00 590.00 59.35 0.5 0.5
110.00 590.00 61.47 0.5 0.5
115.00 590.00 63.11 0.5 0.5
120.00 590.00 64.40 0.5 0.5
125.00 590.00 65.42 0.5 0.5
130.00 590.00 66.18 0.5 0.5
135.00 590.00 66.71 0.5 0.5
140.00 590.00 67.00 1.0 0.0
145.00 590.00 67.04 1.0 0.0
150.00 590.00 66.81 1.0 0.0
155.00 590.00 66.27 1.0 0.0
160.00 590.00 65.34 1.0 0.0
165.00 590.00 63.87 1.0 0.0
170.00 590.00 61.56 1.0 0.0
175.00 590.00 57.65 1.0 0.0
180.00 590.00 49.81 1.0 0.0
0.00 600.00 52.45 0.0 1.0
5.00 600.00 57.53 0.0 1.0
10.00 600.00 60.78 0.0 1.0
15.00 600.00 62.95 0.0 1.0
20.00 600.00 64.42 0.0 1.0
25.00 600.00 65.40 0.0 1.0
30.00 600.00 65.98 0.0 1.0
35.00 600.00 66.22 0.0 1.0
40.00 600.00 66.17 0.0 1.0
45.00 600.00 65.86 0.5 0.5
50.00 600.00 65.35 0.5 0.5
55.00 600.00 64.64 0.5 0.5
60.00 600.00 63.74 0.5 0.5
65.00 600.00 62.61 0.5 0.5
70.00 600.00 61.16 0.5 0.5
75.00 600.00 59.30 0.5 0.5
80.00 600.00 56.88 0.5 0.5
85.00 600.00 54.00 0.5 0.5
90.00 600.00 52.28 0.5 0.5
95.00 600.00 54.04 0.5 0.5
100.00 600.00 56.98 0.5 0.5
105.00 600.00 59.45 0.5 0.5
110.00 600.00 61.35 0.5 0.5
115.00 600.00 62.79 0.5 0.5
120.00 600.00 63.88 0.5 0.5
125.00 600.00 64.69 0.5 0.5
130.00 600.00 65.25 0.5 0.5
135.00 600.00 65.59 0.5 0.5
140.00 600.00 65.72 1.0 0.0
145.00 600.00 65.61 1.0 0.0
150.00 600.00 65.26 1.0 0.0
155.00 600.00 64.61 1.0 0.0
160.00 600.00 63.59 1.0 0.0
165.00 600.00 62.05 1.0 0.0
170.00 600.00 59.74 1.0 0.0
175.00 600.00 56.11 1.0 0.0
180.00 600.00 49.81 1.0 0.0
0.00 610.00 52.45 0.0 1.0
5.00 610.00 56.07 0.0 1.0
10.00 610.00 58.74 0.0 1.0
15.00 610.00 60.69 0.0 1.0
20.00 610.00 62.14 0.0 1.0
25.00 610.00 63.21 0.0 1.0
30.00 610.00 63.96 0.0 1.0
35.00 610.00 64.44 0.0 1.0
40.00 610.00 64.65 0.0 1.0
45.00 610.00 64.61 0.5 0.5
50.00 610.00 64.32 0.5 0.5
55.00 610.00 63.80 0.5 0.5
60.00 610.00 63.03 0.5 0.5
65.00 610.00 62.00 0.5 0.5
70.00 610.00 60.69 0.5 0.5
75.00 610.00 59.05 0.5 0.5
80.00 610.00 57.05 0.5 0.5
85.00 610.00 54.79 0.5 0.5
90.00 610.00 52.94 0.5 0.5
95.00 610.00 52.91 0.5 0.5
100.00 610.00 54.64 0.5 0.5
105.00 610.00 56.73 0.5 0.5
110.00 610.00 58.54 0.5 0.5
115.00 610.00 59.99 0.5 0.5
120.00 610.00 61.09 0.5 0.5
125.00 610.00 61.91 0.5 0.5
130.00 610.00 62.46 0.5 0.5
135.00 610.00 62.78 0.5 0.5
140.00 610.00 62.87 1.0 0.0
145.00 610.00 62.72 1.0 0.0
150.00 610.00 62.31 1.0 0.0
155.00 610.00 61.62 1.0 0.0
160.00 610.00 60.58 1.0 0.0
165.00 610.00 59.09 1.0 0.0
170.00 610.00 56.99 1.0 0.0
175.00 610.00 54.02 1.0 0.0
180.00 610.00 49.81 1.0 0.0
0.00 620.00 52.45 0.0 1.0
5.00 620.00 54.21 0.0 1.0
10.00 620.00 55.69 0.0 1.0
15.00 620.00 56.89 0.0 1.0
20.00 620.00 57.83 0.0 1.0
25.00 620.00 58.54 0.0 1.0
30.00 620.00 59.07 0.0 1.0
35.00 620.00 59.42 0.0 1.0
40.00 620.00 59.60 0.0 1.0
45.00 620.00 59.62 0.5 0.5
50.00 620.00 59.46 0.5 0.5
55.00 620.00 59.11 0.5 0.5
60.00 620.00 58.53 0.5 0.5
65.00 620.00 57.69 0.5 0.5
70.00 620.00 56.51 0.5 0.5
75.00 620.00 54.89 0.5 0.5
80.00 620.00 52.63 0.5 0.5
85.00 620.00 49.34 0.5 0.5
90.00 620.00 44.03 0.5 0.5
95.00 620.00 37.93 0.5 0.5
100.00 620.00 44.33 0.5 0.5
105.00 620.00 49.10 0.5 0.5
110.00 620.00 51.99 0.5 0.5
115.00 620.00 53.88 0.5 0.5
120.00 620.00 55.16 0.5 0.5
125.00 620.00 56.01 0.5 0.5
130.00 620.00 56.52 0.5 0.5
135.00 620.00 56.75 0.5 0.5
140.00 620.00 56.76 1.0 0.0
145.00 620.00 56.55 1.0 0.0
150.00 620.00 56.13 1.0 0.0
155.00 620.00 55.52 1.0 0.0
160.00 620.00 54.71 1.0 0.0
165.00 620.00 53.70 1.0 0.0
170.00 620.00 52.49 1.0 0.0
175.00 620.00 51.13 1.0 0.0
180.00 620.00 49.81 1.0 0.0
0.00 630.00 52.45 0.0 1.0
5.00 630.00 51.93 0.0 1.0
10.00 630.00 51.02 0.0 1.0
15.00 630.00 49.60 0.0 1.0
20.00 630.00 47.59 0.0 1.0
25.00 630.00 45.08 0.0 1.0
30.00 630.00 43.06 0.0 1.0
35.00 630.00 43.36 0.0 1.0
40.00 630.00 45.20 0.0 1.0
45.00 630.00 46.86 0.5 0.5
50.00 630.00 47.91 0.5 0.5
55.00 630.00 48.35 0.5 0.5
60.00 630.00 48.24 0.5 0.5
65.00 630.00 47.61 0.5 0.5
70.00 630.00 46.42 0.5 0.5
75.00 630.00 44.60 0.5 0.5
80.00 630.00 42.00 0.5 0.5
85.00 630.00 38.61 0.5 0.5
90.00 630.00 36.39 0.5 0.5
95.00 630.00 38.72 0.5 0.5
100.00 630.00 42.05 0.5 0.5
105.00 630.00 44.63 0.5 0.5
110.00 630.00 46.55 0.5 0.5
115.00 630.00 47.99 0.5 0.5
120.00 630.00 49.06 0.5 0.5
125.00 630.00 49.83 0.5 0.5
130.00 630.00 50.33 0.5 0.5
135.00 630.00 50.56 0.5 0.5
140.00 630.00 50.50 1.0 0.0
145.00 630.00 50.10 1.0 0.0
150.00 630.00 49.28 1.0 0.0
155.00 630.00 47.99 1.0 0.0
160.00 630.00 46.26 1.0 0.0
165.00 630.00 44.71 1.0 0.0
170.00 630.00 45.00 1.0 0.0
175.00 630.00 47.27 1.0 0.0
180.00 630.00 49.81 1.0 0.0
0.00 640.00 52.45 0.0 1.0
5.00 640.00 49.56 0.0 1.0
10.00 640.00 47.22 0.0 1.0
15.00 640.00 49.51 0.0 1.0
20.00 640.00 53.42 0.0 1.0
25.00 640.00 56.43 0.0 1.0
30.00 640.00 58.53 0.0 1.0
35.00 640.00 59.91 0.0 1.0
40.00 640.00 60.73 0.0 1.0
45.00 640.00 61.06 0.5 0.5
50.00 640.00 60.95 0.5 0.5
55.00 640.00 60.44 0.5 0.5
60.00 640.00 59.52 0.5 0.5
65.00 640.00 58.17 0.5 0.5
70.00 640.00 56.33 0.5 0.5
75.00 640.00 53.87 0.5 0.5
80.00 640.00 50.74 0.5 0.5
85.00 640.00 47.89 0.5 0.5
90.00 640.00 48.66 0.5 0.5
95.00 640.00 51.75 0.5 0.5
100.00 640.00 54.48 0.5 0.5
105.00 640.00 56.57 0.5 0.5
110.00 640.00 58.14 0.5 0.5
115.00 640.00 59.32 0.5 0.5
120.00 640.00 60.17 0.5 0.5
125.00 640.00 60.73 0.5 0.5
130.00 640.00 61.05 0.5 0.5
135.00 640.00 61.14 0.5 0.5
140.00 640.00 61.00 1.0 0.0
145.00 640.00 60.61 1.0 0.0
150.00 640.00 59.91 1.0 0.0
155.00 640.00 58.78 1.0 0.0
160.00 640.00 57.02 1.0 0.0
165.00 640.00 54.22 1.0 0.0
170.00 640.00 49.58 1.0 0.0
175.00 640.00 44.52 1.0 0.0
180.00 640.00 49.81 1.0 0.0
0.00 650.00 52.45 0.0 1.0
5.00 650.00 48.32 0.0 1.0
10.00 650.00 51.90 0.0 1.0
15.00 650.00 56.82 0.0 1.0
20.00 650.00 60.16 0.0 1.0
25.00 650.00 62.37 0.0 1.0
30.00 650.00 63.77 0.0 1.0
35.00 650.00 64.52 0.0 1.0
40.00 650.00 64.74 0.0 1.0
45.00 650.00 64.50 0.5 0.5
50.00 650.00 63.84 0.5 0.5
55.00 650.00 62.81 0.5 0.5
60.00 650.00 61.42 0.5 0.5
65.00 650.00 59.69 0.5 0.5
70.00 650.00 57.67 0.5 0.5
75.00 650.00 55.58 0.5 0.5
80.00 650.00 54.11 0.5 0.5
85.00 650.00 54.24 0.5 0.5
90.00 650.00 55.72 0.5 0.5
95.00 650.00 57.57 0.5 0.5
100.00 650.00 59.30 0.5 0.5
105.00 650.00 60.80 0.5 0.5
110.00 650.00 62.06 0.5 0.5
115.00 650.00 63.12 0.5 0.5
120.00 650.00 63.96 0.5 0.5
125.00 650.00 64.60 0.5 0.5
130.00 650.00 65.02 0.5 0.5
135.00 650.00 65.21 0.5 0.5
140.00 650.00 65.18 1.0 0.0
145.00 650.00 64.90 1.0 0.0
150.00 650.00 64.34 1.0 0.0
155.00 650.00 63.40 1.0 0.0
160.00 650.00 61.91 1.0 0.0
165.00 650.00 59.49 1.0 0.0
170.00 650.00 55.34 1.0 0.0
175.00 650.00 47.26 1.0 0.0
180.00 650.00 49.81 1.0 0.0
0.00 660.00 52.45 0.0 1.0
5.00 660.00 49.29 0.0 1.0
10.00 660.00 56.07 0.0 1.0
15.00 660.00 60.66 0.0 1.0
20.00 660.00 63.52 0.0 1.0
25.00 660.00 65.29 0.0 1.0
30.00 660.00 66.26 0.0 1.0
35.00 660.00 66.59 0.0 1.0
40.00 660.00 66.42 0.0 1.0
45.00 660.00 65.84 0.5 0.5
50.00 660.00 64.93 0.5 0.5
55.00 660.00 63.79 0.5 0.5
60.00 660.00 62.47 0.5 0.5
65.00 660.00 61.01 0.5 0.5
70.00 660.00 59.46 0.5 0.5
75.00 660.00 57.91 0.5 0.5
80.00 660.00 56.61 0.5 0.5
85.00 660.00 56.02 0.5 0.5
90.00 660.00 56.44 0.5 0.5
95.00 660.00 57.67 0.5 0.5
100.00 660.00 59.20 0.5 0.5
105.00 660.00 60.73 0.5 0.5
110.00 660.00 62.15 0.5 0.5
115.00 660.00 63.41 0.5 0.5
120.00 660.00 64.52 0.5 0.5
125.00 660.00 65.44 0.5 0.5
130.00 660.00 66.16 0.5 0.5
135.00 660.00 66.66 0.5 0.5
140.00 660.00 66.90 1.0 0.0
145.00 660.00 66.88 1.0 0.0
150.00 660.00 66.55 1.0 0.0
155.00 660.00 65.84 1.0 0.0
160.00 660.00 64.59 1.0 0.0
165.00 660.00 62.46 1.0 0.0
170.00 660.00 58.67 1.0 0.0
175.00 660.00 50.76 1.0 0.0
180.00 660.00 49.81 1.0 0.0
0.00 670.00 52.45 0.0 1.0
5.00 670.00 51.21 0.0 1.0
10.00 670.00 58.74 0.0 1.0
15.00 670.00 62.99 0.0 1.0
20.00 670.00 65.51 0.0 1.0
25.00 670.00 66.94 0.0 1.0
30.00 670.00 67.57 0.0 1.0
35.00 670.00 67.59 0.0 1.0
40.00 670.00 67.14 0.0 1.0
45.00 670.00 66.36 0.5 0.5
50.00 670.00 65.39 0.5 0.5
55.00 670.00 64.31 0.5 0.5
60.00 670.00 63.16 0.5 0.5
65.00 670.00 61.92 0.5 0.5
70.00 670.00 60.58 0.5 0.5
75.00 670.00 59.11 0.5 0.5
80.00 670.00 57.61 0.5 0.5
85.00 670.00 56.36 0.5 0.5
90.00 670.00 55.89 0.5 0.5
95.00 670.00 56.51 0.5 0.5
100.00 670.00 57.89 0.5 0.5
105.00 670.00 59.52 0.5 0.5
110.00 670.00 61.11 0.5 0.5
115.00 670.00 62.57 0.5 0.5
120.00 670.00 63.89 0.5 0.5
125.00 670.00 65.05 0.5 0.5
130.00 670.00 66.05 0.5 0.5
135.00 670.00 66.86 0.5 0.5
140.00 670.00 67.42 1.0 0.0
145.00 670.00 67.70 1.0 0.0
150.00 670.00 67.65 1.0 0.0
155.00 670.00 67.21 1.0 0.0
160.00 670.00 66.21 1.0 0.0
165.00 670.00 64.32 1.0 0.0
170.00 670.00 60.81 1.0 0.0
175.00 670.00 53.26 1.0 0.0
180.00 670.00 49.81 1.0 0.0
0.00 680.00 52.45 0.0 1.0
5.00 680.00 52.94 0.0 1.0
10.00 680.00 60.51 0.0 1.0
15.00 680.00 64.48 0.0 1.0
20.00 680.00 66.73 0.0 1.0
25.00 680.00 67.88 0.0 1.0
30.00 680.00 68.22 0.0 1.0
35.00 680.00 67.95 0.0 1.0
40.00 680.00 67.25 0.0 1.0
45.00 680.00 66.30 0.5 0.5
50.00 680.00 65.24 0.5 0.5
55.00 680.00 64.11 0.5 0.5
60.00 680.00 62.89 0.5 0.5
65.00 680.00 61.52 0.5 0.5
70.00 680.00 59.97 0.5 0.5
75.00 680.00 58.27 0.5 0.5
80.00 680.00 56.63 0.5 0.5
85.00 680.00 55.45 0.5 0.5
90.00 680.00 55.25 0.5 0.5
95.00 680.00 56.02 0.5 0.5
100.00 680.00 57.35 0.5 0.5
105.00 680.00 58.85 0.5 0.5
110.00 680.00 60.38 0.5 0.5
115.00 680.00 61.85 0.5 0.5
120.00 680.00 63.23 0.5 0.5
125.00 680.00 64.48 0.5 0.5
130.00 680.00 65.61 0.5 0.5
135.00 680.00 66.60 0.5 0.5
140.00 680.00 67.40 1.0 0.0
145.00 680.00 67.94 1.0 0.0
150.00 680.00 68.16 1.0 0.0
155.00 680.00 67.97 1.0 0.0
160.00 680.00 67.20 1.0 0.0
165.00 680.00 65.54 1.0 0.0
170.00 680.00 62.24 1.0 0.0
175.00 680.00 54.98 1.0 0.0
180.00 680.00 49.81 1.0 0.0
0.00 690.00 52.45 0.0 1.0
5.00 690.00 54.24 0.0 1.0
10.00 690.00 61.68 0.0 1.0
15.00 690.00 65.43 0.0 1.0
20.00 690.00 67.45 0.0 1.0
25.00 690.00 68.37 0.0 1.0
30.00 690.00 68.45 0.0 1.0
35.00 690.00 67.91 0.0 1.0
40.00 690.00 66.98 0.0 1.0
45.00 690.00 65.85 0.5 0.5
50.00 690.00 64.64 0.5 0.5
55.00 690.00 63.33 0.5 0.5
60.00 690.00 61.83 0.5 0.5
65.00 690.00 60.09 0.5 0.5
70.00 690.00 58.11 0.5 0.5
75.00 690.00 56.11 0.5 0.5
80.00 690.00 54.58 0.5 0.5
85.00 690.00 54.13 0.5 0.5
90.00 690.00 54.77 0.5 0.5
95.00 690.00 55.94 0.5 0.5
100.00 690.00 57.24 0.5 0.5
105.00 690.00 58.55 0.5 0.5
110.00 690.00 59.88 0.5 0.5
115.00 690.00 61.24 0.5 0.5
120.00 690.00 62.60 0.5 0.5
125.00 690.00 63.90 0.5 0.5
130.00 690.00 65.10 0.5 0.5
135.00 690.00 66.20 0.5 0.5
140.00 690.00 67.17 1.0 0.0
145.00 690.00 67.92 1.0 0.0
150.00 690.00 68.37 1.0 0.0
155.00 690.00 68.38 1.0 0.0
160.00 690.00 67.81 1.0 0.0
165.00 690.00 66.32 1.0 0.0
170.00 690.00 63.18 1.0 0.0
175.00 690.00 56.12 1.0 0.0
180.00 690.00 49.81 1.0 0.0
0.00 700.00 52.45 0.0 1.0
5.00 700.00 55.11 0.0 1.0
10.00 700.00 62.41 0.0 1.0
15.00 700.00 65.99 0.0 1.0
20.00 700.00 67.84 0.0 1.0
25.00 700.00 68.56 0.0 1.0
30.00 700.00 68.44 0.0 1.0
35.00 700.00 67.69 0.0 1.0
40.00 700.00 66.57 0.0 1.0
45.00 700.00 65.28 0.5 0.5
50.00 700.00 63.90 0.5 0.5
55.00 700.00 62.36 0.5 0.5
60.00 700.00 60.54 0.5 0.5
65.00 700.00 58.39 0.5 0.5
70.00 700.00 56.02 0.5 0.5
75.00 700.00 53.76 0.5 0.5
80.00 700.00 52.32 0.5 0.5
85.00 700.00 52.26 0.5 0.5
90.00 700.00 53.24 0.5 0.5
95.00 700.00 54.64 0.5 0.5
100.00 700.00 56.09 0.5 0.5
105.00 700.00 57.50 0.5 0.5
110.00 700.00 58.89 0.5 0.5
115.00 700.00 60.31 0.5 0.5
120.00 700.00 61.75 0.5 0.5
125.00 700.00 63.15 0.5 0.5
130.00 700.00 64.46 0.5 0.5
135.00 700.00 65.69 0.5 0.5
140.00 700.00 66.83 1.0 0.0
145.00 700.00 67.79 1.0 0.0
150.00 700.00 68.43 1.0 0.0
155.00 700.00 68.61 1.0 0.0
160.00 700.00 68.18 1.0 0.0
165.00 700.00 66.81 1.0 0.0
170.00 700.00 63.76 1.0 0.0
175.00 700.00 56.82 1.0 0.0
180.00 700.00 49.81 1.0 0.0
0.00 710.00 52.45 0.0 1.0
5.00 710.00 55.60 0.0 1.0
10.00 710.00 62.80 0.0 1.0
15.00 710.00 66.25 0.0 1.0
20.00 710.00 67.98 0.0 1.0
25.00 710.00 68.58 0.0 1.0
30.00 710.00 68.33 0.0 1.0
35.00 710.00 67.47 0.0 1.0
40.00 710.00 66.23 0.0 1.0
45.00 710.00 64.83 0.5 0.5
50.00 710.00 63.33 0.5 0.5
55.00 710.00 61.67 0.5 0.5
60.00 710.00 59.75 0.5 0.5
65.00 710.00 57.56 0.5 0.5
70.00 710.00 55.22 0.5 0.5
75.00 710.00 53.08 0.5 0.5
80.00 710.00 51.63 0.5 0.5
85.00 710.00 51.28 0.5 0.5
90.00 710.00 51.91 0.5 0.5
95.00 710.00 53.10 0.5 0.5
100.00 710.00 54.51 0.5 0.5
105.00 710.00 55.97 0.5 0.5
110.00 710.00 57.47 0.5 0.5
115.00 710.00 59.03 0.5 0.5
120.00 710.00 60.63 0.5 0.5
125.00 710.00 62.18 0.5 0.5
130.00 710.00 63.66 0.5 0.5
135.00 710.00 65.10 0.5 0.5
140.00 710.00 66.47 1.0 0.0
145.00 710.00 67.63 1.0 0.0
150.00 710.00 68.44 1.0 0.0
155.00 710.00 68.74 1.0 0.0
160.00 710.00 68.39 1.0 0.0
165.00 710.00 67.05 1.0 0.0
170.00 710.00 64.04 1.0 0.0
175.00 710.00 57.14 1.0 0.0
180.00 710.00 49.81 1.0 0.0
0.00 720.00 52.45 0.0 1.0
5.00 720.00 55.76 0.0 1.0
10.00 720.00 62.89 0.0 1.0
15.00 720.00 66.27 0.0 1.0
20.00 720.00 67.93 0.0 1.0
25.00 720.00 68.48 0.0 1.0
30.00 720.00 68.22 0.0 1.0
35.00 720.00 67.35 0.0 1.0
40.00 720.00 66.10 0.0 1.0
45.00 720.00 64.67 0.5 0.5
50.00 720.00 63.17 0.5 0.5
55.00 720.00 61.57 0.5 0.5
60.00 720.00 59.82 0.5 0.5
65.00 720.00 57.88 0.5 0.5
70.00 720.00 55.86 0.5 0.5
75.00 720.00 53.98 0.5 0.5
80.00 720.00 52.57 0.5 0.5
85.00 720.00 51.87 0.5 0.5
90.00 720.00 51.87 0.5 0.5
95.00 720.00 52.36 0.5 0.5
100.00 720.00 53.17 0.5 0.5
105.00 720.00 54.25 0.5 0.5
110.00 720.00 55.66 0.5 0.5
115.00 720.00 57.36 0.5 0.5
120.00 720.00 59.19 0.5 0.5
125.00 720.00 61.00 0.5 0.5
130.00 720.00 62.77 0.5 0.5
135.00 720.00 64.52 0.5 0.5
140.00 720.00 66.19 1.0 0.0
145.00 720.00 67.56 1.0 0.0
150.00 720.00 68.48 1.0 0.0
155.00 720.00 68.83 1.0 0.0
160.00 720.00 68.46 1.0 0.0
165.00 720.00 67.09 1.0 0.0
170.00 720.00 64.04 1.0 0.0
175.00 720.00 57.12 1.0 0.0
180.00 720.00 49.81 1.0 0.0
