# FGCom-mumble Far-Field Radiation Pattern
# Frequency: 144.5 MHz
# Altitude: 0 m
# Format: Theta Phi Gain_dBi H_Polarization V_Polarization
# Theta: Elevation angle (0-180 degrees)
# Phi: Azimuth angle (0-360 degrees)
# Gain: Antenna gain in dBi
# H_Polarization: Horizontal polarization component
# V_Polarization: Vertical polarization component
0.00 0.00 119.17 0.0 1.0
5.00 0.00 118.93 0.0 1.0
10.00 0.00 126.31 0.0 1.0
15.00 0.00 105.38 0.0 1.0
20.00 0.00 134.84 0.0 1.0
25.00 0.00 140.30 0.0 1.0
30.00 0.00 139.61 0.0 1.0
35.00 0.00 131.52 0.0 1.0
40.00 0.00 133.29 0.0 1.0
45.00 0.00 135.22 0.5 0.5
50.00 0.00 134.21 0.5 0.5
55.00 0.00 141.77 0.5 0.5
60.00 0.00 145.84 0.5 0.5
65.00 0.00 147.20 0.5 0.5
70.00 0.00 146.77 0.5 0.5
75.00 0.00 144.87 0.5 0.5
80.00 0.00 141.30 0.5 0.5
85.00 0.00 134.65 0.5 0.5
90.00 0.00 127.60 0.5 0.5
95.00 0.00 137.34 0.5 0.5
100.00 0.00 141.81 0.5 0.5
105.00 0.00 144.18 0.5 0.5
110.00 0.00 145.22 0.5 0.5
115.00 0.00 144.97 0.5 0.5
120.00 0.00 143.15 0.5 0.5
125.00 0.00 139.17 0.5 0.5
130.00 0.00 132.63 0.5 0.5
135.00 0.00 127.06 0.5 0.5
140.00 0.00 124.42 1.0 0.0
145.00 0.00 129.71 1.0 0.0
150.00 0.00 128.18 1.0 0.0
155.00 0.00 122.73 1.0 0.0
160.00 0.00 135.18 1.0 0.0
165.00 0.00 136.83 1.0 0.0
170.00 0.00 133.70 1.0 0.0
175.00 0.00 126.70 1.0 0.0
180.00 0.00 116.16 1.0 0.0
0.00 10.00 119.17 0.0 1.0
5.00 10.00 118.37 0.0 1.0
10.00 10.00 125.72 0.0 1.0
15.00 10.00 107.20 0.0 1.0
20.00 10.00 134.49 0.0 1.0
25.00 10.00 139.74 0.0 1.0
30.00 10.00 138.95 0.0 1.0
35.00 10.00 130.83 0.0 1.0
40.00 10.00 132.19 0.0 1.0
45.00 10.00 134.07 0.5 0.5
50.00 10.00 129.99 0.5 0.5
55.00 10.00 139.19 0.5 0.5
60.00 10.00 143.92 0.5 0.5
65.00 10.00 145.66 0.5 0.5
70.00 10.00 145.66 0.5 0.5
75.00 10.00 144.50 0.5 0.5
80.00 10.00 142.61 0.5 0.5
85.00 10.00 140.70 0.5 0.5
90.00 10.00 140.07 0.5 0.5
95.00 10.00 141.15 0.5 0.5
100.00 10.00 142.74 0.5 0.5
105.00 10.00 143.95 0.5 0.5
110.00 10.00 144.37 0.5 0.5
115.00 10.00 143.67 0.5 0.5
120.00 10.00 141.33 0.5 0.5
125.00 10.00 136.58 0.5 0.5
130.00 10.00 130.46 0.5 0.5
135.00 10.00 128.72 0.5 0.5
140.00 10.00 123.05 1.0 0.0
145.00 10.00 128.54 1.0 0.0
150.00 10.00 128.38 1.0 0.0
155.00 10.00 119.47 1.0 0.0
160.00 10.00 134.28 1.0 0.0
165.00 10.00 136.24 1.0 0.0
170.00 10.00 133.24 1.0 0.0
175.00 10.00 126.40 1.0 0.0
180.00 10.00 116.16 1.0 0.0
0.00 20.00 119.17 0.0 1.0
5.00 20.00 117.19 0.0 1.0
10.00 20.00 125.02 0.0 1.0
15.00 20.00 110.08 0.0 1.0
20.00 20.00 132.90 0.0 1.0
25.00 20.00 138.71 0.0 1.0
30.00 20.00 138.78 0.0 1.0
35.00 20.00 132.93 0.0 1.0
40.00 20.00 127.87 0.0 1.0
45.00 20.00 133.31 0.5 0.5
50.00 20.00 129.44 0.5 0.5
55.00 20.00 129.78 0.5 0.5
60.00 20.00 138.55 0.5 0.5
65.00 20.00 142.13 0.5 0.5
70.00 20.00 143.56 0.5 0.5
75.00 20.00 143.88 0.5 0.5
80.00 20.00 143.65 0.5 0.5
85.00 20.00 143.31 0.5 0.5
90.00 20.00 143.13 0.5 0.5
95.00 20.00 143.20 0.5 0.5
100.00 20.00 143.34 0.5 0.5
105.00 20.00 143.23 0.5 0.5
110.00 20.00 142.45 0.5 0.5
115.00 20.00 140.46 0.5 0.5
120.00 20.00 136.40 0.5 0.5
125.00 20.00 129.90 0.5 0.5
130.00 20.00 129.81 0.5 0.5
135.00 20.00 128.89 0.5 0.5
140.00 20.00 120.06 1.0 0.0
145.00 20.00 128.79 1.0 0.0
150.00 20.00 127.63 1.0 0.0
155.00 20.00 121.12 1.0 0.0
160.00 20.00 133.87 1.0 0.0
165.00 20.00 135.51 1.0 0.0
170.00 20.00 132.45 1.0 0.0
175.00 20.00 125.83 1.0 0.0
180.00 20.00 116.16 1.0 0.0
0.00 30.00 119.17 0.0 1.0
5.00 30.00 115.19 0.0 1.0
10.00 30.00 124.07 0.0 1.0
15.00 30.00 116.01 0.0 1.0
20.00 30.00 129.74 0.0 1.0
25.00 30.00 136.88 0.0 1.0
30.00 30.00 138.40 0.0 1.0
35.00 30.00 135.70 0.0 1.0
40.00 30.00 126.61 0.0 1.0
45.00 30.00 128.19 0.5 0.5
50.00 30.00 131.77 0.5 0.5
55.00 30.00 129.01 0.5 0.5
60.00 30.00 114.89 0.5 0.5
65.00 30.00 130.13 0.5 0.5
70.00 30.00 135.63 0.5 0.5
75.00 30.00 138.21 0.5 0.5
80.00 30.00 139.52 0.5 0.5
85.00 30.00 140.13 0.5 0.5
90.00 30.00 140.30 0.5 0.5
95.00 30.00 140.09 0.5 0.5
100.00 30.00 139.40 0.5 0.5
105.00 30.00 137.94 0.5 0.5
110.00 30.00 135.10 0.5 0.5
115.00 30.00 129.49 0.5 0.5
120.00 30.00 124.47 0.5 0.5
125.00 30.00 129.87 0.5 0.5
130.00 30.00 130.38 0.5 0.5
135.00 30.00 123.73 0.5 0.5
140.00 30.00 124.35 1.0 0.0
145.00 30.00 129.82 1.0 0.0
150.00 30.00 124.79 1.0 0.0
155.00 30.00 125.22 1.0 0.0
160.00 30.00 133.77 1.0 0.0
165.00 30.00 134.57 1.0 0.0
170.00 30.00 131.31 1.0 0.0
175.00 30.00 124.99 1.0 0.0
180.00 30.00 116.16 1.0 0.0
0.00 40.00 119.17 0.0 1.0
5.00 40.00 111.99 0.0 1.0
10.00 40.00 122.55 0.0 1.0
15.00 40.00 119.53 0.0 1.0
20.00 40.00 124.20 0.0 1.0
25.00 40.00 133.67 0.0 1.0
30.00 40.00 136.85 0.0 1.0
35.00 40.00 136.74 0.0 1.0
40.00 40.00 133.74 0.0 1.0
45.00 40.00 126.46 0.5 0.5
50.00 40.00 119.94 0.5 0.5
55.00 40.00 127.82 0.5 0.5
60.00 40.00 129.91 0.5 0.5
65.00 40.00 129.50 0.5 0.5
70.00 40.00 127.34 0.5 0.5
75.00 40.00 123.37 0.5 0.5
80.00 40.00 116.91 0.5 0.5
85.00 40.00 109.80 0.5 0.5
90.00 40.00 110.95 0.5 0.5
95.00 40.00 110.62 0.5 0.5
100.00 40.00 117.12 0.5 0.5
105.00 40.00 124.00 0.5 0.5
110.00 40.00 128.35 0.5 0.5
115.00 40.00 130.74 0.5 0.5
120.00 40.00 131.18 0.5 0.5
125.00 40.00 128.91 0.5 0.5
130.00 40.00 120.69 0.5 0.5
135.00 40.00 124.69 0.5 0.5
140.00 40.00 130.04 1.0 0.0
145.00 40.00 128.89 1.0 0.0
150.00 40.00 111.31 1.0 0.0
155.00 40.00 129.01 1.0 0.0
160.00 40.00 133.58 1.0 0.0
165.00 40.00 133.25 1.0 0.0
170.00 40.00 129.73 1.0 0.0
175.00 40.00 123.89 1.0 0.0
180.00 40.00 116.16 1.0 0.0
0.00 50.00 119.17 0.0 1.0
5.00 50.00 107.47 0.0 1.0
10.00 50.00 119.95 0.0 1.0
15.00 50.00 120.43 0.0 1.0
20.00 50.00 115.27 0.0 1.0
25.00 50.00 128.30 0.0 1.0
30.00 50.00 133.39 0.0 1.0
35.00 50.00 135.20 0.0 1.0
40.00 50.00 135.04 0.0 1.0
45.00 50.00 133.44 0.5 0.5
50.00 50.00 130.58 0.5 0.5
55.00 50.00 126.11 0.5 0.5
60.00 50.00 117.88 0.5 0.5
65.00 50.00 111.76 0.5 0.5
70.00 50.00 121.84 0.5 0.5
75.00 50.00 125.64 0.5 0.5
80.00 50.00 127.62 0.5 0.5
85.00 50.00 128.73 0.5 0.5
90.00 50.00 129.33 0.5 0.5
95.00 50.00 129.53 0.5 0.5
100.00 50.00 129.29 0.5 0.5
105.00 50.00 128.35 0.5 0.5
110.00 50.00 126.15 0.5 0.5
115.00 50.00 121.51 0.5 0.5
120.00 50.00 119.64 0.5 0.5
125.00 50.00 126.54 0.5 0.5
130.00 50.00 130.28 0.5 0.5
135.00 50.00 131.31 0.5 0.5
140.00 50.00 129.31 1.0 0.0
145.00 50.00 120.37 1.0 0.0
150.00 50.00 124.30 1.0 0.0
155.00 50.00 131.20 1.0 0.0
160.00 50.00 132.70 1.0 0.0
165.00 50.00 131.26 1.0 0.0
170.00 50.00 127.64 1.0 0.0
175.00 50.00 122.54 1.0 0.0
180.00 50.00 116.16 1.0 0.0
0.00 60.00 119.17 0.0 1.0
5.00 60.00 107.80 0.0 1.0
10.00 60.00 115.09 0.0 1.0
15.00 60.00 118.60 0.0 1.0
20.00 60.00 114.19 0.0 1.0
25.00 60.00 119.01 0.0 1.0
30.00 60.00 127.12 0.0 1.0
35.00 60.00 130.86 0.0 1.0
40.00 60.00 132.50 0.0 1.0
45.00 60.00 132.89 0.5 0.5
50.00 60.00 132.51 0.5 0.5
55.00 60.00 131.72 0.5 0.5
60.00 60.00 130.78 0.5 0.5
65.00 60.00 129.85 0.5 0.5
70.00 60.00 128.98 0.5 0.5
75.00 60.00 128.21 0.5 0.5
80.00 60.00 127.58 0.5 0.5
85.00 60.00 127.22 0.5 0.5
90.00 60.00 127.24 0.5 0.5
95.00 60.00 127.72 0.5 0.5
100.00 60.00 128.61 0.5 0.5
105.00 60.00 129.72 0.5 0.5
110.00 60.00 130.80 0.5 0.5
115.00 60.00 131.62 0.5 0.5
120.00 60.00 131.90 0.5 0.5
125.00 60.00 131.36 0.5 0.5
130.00 60.00 129.51 0.5 0.5
135.00 60.00 125.33 0.5 0.5
140.00 60.00 118.71 1.0 0.0
145.00 60.00 125.16 1.0 0.0
150.00 60.00 129.55 1.0 0.0
155.00 60.00 131.02 1.0 0.0
160.00 60.00 130.46 1.0 0.0
165.00 60.00 128.29 1.0 0.0
170.00 60.00 124.95 1.0 0.0
175.00 60.00 120.94 1.0 0.0
180.00 60.00 116.16 1.0 0.0
0.00 70.00 119.17 0.0 1.0
5.00 70.00 112.72 0.0 1.0
10.00 70.00 104.61 0.0 1.0
15.00 70.00 112.02 0.0 1.0
20.00 70.00 112.83 0.0 1.0
25.00 70.00 105.78 0.0 1.0
30.00 70.00 113.11 0.0 1.0
35.00 70.00 120.88 0.0 1.0
40.00 70.00 124.82 0.0 1.0
45.00 70.00 127.09 0.5 0.5
50.00 70.00 128.44 0.5 0.5
55.00 70.00 129.22 0.5 0.5
60.00 70.00 129.60 0.5 0.5
65.00 70.00 129.73 0.5 0.5
70.00 70.00 129.71 0.5 0.5
75.00 70.00 129.63 0.5 0.5
80.00 70.00 129.54 0.5 0.5
85.00 70.00 129.48 0.5 0.5
90.00 70.00 129.42 0.5 0.5
95.00 70.00 129.33 0.5 0.5
100.00 70.00 129.12 0.5 0.5
105.00 70.00 128.69 0.5 0.5
110.00 70.00 127.91 0.5 0.5
115.00 70.00 126.68 0.5 0.5
120.00 70.00 124.99 0.5 0.5
125.00 70.00 123.37 0.5 0.5
130.00 70.00 123.32 0.5 0.5
135.00 70.00 124.99 0.5 0.5
140.00 70.00 126.79 1.0 0.0
145.00 70.00 127.89 1.0 0.0
150.00 70.00 128.13 1.0 0.0
155.00 70.00 127.49 1.0 0.0
160.00 70.00 126.03 1.0 0.0
165.00 70.00 123.99 1.0 0.0
170.00 70.00 121.66 1.0 0.0
175.00 70.00 119.13 1.0 0.0
180.00 70.00 116.16 1.0 0.0
0.00 80.00 119.17 0.0 1.0
5.00 80.00 116.30 0.0 1.0
10.00 80.00 112.62 0.0 1.0
15.00 80.00 107.59 0.0 1.0
20.00 80.00 101.88 0.0 1.0
25.00 80.00 101.28 0.0 1.0
30.00 80.00 101.84 0.0 1.0
35.00 80.00 99.88 0.0 1.0
40.00 80.00 98.49 0.0 1.0
45.00 80.00 104.15 0.5 0.5
50.00 80.00 109.32 0.5 0.5
55.00 80.00 112.94 0.5 0.5
60.00 80.00 115.51 0.5 0.5
65.00 80.00 117.31 0.5 0.5
70.00 80.00 118.50 0.5 0.5
75.00 80.00 119.22 0.5 0.5
80.00 80.00 119.54 0.5 0.5
85.00 80.00 119.53 0.5 0.5
90.00 80.00 119.23 0.5 0.5
95.00 80.00 118.70 0.5 0.5
100.00 80.00 118.00 0.5 0.5
105.00 80.00 117.29 0.5 0.5
110.00 80.00 116.78 0.5 0.5
115.00 80.00 116.68 0.5 0.5
120.00 80.00 117.04 0.5 0.5
125.00 80.00 117.68 0.5 0.5
130.00 80.00 118.36 0.5 0.5
135.00 80.00 118.92 0.5 0.5
140.00 80.00 119.26 1.0 0.0
145.00 80.00 119.36 1.0 0.0
150.00 80.00 119.25 1.0 0.0
155.00 80.00 119.03 1.0 0.0
160.00 80.00 118.75 1.0 0.0
165.00 80.00 118.41 1.0 0.0
170.00 80.00 117.92 1.0 0.0
175.00 80.00 117.20 1.0 0.0
180.00 80.00 116.16 1.0 0.0
0.00 90.00 119.17 0.0 1.0
5.00 90.00 118.75 0.0 1.0
10.00 90.00 118.23 0.0 1.0
15.00 90.00 117.48 0.0 1.0
20.00 90.00 116.37 0.0 1.0
25.00 90.00 114.85 0.0 1.0
30.00 90.00 112.90 0.0 1.0
35.00 90.00 110.59 0.0 1.0
40.00 90.00 108.17 0.0 1.0
45.00 90.00 105.99 0.5 0.5
50.00 90.00 104.39 0.5 0.5
55.00 90.00 103.29 0.5 0.5
60.00 90.00 102.38 0.5 0.5
65.00 90.00 101.38 0.5 0.5
70.00 90.00 100.13 0.5 0.5
75.00 90.00 98.54 0.5 0.5
80.00 90.00 96.43 0.5 0.5
85.00 90.00 93.39 0.5 0.5
90.00 90.00 88.36 0.5 0.5
95.00 90.00 80.84 0.5 0.5
100.00 90.00 88.63 0.5 0.5
105.00 90.00 94.25 0.5 0.5
110.00 90.00 97.65 0.5 0.5
115.00 90.00 99.87 0.5 0.5
120.00 90.00 101.30 0.5 0.5
125.00 90.00 102.13 0.5 0.5
130.00 90.00 102.60 0.5 0.5
135.00 90.00 103.18 0.5 0.5
140.00 90.00 104.49 1.0 0.0
145.00 90.00 106.52 1.0 0.0
150.00 90.00 108.74 1.0 0.0
155.00 90.00 110.72 1.0 0.0
160.00 90.00 112.32 1.0 0.0
165.00 90.00 113.56 1.0 0.0
170.00 90.00 114.53 1.0 0.0
175.00 90.00 115.35 1.0 0.0
180.00 90.00 116.16 1.0 0.0
0.00 100.00 119.17 0.0 1.0
5.00 100.00 120.51 0.0 1.0
10.00 100.00 121.06 0.0 1.0
15.00 100.00 120.97 0.0 1.0
20.00 100.00 120.36 0.0 1.0
25.00 100.00 119.26 0.0 1.0
30.00 100.00 117.80 0.0 1.0
35.00 100.00 116.34 0.0 1.0
40.00 100.00 115.50 0.0 1.0
45.00 100.00 115.57 0.5 0.5
50.00 100.00 116.15 0.5 0.5
55.00 100.00 116.81 0.5 0.5
60.00 100.00 117.36 0.5 0.5
65.00 100.00 117.75 0.5 0.5
70.00 100.00 117.95 0.5 0.5
75.00 100.00 117.97 0.5 0.5
80.00 100.00 117.82 0.5 0.5
85.00 100.00 117.55 0.5 0.5
90.00 100.00 117.20 0.5 0.5
95.00 100.00 116.83 0.5 0.5
100.00 100.00 116.51 0.5 0.5
105.00 100.00 116.25 0.5 0.5
110.00 100.00 116.06 0.5 0.5
115.00 100.00 115.89 0.5 0.5
120.00 100.00 115.62 0.5 0.5
125.00 100.00 115.12 0.5 0.5
130.00 100.00 114.16 0.5 0.5
135.00 100.00 112.45 0.5 0.5
140.00 100.00 109.62 1.0 0.0
145.00 100.00 106.20 1.0 0.0
150.00 100.00 107.22 1.0 0.0
155.00 100.00 110.77 1.0 0.0
160.00 100.00 112.97 1.0 0.0
165.00 100.00 113.77 1.0 0.0
170.00 100.00 113.71 1.0 0.0
175.00 100.00 114.06 1.0 0.0
180.00 100.00 116.16 1.0 0.0
0.00 110.00 119.17 0.0 1.0
5.00 110.00 121.84 0.0 1.0
10.00 110.00 122.81 0.0 1.0
15.00 110.00 122.89 0.0 1.0
20.00 110.00 122.66 0.0 1.0
25.00 110.00 122.85 0.0 1.0
30.00 110.00 123.75 0.0 1.0
35.00 110.00 124.78 0.0 1.0
40.00 110.00 125.51 0.0 1.0
45.00 110.00 125.94 0.5 0.5
50.00 110.00 126.16 0.5 0.5
55.00 110.00 126.24 0.5 0.5
60.00 110.00 126.24 0.5 0.5
65.00 110.00 126.23 0.5 0.5
70.00 110.00 126.29 0.5 0.5
75.00 110.00 126.47 0.5 0.5
80.00 110.00 126.78 0.5 0.5
85.00 110.00 127.17 0.5 0.5
90.00 110.00 127.60 0.5 0.5
95.00 110.00 128.06 0.5 0.5
100.00 110.00 128.52 0.5 0.5
105.00 110.00 129.00 0.5 0.5
110.00 110.00 129.46 0.5 0.5
115.00 110.00 129.86 0.5 0.5
120.00 110.00 130.14 0.5 0.5
125.00 110.00 130.18 0.5 0.5
130.00 110.00 129.85 0.5 0.5
135.00 110.00 129.01 0.5 0.5
140.00 110.00 127.53 1.0 0.0
145.00 110.00 125.35 1.0 0.0
150.00 110.00 122.70 1.0 0.0
155.00 110.00 120.41 1.0 0.0
160.00 110.00 119.20 1.0 0.0
165.00 110.00 118.23 1.0 0.0
170.00 110.00 116.34 1.0 0.0
175.00 110.00 113.97 1.0 0.0
180.00 110.00 116.16 1.0 0.0
0.00 120.00 119.17 0.0 1.0
5.00 120.00 122.88 0.0 1.0
10.00 120.00 124.29 0.0 1.0
15.00 120.00 125.33 0.0 1.0
20.00 120.00 127.04 0.0 1.0
25.00 120.00 128.98 0.0 1.0
30.00 120.00 130.33 0.0 1.0
35.00 120.00 131.03 0.0 1.0
40.00 120.00 131.37 0.0 1.0
45.00 120.00 131.53 0.5 0.5
50.00 120.00 131.50 0.5 0.5
55.00 120.00 131.24 0.5 0.5
60.00 120.00 130.78 0.5 0.5
65.00 120.00 130.17 0.5 0.5
70.00 120.00 129.44 0.5 0.5
75.00 120.00 128.63 0.5 0.5
80.00 120.00 127.81 0.5 0.5
85.00 120.00 127.08 0.5 0.5
90.00 120.00 126.54 0.5 0.5
95.00 120.00 126.24 0.5 0.5
100.00 120.00 126.17 0.5 0.5
105.00 120.00 126.23 0.5 0.5
110.00 120.00 126.30 0.5 0.5
115.00 120.00 126.39 0.5 0.5
120.00 120.00 126.73 0.5 0.5
125.00 120.00 127.69 0.5 0.5
130.00 120.00 129.18 0.5 0.5
135.00 120.00 130.56 0.5 0.5
140.00 120.00 131.29 1.0 0.0
145.00 120.00 131.07 1.0 0.0
150.00 120.00 129.89 1.0 0.0
155.00 120.00 127.95 1.0 0.0
160.00 120.00 125.68 1.0 0.0
165.00 120.00 123.23 1.0 0.0
170.00 120.00 119.93 1.0 0.0
175.00 120.00 115.09 1.0 0.0
180.00 120.00 116.16 1.0 0.0
0.00 130.00 119.17 0.0 1.0
5.00 130.00 123.76 0.0 1.0
10.00 130.00 125.92 0.0 1.0
15.00 130.00 128.63 0.0 1.0
20.00 130.00 131.60 0.0 1.0
25.00 130.00 133.58 0.0 1.0
30.00 130.00 134.36 0.0 1.0
35.00 130.00 134.22 0.0 1.0
40.00 130.00 133.33 0.0 1.0
45.00 130.00 131.45 0.5 0.5
50.00 130.00 128.13 0.5 0.5
55.00 130.00 122.83 0.5 0.5
60.00 130.00 119.22 0.5 0.5
65.00 130.00 123.18 0.5 0.5
70.00 130.00 126.17 0.5 0.5
75.00 130.00 127.74 0.5 0.5
80.00 130.00 128.45 0.5 0.5
85.00 130.00 128.61 0.5 0.5
90.00 130.00 128.34 0.5 0.5
95.00 130.00 127.69 0.5 0.5
100.00 130.00 126.64 0.5 0.5
105.00 130.00 125.28 0.5 0.5
110.00 130.00 124.26 0.5 0.5
115.00 130.00 124.75 0.5 0.5
120.00 130.00 126.19 0.5 0.5
125.00 130.00 126.84 0.5 0.5
130.00 130.00 125.44 0.5 0.5
135.00 130.00 120.48 0.5 0.5
140.00 130.00 121.37 1.0 0.0
145.00 130.00 127.68 1.0 0.0
150.00 130.00 130.31 1.0 0.0
155.00 130.00 130.65 1.0 0.0
160.00 130.00 129.45 1.0 0.0
165.00 130.00 127.01 1.0 0.0
170.00 130.00 123.09 1.0 0.0
175.00 130.00 116.73 1.0 0.0
180.00 130.00 116.16 1.0 0.0
0.00 140.00 119.17 0.0 1.0
5.00 140.00 124.52 0.0 1.0
10.00 140.00 127.74 0.0 1.0
15.00 140.00 131.76 0.0 1.0
20.00 140.00 134.87 0.0 1.0
25.00 140.00 136.06 0.0 1.0
30.00 140.00 135.36 0.0 1.0
35.00 140.00 132.76 0.0 1.0
40.00 140.00 127.54 0.0 1.0
45.00 140.00 123.86 0.5 0.5
50.00 140.00 129.33 0.5 0.5
55.00 140.00 132.18 0.5 0.5
60.00 140.00 132.99 0.5 0.5
65.00 140.00 132.59 0.5 0.5
70.00 140.00 131.48 0.5 0.5
75.00 140.00 130.11 0.5 0.5
80.00 140.00 128.90 0.5 0.5
85.00 140.00 128.25 0.5 0.5
90.00 140.00 128.31 0.5 0.5
95.00 140.00 128.90 0.5 0.5
100.00 140.00 129.71 0.5 0.5
105.00 140.00 130.31 0.5 0.5
110.00 140.00 130.24 0.5 0.5
115.00 140.00 128.93 0.5 0.5
120.00 140.00 125.72 0.5 0.5
125.00 140.00 124.14 0.5 0.5
130.00 140.00 128.43 0.5 0.5
135.00 140.00 130.66 0.5 0.5
140.00 140.00 129.44 1.0 0.0
145.00 140.00 121.98 1.0 0.0
150.00 140.00 120.36 1.0 0.0
155.00 140.00 128.84 1.0 0.0
160.00 140.00 130.59 1.0 0.0
165.00 140.00 129.35 1.0 0.0
170.00 140.00 125.52 1.0 0.0
175.00 140.00 118.34 1.0 0.0
180.00 140.00 116.16 1.0 0.0
0.00 150.00 119.17 0.0 1.0
5.00 150.00 125.20 0.0 1.0
10.00 150.00 129.49 0.0 1.0
15.00 150.00 134.19 0.0 1.0
20.00 150.00 136.83 0.0 1.0
25.00 150.00 136.62 0.0 1.0
30.00 150.00 133.09 0.0 1.0
35.00 150.00 125.96 0.0 1.0
40.00 150.00 129.96 0.0 1.0
45.00 150.00 133.86 0.5 0.5
50.00 150.00 134.76 0.5 0.5
55.00 150.00 133.67 0.5 0.5
60.00 150.00 131.07 0.5 0.5
65.00 150.00 127.80 0.5 0.5
70.00 150.00 125.97 0.5 0.5
75.00 150.00 126.17 0.5 0.5
80.00 150.00 126.55 0.5 0.5
85.00 150.00 126.33 0.5 0.5
90.00 150.00 125.47 0.5 0.5
95.00 150.00 124.30 0.5 0.5
100.00 150.00 124.49 0.5 0.5
105.00 150.00 127.40 0.5 0.5
110.00 150.00 130.76 0.5 0.5
115.00 150.00 133.04 0.5 0.5
120.00 150.00 133.69 0.5 0.5
125.00 150.00 131.97 0.5 0.5
130.00 150.00 125.83 0.5 0.5
135.00 150.00 126.09 0.5 0.5
140.00 150.00 132.04 1.0 0.0
145.00 150.00 132.40 1.0 0.0
150.00 150.00 126.73 1.0 0.0
155.00 150.00 117.96 1.0 0.0
160.00 150.00 129.35 1.0 0.0
165.00 150.00 130.43 1.0 0.0
170.00 150.00 127.25 1.0 0.0
175.00 150.00 119.68 1.0 0.0
180.00 150.00 116.16 1.0 0.0
0.00 160.00 119.17 0.0 1.0
5.00 160.00 125.77 0.0 1.0
10.00 160.00 130.97 0.0 1.0
15.00 160.00 135.88 0.0 1.0
20.00 160.00 137.81 0.0 1.0
25.00 160.00 135.72 0.0 1.0
30.00 160.00 127.62 0.0 1.0
35.00 160.00 131.05 0.0 1.0
40.00 160.00 135.16 0.0 1.0
45.00 160.00 135.42 0.5 0.5
50.00 160.00 133.79 0.5 0.5
55.00 160.00 131.40 0.5 0.5
60.00 160.00 129.26 0.5 0.5
65.00 160.00 127.76 0.5 0.5
70.00 160.00 126.60 0.5 0.5
75.00 160.00 125.93 0.5 0.5
80.00 160.00 126.14 0.5 0.5
85.00 160.00 126.98 0.5 0.5
90.00 160.00 127.79 0.5 0.5
95.00 160.00 128.04 0.5 0.5
100.00 160.00 127.12 0.5 0.5
105.00 160.00 123.64 0.5 0.5
110.00 160.00 117.74 0.5 0.5
115.00 160.00 127.89 0.5 0.5
120.00 160.00 133.42 0.5 0.5
125.00 160.00 135.62 0.5 0.5
130.00 160.00 134.65 0.5 0.5
135.00 160.00 128.25 0.5 0.5
140.00 160.00 127.22 1.0 0.0
145.00 160.00 133.93 1.0 0.0
150.00 160.00 133.42 1.0 0.0
155.00 160.00 124.19 1.0 0.0
160.00 160.00 125.56 1.0 0.0
165.00 160.00 130.59 1.0 0.0
170.00 160.00 128.37 1.0 0.0
175.00 160.00 120.67 1.0 0.0
180.00 160.00 116.16 1.0 0.0
0.00 170.00 119.17 0.0 1.0
5.00 170.00 126.22 0.0 1.0
10.00 170.00 132.07 0.0 1.0
15.00 170.00 136.99 0.0 1.0
20.00 170.00 138.22 0.0 1.0
25.00 170.00 134.11 0.0 1.0
30.00 170.00 126.69 0.0 1.0
35.00 170.00 135.05 0.0 1.0
40.00 170.00 136.15 0.0 1.0
45.00 170.00 134.45 0.5 0.5
50.00 170.00 133.20 0.5 0.5
55.00 170.00 132.01 0.5 0.5
60.00 170.00 128.30 0.5 0.5
65.00 170.00 119.93 0.5 0.5
70.00 170.00 123.38 0.5 0.5
75.00 170.00 127.90 0.5 0.5
80.00 170.00 129.42 0.5 0.5
85.00 170.00 129.83 0.5 0.5
90.00 170.00 130.31 0.5 0.5
95.00 170.00 131.44 0.5 0.5
100.00 170.00 132.75 0.5 0.5
105.00 170.00 133.37 0.5 0.5
110.00 170.00 132.51 0.5 0.5
115.00 170.00 129.44 0.5 0.5
120.00 170.00 129.61 0.5 0.5
125.00 170.00 134.76 0.5 0.5
130.00 170.00 136.79 0.5 0.5
135.00 170.00 134.52 0.5 0.5
140.00 170.00 123.19 1.0 0.0
145.00 170.00 133.07 1.0 0.0
150.00 170.00 135.78 1.0 0.0
155.00 170.00 131.16 1.0 0.0
160.00 170.00 118.04 1.0 0.0
165.00 170.00 130.22 1.0 0.0
170.00 170.00 129.00 1.0 0.0
175.00 170.00 121.31 1.0 0.0
180.00 170.00 116.16 1.0 0.0
0.00 180.00 119.17 0.0 1.0
5.00 180.00 126.52 0.0 1.0
10.00 180.00 132.76 0.0 1.0
15.00 180.00 137.66 0.0 1.0
20.00 180.00 138.48 0.0 1.0
25.00 180.00 132.91 0.0 1.0
30.00 180.00 129.83 0.0 1.0
35.00 180.00 136.51 0.0 1.0
40.00 180.00 135.98 0.0 1.0
45.00 180.00 133.71 0.5 0.5
50.00 180.00 134.12 0.5 0.5
55.00 180.00 133.33 0.5 0.5
60.00 180.00 131.51 0.5 0.5
65.00 180.00 133.40 0.5 0.5
70.00 180.00 135.63 0.5 0.5
75.00 180.00 136.09 0.5 0.5
80.00 180.00 134.82 0.5 0.5
85.00 180.00 131.66 0.5 0.5
90.00 180.00 126.62 0.5 0.5
95.00 180.00 128.58 0.5 0.5
100.00 180.00 133.66 0.5 0.5
105.00 180.00 136.50 0.5 0.5
110.00 180.00 137.43 0.5 0.5
115.00 180.00 136.32 0.5 0.5
120.00 180.00 133.43 0.5 0.5
125.00 180.00 134.44 0.5 0.5
130.00 180.00 137.39 0.5 0.5
135.00 180.00 136.52 0.5 0.5
140.00 180.00 127.37 1.0 0.0
145.00 180.00 132.68 1.0 0.0
150.00 180.00 137.06 1.0 0.0
155.00 180.00 133.89 1.0 0.0
160.00 180.00 111.18 1.0 0.0
165.00 180.00 129.74 1.0 0.0
170.00 180.00 129.25 1.0 0.0
175.00 180.00 121.58 1.0 0.0
180.00 180.00 116.16 1.0 0.0
0.00 190.00 119.17 0.0 1.0
5.00 190.00 126.64 0.0 1.0
10.00 190.00 133.04 0.0 1.0
15.00 190.00 137.99 0.0 1.0
20.00 190.00 138.86 0.0 1.0
25.00 190.00 133.27 0.0 1.0
30.00 190.00 130.32 0.0 1.0
35.00 190.00 137.03 0.0 1.0
40.00 190.00 136.16 0.0 1.0
45.00 190.00 133.42 0.5 0.5
50.00 190.00 134.87 0.5 0.5
55.00 190.00 135.47 0.5 0.5
60.00 190.00 136.21 0.5 0.5
65.00 190.00 138.64 0.5 0.5
70.00 190.00 140.44 0.5 0.5
75.00 190.00 140.93 0.5 0.5
80.00 190.00 140.32 0.5 0.5
85.00 190.00 139.05 0.5 0.5
90.00 190.00 137.97 0.5 0.5
95.00 190.00 138.26 0.5 0.5
100.00 190.00 139.63 0.5 0.5
105.00 190.00 140.80 0.5 0.5
110.00 190.00 140.95 0.5 0.5
115.00 190.00 139.58 0.5 0.5
120.00 190.00 136.83 0.5 0.5
125.00 190.00 136.62 0.5 0.5
130.00 190.00 138.44 0.5 0.5
135.00 190.00 136.79 0.5 0.5
140.00 190.00 125.36 1.0 0.0
145.00 190.00 134.62 1.0 0.0
150.00 190.00 138.21 1.0 0.0
155.00 190.00 134.87 1.0 0.0
160.00 190.00 112.84 1.0 0.0
165.00 190.00 129.54 1.0 0.0
170.00 190.00 129.20 1.0 0.0
175.00 190.00 121.48 1.0 0.0
180.00 190.00 116.16 1.0 0.0
0.00 200.00 119.17 0.0 1.0
5.00 200.00 126.58 0.0 1.0
10.00 200.00 132.92 0.0 1.0
15.00 200.00 138.00 0.0 1.0
20.00 200.00 139.37 0.0 1.0
25.00 200.00 135.25 0.0 1.0
30.00 200.00 127.93 0.0 1.0
35.00 200.00 136.81 0.0 1.0
40.00 200.00 137.17 0.0 1.0
45.00 200.00 133.74 0.5 0.5
50.00 200.00 134.50 0.5 0.5
55.00 200.00 136.71 0.5 0.5
60.00 200.00 137.91 0.5 0.5
65.00 200.00 139.92 0.5 0.5
70.00 200.00 142.07 0.5 0.5
75.00 200.00 143.47 0.5 0.5
80.00 200.00 144.11 0.5 0.5
85.00 200.00 144.29 0.5 0.5
90.00 200.00 144.30 0.5 0.5
95.00 200.00 144.30 0.5 0.5
100.00 200.00 144.20 0.5 0.5
105.00 200.00 143.70 0.5 0.5
110.00 200.00 142.42 0.5 0.5
115.00 200.00 140.23 0.5 0.5
120.00 200.00 138.66 0.5 0.5
125.00 200.00 139.34 0.5 0.5
130.00 200.00 139.02 0.5 0.5
135.00 200.00 133.84 0.5 0.5
140.00 200.00 127.65 1.0 0.0
145.00 200.00 137.97 1.0 0.0
150.00 200.00 139.05 1.0 0.0
155.00 200.00 134.27 1.0 0.0
160.00 200.00 102.95 1.0 0.0
165.00 200.00 129.70 1.0 0.0
170.00 200.00 128.83 1.0 0.0
175.00 200.00 121.00 1.0 0.0
180.00 200.00 116.16 1.0 0.0
0.00 210.00 119.17 0.0 1.0
5.00 210.00 126.33 0.0 1.0
10.00 210.00 132.39 0.0 1.0
15.00 210.00 137.60 0.0 1.0
20.00 210.00 139.79 0.0 1.0
25.00 210.00 137.82 0.0 1.0
30.00 210.00 128.60 0.0 1.0
35.00 210.00 134.71 0.0 1.0
40.00 210.00 138.13 0.0 1.0
45.00 210.00 136.45 0.5 0.5
50.00 210.00 132.91 0.5 0.5
55.00 210.00 135.48 0.5 0.5
60.00 210.00 138.17 0.5 0.5
65.00 210.00 139.52 0.5 0.5
70.00 210.00 140.74 0.5 0.5
75.00 210.00 142.12 0.5 0.5
80.00 210.00 143.28 0.5 0.5
85.00 210.00 144.01 0.5 0.5
90.00 210.00 144.27 0.5 0.5
95.00 210.00 144.07 0.5 0.5
100.00 210.00 143.39 0.5 0.5
105.00 210.00 142.31 0.5 0.5
110.00 210.00 141.26 0.5 0.5
115.00 210.00 140.96 0.5 0.5
120.00 210.00 140.97 0.5 0.5
125.00 210.00 139.62 0.5 0.5
130.00 210.00 134.14 0.5 0.5
135.00 210.00 125.79 0.5 0.5
140.00 210.00 137.95 1.0 0.0
145.00 210.00 140.42 1.0 0.0
150.00 210.00 138.56 1.0 0.0
155.00 210.00 130.97 1.0 0.0
160.00 210.00 121.00 1.0 0.0
165.00 210.00 129.94 1.0 0.0
170.00 210.00 128.09 1.0 0.0
175.00 210.00 120.12 1.0 0.0
180.00 210.00 116.16 1.0 0.0
0.00 220.00 119.17 0.0 1.0
5.00 220.00 125.87 0.0 1.0
10.00 220.00 131.46 0.0 1.0
15.00 220.00 136.67 0.0 1.0
20.00 220.00 139.72 0.0 1.0
25.00 220.00 139.86 0.0 1.0
30.00 220.00 136.02 0.0 1.0
35.00 220.00 129.05 0.0 1.0
40.00 220.00 136.47 0.0 1.0
45.00 220.00 139.05 0.5 0.5
50.00 220.00 137.92 0.5 0.5
55.00 220.00 133.72 0.5 0.5
60.00 220.00 132.19 0.5 0.5
65.00 220.00 136.66 0.5 0.5
70.00 220.00 139.47 0.5 0.5
75.00 220.00 140.95 0.5 0.5
80.00 220.00 141.76 0.5 0.5
85.00 220.00 142.23 0.5 0.5
90.00 220.00 142.50 0.5 0.5
95.00 220.00 142.63 0.5 0.5
100.00 220.00 142.62 0.5 0.5
105.00 220.00 142.39 0.5 0.5
110.00 220.00 141.64 0.5 0.5
115.00 220.00 139.68 0.5 0.5
120.00 220.00 134.76 0.5 0.5
125.00 220.00 116.48 0.5 0.5
130.00 220.00 135.98 0.5 0.5
135.00 220.00 140.64 0.5 0.5
140.00 220.00 141.67 1.0 0.0
145.00 220.00 139.96 1.0 0.0
150.00 220.00 134.84 1.0 0.0
155.00 220.00 120.26 1.0 0.0
160.00 220.00 127.15 1.0 0.0
165.00 220.00 129.78 1.0 0.0
170.00 220.00 126.83 1.0 0.0
175.00 220.00 118.80 1.0 0.0
180.00 220.00 116.16 1.0 0.0
0.00 230.00 119.17 0.0 1.0
5.00 230.00 125.20 0.0 1.0
10.00 230.00 130.15 0.0 1.0
15.00 230.00 135.05 0.0 1.0
20.00 230.00 138.74 0.0 1.0
25.00 230.00 140.56 0.0 1.0
30.00 230.00 140.24 0.0 1.0
35.00 230.00 137.20 0.0 1.0
40.00 230.00 131.26 0.0 1.0
45.00 230.00 135.09 0.5 0.5
50.00 230.00 139.40 0.5 0.5
55.00 230.00 140.95 0.5 0.5
60.00 230.00 140.69 0.5 0.5
65.00 230.00 138.98 0.5 0.5
70.00 230.00 135.82 0.5 0.5
75.00 230.00 130.76 0.5 0.5
80.00 230.00 122.73 0.5 0.5
85.00 230.00 121.31 0.5 0.5
90.00 230.00 124.37 0.5 0.5
95.00 230.00 122.94 0.5 0.5
100.00 230.00 117.43 0.5 0.5
105.00 230.00 127.95 0.5 0.5
110.00 230.00 134.88 0.5 0.5
115.00 230.00 139.13 0.5 0.5
120.00 230.00 141.76 0.5 0.5
125.00 230.00 143.09 0.5 0.5
130.00 230.00 143.17 0.5 0.5
135.00 230.00 141.87 0.5 0.5
140.00 230.00 138.88 1.0 0.0
145.00 230.00 133.39 1.0 0.0
150.00 230.00 123.48 1.0 0.0
155.00 230.00 126.00 1.0 0.0
160.00 230.00 129.28 1.0 0.0
165.00 230.00 128.70 1.0 0.0
170.00 230.00 124.85 1.0 0.0
175.00 230.00 117.05 1.0 0.0
180.00 230.00 116.16 1.0 0.0
0.00 240.00 119.17 0.0 1.0
5.00 240.00 124.31 0.0 1.0
10.00 240.00 128.48 0.0 1.0
15.00 240.00 132.70 0.0 1.0
20.00 240.00 136.47 0.0 1.0
25.00 240.00 139.29 0.0 1.0
30.00 240.00 140.98 0.0 1.0
35.00 240.00 141.50 0.0 1.0
40.00 240.00 140.78 0.0 1.0
45.00 240.00 138.60 0.5 0.5
50.00 240.00 134.74 0.5 0.5
55.00 240.00 132.31 0.5 0.5
60.00 240.00 136.10 0.5 0.5
65.00 240.00 139.52 0.5 0.5
70.00 240.00 141.64 0.5 0.5
75.00 240.00 142.93 0.5 0.5
80.00 240.00 143.72 0.5 0.5
85.00 240.00 144.21 0.5 0.5
90.00 240.00 144.52 0.5 0.5
95.00 240.00 144.69 0.5 0.5
100.00 240.00 144.71 0.5 0.5
105.00 240.00 144.52 0.5 0.5
110.00 240.00 144.01 0.5 0.5
115.00 240.00 143.03 0.5 0.5
120.00 240.00 141.37 0.5 0.5
125.00 240.00 138.77 0.5 0.5
130.00 240.00 134.89 0.5 0.5
135.00 240.00 129.85 0.5 0.5
140.00 240.00 127.44 1.0 0.0
145.00 240.00 128.71 1.0 0.0
150.00 240.00 129.40 1.0 0.0
155.00 240.00 129.29 1.0 0.0
160.00 240.00 128.44 1.0 0.0
165.00 240.00 126.26 1.0 0.0
170.00 240.00 121.86 1.0 0.0
175.00 240.00 115.15 1.0 0.0
180.00 240.00 116.16 1.0 0.0
0.00 250.00 119.17 0.0 1.0
5.00 250.00 123.13 0.0 1.0
10.00 250.00 126.43 0.0 1.0
15.00 250.00 129.65 0.0 1.0
20.00 250.00 132.78 0.0 1.0
25.00 250.00 135.61 0.0 1.0
30.00 250.00 138.00 0.0 1.0
35.00 250.00 139.90 0.0 1.0
40.00 250.00 141.32 0.0 1.0
45.00 250.00 142.28 0.5 0.5
50.00 250.00 142.82 0.5 0.5
55.00 250.00 142.96 0.5 0.5
60.00 250.00 142.73 0.5 0.5
65.00 250.00 142.17 0.5 0.5
70.00 250.00 141.34 0.5 0.5
75.00 250.00 140.30 0.5 0.5
80.00 250.00 139.15 0.5 0.5
85.00 250.00 138.03 0.5 0.5
90.00 250.00 137.11 0.5 0.5
95.00 250.00 136.52 0.5 0.5
100.00 250.00 136.35 0.5 0.5
105.00 250.00 136.53 0.5 0.5
110.00 250.00 136.90 0.5 0.5
115.00 250.00 137.25 0.5 0.5
120.00 250.00 137.37 0.5 0.5
125.00 250.00 137.09 0.5 0.5
130.00 250.00 136.29 0.5 0.5
135.00 250.00 134.90 0.5 0.5
140.00 250.00 132.92 1.0 0.0
145.00 250.00 130.56 1.0 0.0
150.00 250.00 128.31 1.0 0.0
155.00 250.00 126.51 1.0 0.0
160.00 250.00 124.66 1.0 0.0
165.00 250.00 121.86 1.0 0.0
170.00 250.00 117.55 1.0 0.0
175.00 250.00 114.06 1.0 0.0
180.00 250.00 116.16 1.0 0.0
0.00 260.00 119.17 0.0 1.0
5.00 260.00 121.60 0.0 1.0
10.00 260.00 123.79 0.0 1.0
15.00 260.00 125.85 0.0 1.0
20.00 260.00 127.78 0.0 1.0
25.00 260.00 129.58 0.0 1.0
30.00 260.00 131.23 0.0 1.0
35.00 260.00 132.71 0.0 1.0
40.00 260.00 134.04 0.0 1.0
45.00 260.00 135.23 0.5 0.5
50.00 260.00 136.29 0.5 0.5
55.00 260.00 137.21 0.5 0.5
60.00 260.00 138.00 0.5 0.5
65.00 260.00 138.63 0.5 0.5
70.00 260.00 139.10 0.5 0.5
75.00 260.00 139.40 0.5 0.5
80.00 260.00 139.53 0.5 0.5
85.00 260.00 139.47 0.5 0.5
90.00 260.00 139.23 0.5 0.5
95.00 260.00 138.79 0.5 0.5
100.00 260.00 138.12 0.5 0.5
105.00 260.00 137.21 0.5 0.5
110.00 260.00 136.00 0.5 0.5
115.00 260.00 134.46 0.5 0.5
120.00 260.00 132.53 0.5 0.5
125.00 260.00 130.16 0.5 0.5
130.00 260.00 127.42 0.5 0.5
135.00 260.00 124.57 0.5 0.5
140.00 260.00 122.27 1.0 0.0
145.00 260.00 120.96 1.0 0.0
150.00 260.00 120.10 1.0 0.0
155.00 260.00 118.97 1.0 0.0
160.00 260.00 117.27 1.0 0.0
165.00 260.00 115.30 1.0 0.0
170.00 260.00 114.27 1.0 0.0
175.00 260.00 114.92 1.0 0.0
180.00 260.00 116.16 1.0 0.0
0.00 270.00 119.17 0.0 1.0
5.00 270.00 119.56 0.0 1.0
10.00 270.00 119.95 0.0 1.0
15.00 270.00 120.29 0.0 1.0
20.00 270.00 120.50 0.0 1.0
25.00 270.00 120.55 0.0 1.0
30.00 270.00 120.41 0.0 1.0
35.00 270.00 120.08 0.0 1.0
40.00 270.00 119.56 0.0 1.0
45.00 270.00 118.85 0.5 0.5
50.00 270.00 117.94 0.5 0.5
55.00 270.00 116.82 0.5 0.5
60.00 270.00 115.45 0.5 0.5
65.00 270.00 113.78 0.5 0.5
70.00 270.00 111.70 0.5 0.5
75.00 270.00 109.02 0.5 0.5
80.00 270.00 105.28 0.5 0.5
85.00 270.00 98.99 0.5 0.5
90.00 270.00 87.23 0.5 0.5
95.00 270.00 99.78 0.5 0.5
100.00 270.00 105.22 0.5 0.5
105.00 270.00 108.50 0.5 0.5
110.00 270.00 110.85 0.5 0.5
115.00 270.00 112.70 0.5 0.5
120.00 270.00 114.23 0.5 0.5
125.00 270.00 115.55 0.5 0.5
130.00 270.00 116.69 0.5 0.5
135.00 270.00 117.67 0.5 0.5
140.00 270.00 118.46 1.0 0.0
145.00 270.00 119.04 1.0 0.0
150.00 270.00 119.36 1.0 0.0
155.00 270.00 119.39 1.0 0.0
160.00 270.00 119.13 1.0 0.0
165.00 270.00 118.61 1.0 0.0
170.00 270.00 117.87 1.0 0.0
175.00 270.00 117.02 1.0 0.0
180.00 270.00 116.16 1.0 0.0
0.00 280.00 119.17 0.0 1.0
5.00 280.00 116.80 0.0 1.0
10.00 280.00 113.77 0.0 1.0
15.00 280.00 113.00 0.0 1.0
20.00 280.00 115.22 0.0 1.0
25.00 280.00 117.23 0.0 1.0
30.00 280.00 118.76 0.0 1.0
35.00 280.00 120.69 0.0 1.0
40.00 280.00 123.39 0.0 1.0
45.00 280.00 126.33 0.5 0.5
50.00 280.00 129.01 0.5 0.5
55.00 280.00 131.31 0.5 0.5
60.00 280.00 133.23 0.5 0.5
65.00 280.00 134.82 0.5 0.5
70.00 280.00 136.13 0.5 0.5
75.00 280.00 137.20 0.5 0.5
80.00 280.00 138.06 0.5 0.5
85.00 280.00 138.71 0.5 0.5
90.00 280.00 139.19 0.5 0.5
95.00 280.00 139.48 0.5 0.5
100.00 280.00 139.59 0.5 0.5
105.00 280.00 139.53 0.5 0.5
110.00 280.00 139.28 0.5 0.5
115.00 280.00 138.85 0.5 0.5
120.00 280.00 138.22 0.5 0.5
125.00 280.00 137.41 0.5 0.5
130.00 280.00 136.43 0.5 0.5
135.00 280.00 135.30 0.5 0.5
140.00 280.00 134.01 1.0 0.0
145.00 280.00 132.57 1.0 0.0
150.00 280.00 130.97 1.0 0.0
155.00 280.00 129.16 1.0 0.0
160.00 280.00 127.12 1.0 0.0
165.00 280.00 124.82 1.0 0.0
170.00 280.00 122.19 1.0 0.0
175.00 280.00 119.22 1.0 0.0
180.00 280.00 116.16 1.0 0.0
0.00 290.00 119.17 0.0 1.0
5.00 290.00 113.15 0.0 1.0
10.00 290.00 114.43 0.0 1.0
15.00 290.00 121.08 0.0 1.0
20.00 290.00 124.74 0.0 1.0
25.00 290.00 127.42 0.0 1.0
30.00 290.00 130.07 0.0 1.0
35.00 290.00 132.60 0.0 1.0
40.00 290.00 134.60 0.0 1.0
45.00 290.00 135.92 0.5 0.5
50.00 290.00 136.54 0.5 0.5
55.00 290.00 136.55 0.5 0.5
60.00 290.00 136.05 0.5 0.5
65.00 290.00 135.18 0.5 0.5
70.00 290.00 134.12 0.5 0.5
75.00 290.00 133.13 0.5 0.5
80.00 290.00 132.55 0.5 0.5
85.00 290.00 132.64 0.5 0.5
90.00 290.00 133.50 0.5 0.5
95.00 290.00 134.93 0.5 0.5
100.00 290.00 136.63 0.5 0.5
105.00 290.00 138.33 0.5 0.5
110.00 290.00 139.84 0.5 0.5
115.00 290.00 141.05 0.5 0.5
120.00 290.00 141.90 0.5 0.5
125.00 290.00 142.34 0.5 0.5
130.00 290.00 142.35 0.5 0.5
135.00 290.00 141.90 0.5 0.5
140.00 290.00 141.00 1.0 0.0
145.00 290.00 139.64 1.0 0.0
150.00 290.00 137.81 1.0 0.0
155.00 290.00 135.50 1.0 0.0
160.00 290.00 132.69 1.0 0.0
165.00 290.00 129.39 1.0 0.0
170.00 290.00 125.59 1.0 0.0
175.00 290.00 121.17 1.0 0.0
180.00 290.00 116.16 1.0 0.0
0.00 300.00 119.17 0.0 1.0
5.00 300.00 110.06 0.0 1.0
10.00 300.00 120.59 0.0 1.0
15.00 300.00 126.14 0.0 1.0
20.00 300.00 128.90 0.0 1.0
25.00 300.00 130.38 0.0 1.0
30.00 300.00 130.74 0.0 1.0
35.00 300.00 129.42 0.0 1.0
40.00 300.00 128.28 0.0 1.0
45.00 300.00 133.16 0.5 0.5
50.00 300.00 138.09 0.5 0.5
55.00 300.00 141.33 0.5 0.5
60.00 300.00 143.36 0.5 0.5
65.00 300.00 144.56 0.5 0.5
70.00 300.00 145.18 0.5 0.5
75.00 300.00 145.42 0.5 0.5
80.00 300.00 145.42 0.5 0.5
85.00 300.00 145.27 0.5 0.5
90.00 300.00 145.03 0.5 0.5
95.00 300.00 144.70 0.5 0.5
100.00 300.00 144.22 0.5 0.5
105.00 300.00 143.48 0.5 0.5
110.00 300.00 142.29 0.5 0.5
115.00 300.00 140.37 0.5 0.5
120.00 300.00 137.38 0.5 0.5
125.00 300.00 133.95 0.5 0.5
130.00 300.00 134.84 0.5 0.5
135.00 300.00 138.11 0.5 0.5
140.00 300.00 140.15 1.0 0.0
145.00 300.00 140.86 1.0 0.0
150.00 300.00 140.41 1.0 0.0
155.00 300.00 138.90 1.0 0.0
160.00 300.00 136.36 1.0 0.0
165.00 300.00 132.81 1.0 0.0
170.00 300.00 128.30 1.0 0.0
175.00 300.00 122.81 1.0 0.0
180.00 300.00 116.16 1.0 0.0
0.00 310.00 119.17 0.0 1.0
5.00 310.00 111.75 0.0 1.0
10.00 310.00 124.10 0.0 1.0
15.00 310.00 128.30 0.0 1.0
20.00 310.00 128.75 0.0 1.0
25.00 310.00 124.71 0.0 1.0
30.00 310.00 127.19 0.0 1.0
35.00 310.00 136.34 0.0 1.0
40.00 310.00 141.17 0.0 1.0
45.00 310.00 143.64 0.5 0.5
50.00 310.00 144.43 0.5 0.5
55.00 310.00 143.82 0.5 0.5
60.00 310.00 141.96 0.5 0.5
65.00 310.00 138.91 0.5 0.5
70.00 310.00 135.00 0.5 0.5
75.00 310.00 132.18 0.5 0.5
80.00 310.00 132.33 0.5 0.5
85.00 310.00 132.96 0.5 0.5
90.00 310.00 132.56 0.5 0.5
95.00 310.00 130.68 0.5 0.5
100.00 310.00 126.99 0.5 0.5
105.00 310.00 126.80 0.5 0.5
110.00 310.00 132.46 0.5 0.5
115.00 310.00 136.42 0.5 0.5
120.00 310.00 138.57 0.5 0.5
125.00 310.00 139.11 0.5 0.5
130.00 310.00 137.93 0.5 0.5
135.00 310.00 135.04 0.5 0.5
140.00 310.00 134.06 1.0 0.0
145.00 310.00 137.39 1.0 0.0
150.00 310.00 139.60 1.0 0.0
155.00 310.00 139.86 1.0 0.0
160.00 310.00 138.35 1.0 0.0
165.00 310.00 135.17 1.0 0.0
170.00 310.00 130.41 1.0 0.0
175.00 310.00 124.15 1.0 0.0
180.00 310.00 116.16 1.0 0.0
0.00 320.00 119.17 0.0 1.0
5.00 320.00 114.85 0.0 1.0
10.00 320.00 126.02 0.0 1.0
15.00 320.00 128.31 0.0 1.0
20.00 320.00 122.19 0.0 1.0
25.00 320.00 129.02 0.0 1.0
30.00 320.00 138.28 0.0 1.0
35.00 320.00 142.25 0.0 1.0
40.00 320.00 143.28 0.0 1.0
45.00 320.00 141.66 0.5 0.5
50.00 320.00 136.69 0.5 0.5
55.00 320.00 131.48 0.5 0.5
60.00 320.00 137.16 0.5 0.5
65.00 320.00 140.04 0.5 0.5
70.00 320.00 140.98 0.5 0.5
75.00 320.00 141.18 0.5 0.5
80.00 320.00 141.23 0.5 0.5
85.00 320.00 141.25 0.5 0.5
90.00 320.00 141.04 0.5 0.5
95.00 320.00 140.44 0.5 0.5
100.00 320.00 139.38 0.5 0.5
105.00 320.00 137.91 0.5 0.5
110.00 320.00 136.00 0.5 0.5
115.00 320.00 133.02 0.5 0.5
120.00 320.00 127.22 0.5 0.5
125.00 320.00 126.77 0.5 0.5
130.00 320.00 133.08 0.5 0.5
135.00 320.00 135.02 0.5 0.5
140.00 320.00 133.47 1.0 0.0
145.00 320.00 131.66 1.0 0.0
150.00 320.00 136.11 1.0 0.0
155.00 320.00 138.95 1.0 0.0
160.00 320.00 139.01 1.0 0.0
165.00 320.00 136.62 1.0 0.0
170.00 320.00 131.97 1.0 0.0
175.00 320.00 125.21 1.0 0.0
180.00 320.00 116.16 1.0 0.0
0.00 330.00 119.17 0.0 1.0
5.00 330.00 117.03 0.0 1.0
10.00 330.00 126.90 0.0 1.0
15.00 330.00 126.31 0.0 1.0
20.00 330.00 121.81 0.0 1.0
25.00 330.00 136.71 0.0 1.0
30.00 330.00 141.56 0.0 1.0
35.00 330.00 142.32 0.0 1.0
40.00 330.00 139.10 0.0 1.0
45.00 330.00 130.74 0.5 0.5
50.00 330.00 136.11 0.5 0.5
55.00 330.00 139.33 0.5 0.5
60.00 330.00 139.95 0.5 0.5
65.00 330.00 141.57 0.5 0.5
70.00 330.00 144.29 0.5 0.5
75.00 330.00 146.44 0.5 0.5
80.00 330.00 147.72 0.5 0.5
85.00 330.00 148.31 0.5 0.5
90.00 330.00 148.37 0.5 0.5
95.00 330.00 147.98 0.5 0.5
100.00 330.00 147.09 0.5 0.5
105.00 330.00 145.54 0.5 0.5
110.00 330.00 143.09 0.5 0.5
115.00 330.00 139.48 0.5 0.5
120.00 330.00 134.82 0.5 0.5
125.00 330.00 130.34 0.5 0.5
130.00 330.00 128.00 0.5 0.5
135.00 330.00 130.80 0.5 0.5
140.00 330.00 132.78 1.0 0.0
145.00 330.00 130.24 1.0 0.0
150.00 330.00 130.01 1.0 0.0
155.00 330.00 136.59 1.0 0.0
160.00 330.00 138.69 1.0 0.0
165.00 330.00 137.34 1.0 0.0
170.00 330.00 133.02 1.0 0.0
175.00 330.00 125.99 1.0 0.0
180.00 330.00 116.16 1.0 0.0
0.00 340.00 119.17 0.0 1.0
5.00 340.00 118.32 0.0 1.0
10.00 340.00 127.07 0.0 1.0
15.00 340.00 122.06 0.0 1.0
20.00 340.00 130.65 0.0 1.0
25.00 340.00 139.52 0.0 1.0
30.00 340.00 141.83 0.0 1.0
35.00 340.00 139.34 0.0 1.0
40.00 340.00 130.34 0.0 1.0
45.00 340.00 135.67 0.5 0.5
50.00 340.00 138.08 0.5 0.5
55.00 340.00 138.80 0.5 0.5
60.00 340.00 143.05 0.5 0.5
65.00 340.00 146.62 0.5 0.5
70.00 340.00 148.51 0.5 0.5
75.00 340.00 149.23 0.5 0.5
80.00 340.00 149.26 0.5 0.5
85.00 340.00 148.98 0.5 0.5
90.00 340.00 148.70 0.5 0.5
95.00 340.00 148.54 0.5 0.5
100.00 340.00 148.37 0.5 0.5
105.00 340.00 147.94 0.5 0.5
110.00 340.00 146.89 0.5 0.5
115.00 340.00 144.85 0.5 0.5
120.00 340.00 141.32 0.5 0.5
125.00 340.00 135.81 0.5 0.5
130.00 340.00 129.12 0.5 0.5
135.00 340.00 127.46 0.5 0.5
140.00 340.00 130.91 1.0 0.0
145.00 340.00 131.32 1.0 0.0
150.00 340.00 123.98 1.0 0.0
155.00 340.00 132.95 1.0 0.0
160.00 340.00 137.72 1.0 0.0
165.00 340.00 137.50 1.0 0.0
170.00 340.00 133.62 1.0 0.0
175.00 340.00 126.50 1.0 0.0
180.00 340.00 116.16 1.0 0.0
0.00 350.00 119.17 0.0 1.0
5.00 350.00 118.92 0.0 1.0
10.00 350.00 126.81 0.0 1.0
15.00 350.00 114.52 0.0 1.0
20.00 350.00 133.83 0.0 1.0
25.00 350.00 140.37 0.0 1.0
30.00 350.00 140.80 0.0 1.0
35.00 350.00 134.96 0.0 1.0
40.00 350.00 131.80 0.0 1.0
45.00 350.00 136.66 0.5 0.5
50.00 350.00 136.01 0.5 0.5
55.00 350.00 141.12 0.5 0.5
60.00 350.00 145.81 0.5 0.5
65.00 350.00 147.93 0.5 0.5
70.00 350.00 148.31 0.5 0.5
75.00 350.00 147.49 0.5 0.5
80.00 350.00 145.84 0.5 0.5
85.00 350.00 143.97 0.5 0.5
90.00 350.00 143.04 0.5 0.5
95.00 350.00 143.75 0.5 0.5
100.00 350.00 145.13 0.5 0.5
105.00 350.00 146.19 0.5 0.5
110.00 350.00 146.47 0.5 0.5
115.00 350.00 145.68 0.5 0.5
120.00 350.00 143.41 0.5 0.5
125.00 350.00 139.08 0.5 0.5
130.00 350.00 132.15 0.5 0.5
135.00 350.00 125.43 0.5 0.5
140.00 350.00 127.67 1.0 0.0
145.00 350.00 131.05 1.0 0.0
150.00 350.00 126.52 1.0 0.0
155.00 350.00 128.13 1.0 0.0
160.00 350.00 136.43 1.0 0.0
165.00 350.00 137.29 1.0 0.0
170.00 350.00 133.83 1.0 0.0
175.00 350.00 126.73 1.0 0.0
180.00 350.00 116.16 1.0 0.0
0.00 360.00 119.17 0.0 1.0
5.00 360.00 118.93 0.0 1.0
10.00 360.00 126.31 0.0 1.0
15.00 360.00 105.38 0.0 1.0
20.00 360.00 134.84 0.0 1.0
25.00 360.00 140.30 0.0 1.0
30.00 360.00 139.61 0.0 1.0
35.00 360.00 131.52 0.0 1.0
40.00 360.00 133.29 0.0 1.0
45.00 360.00 135.22 0.5 0.5
50.00 360.00 134.21 0.5 0.5
55.00 360.00 141.77 0.5 0.5
60.00 360.00 145.84 0.5 0.5
65.00 360.00 147.20 0.5 0.5
70.00 360.00 146.77 0.5 0.5
75.00 360.00 144.87 0.5 0.5
80.00 360.00 141.30 0.5 0.5
85.00 360.00 134.65 0.5 0.5
90.00 360.00 127.60 0.5 0.5
95.00 360.00 137.34 0.5 0.5
100.00 360.00 141.81 0.5 0.5
105.00 360.00 144.18 0.5 0.5
110.00 360.00 145.22 0.5 0.5
115.00 360.00 144.97 0.5 0.5
120.00 360.00 143.15 0.5 0.5
125.00 360.00 139.17 0.5 0.5
130.00 360.00 132.63 0.5 0.5
135.00 360.00 127.06 0.5 0.5
140.00 360.00 124.42 1.0 0.0
145.00 360.00 129.71 1.0 0.0
150.00 360.00 128.18 1.0 0.0
155.00 360.00 122.73 1.0 0.0
160.00 360.00 135.18 1.0 0.0
165.00 360.00 136.83 1.0 0.0
170.00 360.00 133.70 1.0 0.0
175.00 360.00 126.70 1.0 0.0
180.00 360.00 116.16 1.0 0.0
0.00 370.00 119.17 0.0 1.0
5.00 370.00 118.37 0.0 1.0
10.00 370.00 125.72 0.0 1.0
15.00 370.00 107.20 0.0 1.0
20.00 370.00 134.49 0.0 1.0
25.00 370.00 139.74 0.0 1.0
30.00 370.00 138.95 0.0 1.0
35.00 370.00 130.83 0.0 1.0
40.00 370.00 132.19 0.0 1.0
45.00 370.00 134.07 0.5 0.5
50.00 370.00 129.99 0.5 0.5
55.00 370.00 139.19 0.5 0.5
60.00 370.00 143.92 0.5 0.5
65.00 370.00 145.66 0.5 0.5
70.00 370.00 145.66 0.5 0.5
75.00 370.00 144.50 0.5 0.5
80.00 370.00 142.61 0.5 0.5
85.00 370.00 140.70 0.5 0.5
90.00 370.00 140.07 0.5 0.5
95.00 370.00 141.15 0.5 0.5
100.00 370.00 142.74 0.5 0.5
105.00 370.00 143.95 0.5 0.5
110.00 370.00 144.37 0.5 0.5
115.00 370.00 143.67 0.5 0.5
120.00 370.00 141.33 0.5 0.5
125.00 370.00 136.58 0.5 0.5
130.00 370.00 130.46 0.5 0.5
135.00 370.00 128.72 0.5 0.5
140.00 370.00 123.05 1.0 0.0
145.00 370.00 128.54 1.0 0.0
150.00 370.00 128.38 1.0 0.0
155.00 370.00 119.47 1.0 0.0
160.00 370.00 134.28 1.0 0.0
165.00 370.00 136.24 1.0 0.0
170.00 370.00 133.24 1.0 0.0
175.00 370.00 126.40 1.0 0.0
180.00 370.00 116.16 1.0 0.0
0.00 380.00 119.17 0.0 1.0
5.00 380.00 117.19 0.0 1.0
10.00 380.00 125.02 0.0 1.0
15.00 380.00 110.08 0.0 1.0
20.00 380.00 132.90 0.0 1.0
25.00 380.00 138.71 0.0 1.0
30.00 380.00 138.78 0.0 1.0
35.00 380.00 132.93 0.0 1.0
40.00 380.00 127.87 0.0 1.0
45.00 380.00 133.31 0.5 0.5
50.00 380.00 129.44 0.5 0.5
55.00 380.00 129.78 0.5 0.5
60.00 380.00 138.55 0.5 0.5
65.00 380.00 142.13 0.5 0.5
70.00 380.00 143.56 0.5 0.5
75.00 380.00 143.88 0.5 0.5
80.00 380.00 143.65 0.5 0.5
85.00 380.00 143.31 0.5 0.5
90.00 380.00 143.13 0.5 0.5
95.00 380.00 143.20 0.5 0.5
100.00 380.00 143.34 0.5 0.5
105.00 380.00 143.23 0.5 0.5
110.00 380.00 142.45 0.5 0.5
115.00 380.00 140.46 0.5 0.5
120.00 380.00 136.40 0.5 0.5
125.00 380.00 129.90 0.5 0.5
130.00 380.00 129.81 0.5 0.5
135.00 380.00 128.89 0.5 0.5
140.00 380.00 120.06 1.0 0.0
145.00 380.00 128.79 1.0 0.0
150.00 380.00 127.63 1.0 0.0
155.00 380.00 121.12 1.0 0.0
160.00 380.00 133.87 1.0 0.0
165.00 380.00 135.51 1.0 0.0
170.00 380.00 132.45 1.0 0.0
175.00 380.00 125.83 1.0 0.0
180.00 380.00 116.16 1.0 0.0
0.00 390.00 119.17 0.0 1.0
5.00 390.00 115.19 0.0 1.0
10.00 390.00 124.07 0.0 1.0
15.00 390.00 116.01 0.0 1.0
20.00 390.00 129.74 0.0 1.0
25.00 390.00 136.88 0.0 1.0
30.00 390.00 138.40 0.0 1.0
35.00 390.00 135.70 0.0 1.0
40.00 390.00 126.61 0.0 1.0
45.00 390.00 128.19 0.5 0.5
50.00 390.00 131.77 0.5 0.5
55.00 390.00 129.01 0.5 0.5
60.00 390.00 114.89 0.5 0.5
65.00 390.00 130.13 0.5 0.5
70.00 390.00 135.63 0.5 0.5
75.00 390.00 138.21 0.5 0.5
80.00 390.00 139.52 0.5 0.5
85.00 390.00 140.13 0.5 0.5
90.00 390.00 140.30 0.5 0.5
95.00 390.00 140.09 0.5 0.5
100.00 390.00 139.40 0.5 0.5
105.00 390.00 137.94 0.5 0.5
110.00 390.00 135.10 0.5 0.5
115.00 390.00 129.49 0.5 0.5
120.00 390.00 124.47 0.5 0.5
125.00 390.00 129.87 0.5 0.5
130.00 390.00 130.38 0.5 0.5
135.00 390.00 123.73 0.5 0.5
140.00 390.00 124.35 1.0 0.0
145.00 390.00 129.82 1.0 0.0
150.00 390.00 124.79 1.0 0.0
155.00 390.00 125.22 1.0 0.0
160.00 390.00 133.77 1.0 0.0
165.00 390.00 134.57 1.0 0.0
170.00 390.00 131.31 1.0 0.0
175.00 390.00 124.99 1.0 0.0
180.00 390.00 116.16 1.0 0.0
0.00 400.00 119.17 0.0 1.0
5.00 400.00 111.99 0.0 1.0
10.00 400.00 122.55 0.0 1.0
15.00 400.00 119.53 0.0 1.0
20.00 400.00 124.20 0.0 1.0
25.00 400.00 133.67 0.0 1.0
30.00 400.00 136.85 0.0 1.0
35.00 400.00 136.74 0.0 1.0
40.00 400.00 133.74 0.0 1.0
45.00 400.00 126.46 0.5 0.5
50.00 400.00 119.94 0.5 0.5
55.00 400.00 127.82 0.5 0.5
60.00 400.00 129.91 0.5 0.5
65.00 400.00 129.50 0.5 0.5
70.00 400.00 127.34 0.5 0.5
75.00 400.00 123.37 0.5 0.5
80.00 400.00 116.91 0.5 0.5
85.00 400.00 109.80 0.5 0.5
90.00 400.00 110.95 0.5 0.5
95.00 400.00 110.62 0.5 0.5
100.00 400.00 117.12 0.5 0.5
105.00 400.00 124.00 0.5 0.5
110.00 400.00 128.35 0.5 0.5
115.00 400.00 130.74 0.5 0.5
120.00 400.00 131.18 0.5 0.5
125.00 400.00 128.91 0.5 0.5
130.00 400.00 120.69 0.5 0.5
135.00 400.00 124.69 0.5 0.5
140.00 400.00 130.04 1.0 0.0
145.00 400.00 128.89 1.0 0.0
150.00 400.00 111.31 1.0 0.0
155.00 400.00 129.01 1.0 0.0
160.00 400.00 133.58 1.0 0.0
165.00 400.00 133.25 1.0 0.0
170.00 400.00 129.73 1.0 0.0
175.00 400.00 123.89 1.0 0.0
180.00 400.00 116.16 1.0 0.0
0.00 410.00 119.17 0.0 1.0
5.00 410.00 107.47 0.0 1.0
10.00 410.00 119.95 0.0 1.0
15.00 410.00 120.43 0.0 1.0
20.00 410.00 115.27 0.0 1.0
25.00 410.00 128.30 0.0 1.0
30.00 410.00 133.39 0.0 1.0
35.00 410.00 135.20 0.0 1.0
40.00 410.00 135.04 0.0 1.0
45.00 410.00 133.44 0.5 0.5
50.00 410.00 130.58 0.5 0.5
55.00 410.00 126.11 0.5 0.5
60.00 410.00 117.88 0.5 0.5
65.00 410.00 111.76 0.5 0.5
70.00 410.00 121.84 0.5 0.5
75.00 410.00 125.64 0.5 0.5
80.00 410.00 127.62 0.5 0.5
85.00 410.00 128.73 0.5 0.5
90.00 410.00 129.33 0.5 0.5
95.00 410.00 129.53 0.5 0.5
100.00 410.00 129.29 0.5 0.5
105.00 410.00 128.35 0.5 0.5
110.00 410.00 126.15 0.5 0.5
115.00 410.00 121.51 0.5 0.5
120.00 410.00 119.64 0.5 0.5
125.00 410.00 126.54 0.5 0.5
130.00 410.00 130.28 0.5 0.5
135.00 410.00 131.31 0.5 0.5
140.00 410.00 129.31 1.0 0.0
145.00 410.00 120.37 1.0 0.0
150.00 410.00 124.30 1.0 0.0
155.00 410.00 131.20 1.0 0.0
160.00 410.00 132.70 1.0 0.0
165.00 410.00 131.26 1.0 0.0
170.00 410.00 127.64 1.0 0.0
175.00 410.00 122.54 1.0 0.0
180.00 410.00 116.16 1.0 0.0
0.00 420.00 119.17 0.0 1.0
5.00 420.00 107.80 0.0 1.0
10.00 420.00 115.09 0.0 1.0
15.00 420.00 118.60 0.0 1.0
20.00 420.00 114.19 0.0 1.0
25.00 420.00 119.01 0.0 1.0
30.00 420.00 127.12 0.0 1.0
35.00 420.00 130.86 0.0 1.0
40.00 420.00 132.50 0.0 1.0
45.00 420.00 132.89 0.5 0.5
50.00 420.00 132.51 0.5 0.5
55.00 420.00 131.72 0.5 0.5
60.00 420.00 130.78 0.5 0.5
65.00 420.00 129.85 0.5 0.5
70.00 420.00 128.98 0.5 0.5
75.00 420.00 128.21 0.5 0.5
80.00 420.00 127.58 0.5 0.5
85.00 420.00 127.22 0.5 0.5
90.00 420.00 127.24 0.5 0.5
95.00 420.00 127.72 0.5 0.5
100.00 420.00 128.61 0.5 0.5
105.00 420.00 129.72 0.5 0.5
110.00 420.00 130.80 0.5 0.5
115.00 420.00 131.62 0.5 0.5
120.00 420.00 131.90 0.5 0.5
125.00 420.00 131.36 0.5 0.5
130.00 420.00 129.51 0.5 0.5
135.00 420.00 125.33 0.5 0.5
140.00 420.00 118.71 1.0 0.0
145.00 420.00 125.16 1.0 0.0
150.00 420.00 129.55 1.0 0.0
155.00 420.00 131.02 1.0 0.0
160.00 420.00 130.46 1.0 0.0
165.00 420.00 128.29 1.0 0.0
170.00 420.00 124.95 1.0 0.0
175.00 420.00 120.94 1.0 0.0
180.00 420.00 116.16 1.0 0.0
0.00 430.00 119.17 0.0 1.0
5.00 430.00 112.72 0.0 1.0
10.00 430.00 104.61 0.0 1.0
15.00 430.00 112.02 0.0 1.0
20.00 430.00 112.83 0.0 1.0
25.00 430.00 105.78 0.0 1.0
30.00 430.00 113.11 0.0 1.0
35.00 430.00 120.88 0.0 1.0
40.00 430.00 124.82 0.0 1.0
45.00 430.00 127.09 0.5 0.5
50.00 430.00 128.44 0.5 0.5
55.00 430.00 129.22 0.5 0.5
60.00 430.00 129.60 0.5 0.5
65.00 430.00 129.73 0.5 0.5
70.00 430.00 129.71 0.5 0.5
75.00 430.00 129.63 0.5 0.5
80.00 430.00 129.54 0.5 0.5
85.00 430.00 129.48 0.5 0.5
90.00 430.00 129.42 0.5 0.5
95.00 430.00 129.33 0.5 0.5
100.00 430.00 129.12 0.5 0.5
105.00 430.00 128.69 0.5 0.5
110.00 430.00 127.91 0.5 0.5
115.00 430.00 126.68 0.5 0.5
120.00 430.00 124.99 0.5 0.5
125.00 430.00 123.37 0.5 0.5
130.00 430.00 123.32 0.5 0.5
135.00 430.00 124.99 0.5 0.5
140.00 430.00 126.79 1.0 0.0
145.00 430.00 127.89 1.0 0.0
150.00 430.00 128.13 1.0 0.0
155.00 430.00 127.49 1.0 0.0
160.00 430.00 126.03 1.0 0.0
165.00 430.00 123.99 1.0 0.0
170.00 430.00 121.66 1.0 0.0
175.00 430.00 119.13 1.0 0.0
180.00 430.00 116.16 1.0 0.0
0.00 440.00 119.17 0.0 1.0
5.00 440.00 116.30 0.0 1.0
10.00 440.00 112.62 0.0 1.0
15.00 440.00 107.59 0.0 1.0
20.00 440.00 101.88 0.0 1.0
25.00 440.00 101.28 0.0 1.0
30.00 440.00 101.84 0.0 1.0
35.00 440.00 99.88 0.0 1.0
40.00 440.00 98.49 0.0 1.0
45.00 440.00 104.15 0.5 0.5
50.00 440.00 109.32 0.5 0.5
55.00 440.00 112.94 0.5 0.5
60.00 440.00 115.51 0.5 0.5
65.00 440.00 117.31 0.5 0.5
70.00 440.00 118.50 0.5 0.5
75.00 440.00 119.22 0.5 0.5
80.00 440.00 119.54 0.5 0.5
85.00 440.00 119.53 0.5 0.5
90.00 440.00 119.23 0.5 0.5
95.00 440.00 118.70 0.5 0.5
100.00 440.00 118.00 0.5 0.5
105.00 440.00 117.29 0.5 0.5
110.00 440.00 116.78 0.5 0.5
115.00 440.00 116.68 0.5 0.5
120.00 440.00 117.04 0.5 0.5
125.00 440.00 117.68 0.5 0.5
130.00 440.00 118.36 0.5 0.5
135.00 440.00 118.92 0.5 0.5
140.00 440.00 119.26 1.0 0.0
145.00 440.00 119.36 1.0 0.0
150.00 440.00 119.25 1.0 0.0
155.00 440.00 119.03 1.0 0.0
160.00 440.00 118.75 1.0 0.0
165.00 440.00 118.41 1.0 0.0
170.00 440.00 117.92 1.0 0.0
175.00 440.00 117.20 1.0 0.0
180.00 440.00 116.16 1.0 0.0
0.00 450.00 119.17 0.0 1.0
5.00 450.00 118.75 0.0 1.0
10.00 450.00 118.23 0.0 1.0
15.00 450.00 117.48 0.0 1.0
20.00 450.00 116.37 0.0 1.0
25.00 450.00 114.85 0.0 1.0
30.00 450.00 112.90 0.0 1.0
35.00 450.00 110.59 0.0 1.0
40.00 450.00 108.17 0.0 1.0
45.00 450.00 105.99 0.5 0.5
50.00 450.00 104.39 0.5 0.5
55.00 450.00 103.29 0.5 0.5
60.00 450.00 102.38 0.5 0.5
65.00 450.00 101.38 0.5 0.5
70.00 450.00 100.13 0.5 0.5
75.00 450.00 98.54 0.5 0.5
80.00 450.00 96.43 0.5 0.5
85.00 450.00 93.39 0.5 0.5
90.00 450.00 88.36 0.5 0.5
95.00 450.00 80.84 0.5 0.5
100.00 450.00 88.63 0.5 0.5
105.00 450.00 94.25 0.5 0.5
110.00 450.00 97.65 0.5 0.5
115.00 450.00 99.87 0.5 0.5
120.00 450.00 101.30 0.5 0.5
125.00 450.00 102.13 0.5 0.5
130.00 450.00 102.60 0.5 0.5
135.00 450.00 103.18 0.5 0.5
140.00 450.00 104.49 1.0 0.0
145.00 450.00 106.52 1.0 0.0
150.00 450.00 108.74 1.0 0.0
155.00 450.00 110.72 1.0 0.0
160.00 450.00 112.32 1.0 0.0
165.00 450.00 113.56 1.0 0.0
170.00 450.00 114.53 1.0 0.0
175.00 450.00 115.35 1.0 0.0
180.00 450.00 116.16 1.0 0.0
0.00 460.00 119.17 0.0 1.0
5.00 460.00 120.51 0.0 1.0
10.00 460.00 121.06 0.0 1.0
15.00 460.00 120.97 0.0 1.0
20.00 460.00 120.36 0.0 1.0
25.00 460.00 119.26 0.0 1.0
30.00 460.00 117.80 0.0 1.0
35.00 460.00 116.34 0.0 1.0
40.00 460.00 115.50 0.0 1.0
45.00 460.00 115.57 0.5 0.5
50.00 460.00 116.15 0.5 0.5
55.00 460.00 116.81 0.5 0.5
60.00 460.00 117.36 0.5 0.5
65.00 460.00 117.75 0.5 0.5
70.00 460.00 117.95 0.5 0.5
75.00 460.00 117.97 0.5 0.5
80.00 460.00 117.82 0.5 0.5
85.00 460.00 117.55 0.5 0.5
90.00 460.00 117.20 0.5 0.5
95.00 460.00 116.83 0.5 0.5
100.00 460.00 116.51 0.5 0.5
105.00 460.00 116.25 0.5 0.5
110.00 460.00 116.06 0.5 0.5
115.00 460.00 115.89 0.5 0.5
120.00 460.00 115.62 0.5 0.5
125.00 460.00 115.12 0.5 0.5
130.00 460.00 114.16 0.5 0.5
135.00 460.00 112.45 0.5 0.5
140.00 460.00 109.62 1.0 0.0
145.00 460.00 106.20 1.0 0.0
150.00 460.00 107.22 1.0 0.0
155.00 460.00 110.77 1.0 0.0
160.00 460.00 112.97 1.0 0.0
165.00 460.00 113.77 1.0 0.0
170.00 460.00 113.71 1.0 0.0
175.00 460.00 114.06 1.0 0.0
180.00 460.00 116.16 1.0 0.0
0.00 470.00 119.17 0.0 1.0
5.00 470.00 121.84 0.0 1.0
10.00 470.00 122.81 0.0 1.0
15.00 470.00 122.89 0.0 1.0
20.00 470.00 122.66 0.0 1.0
25.00 470.00 122.85 0.0 1.0
30.00 470.00 123.75 0.0 1.0
35.00 470.00 124.78 0.0 1.0
40.00 470.00 125.51 0.0 1.0
45.00 470.00 125.94 0.5 0.5
50.00 470.00 126.16 0.5 0.5
55.00 470.00 126.24 0.5 0.5
60.00 470.00 126.24 0.5 0.5
65.00 470.00 126.23 0.5 0.5
70.00 470.00 126.29 0.5 0.5
75.00 470.00 126.47 0.5 0.5
80.00 470.00 126.78 0.5 0.5
85.00 470.00 127.17 0.5 0.5
90.00 470.00 127.60 0.5 0.5
95.00 470.00 128.06 0.5 0.5
100.00 470.00 128.52 0.5 0.5
105.00 470.00 129.00 0.5 0.5
110.00 470.00 129.46 0.5 0.5
115.00 470.00 129.86 0.5 0.5
120.00 470.00 130.14 0.5 0.5
125.00 470.00 130.18 0.5 0.5
130.00 470.00 129.85 0.5 0.5
135.00 470.00 129.01 0.5 0.5
140.00 470.00 127.53 1.0 0.0
145.00 470.00 125.35 1.0 0.0
150.00 470.00 122.70 1.0 0.0
155.00 470.00 120.41 1.0 0.0
160.00 470.00 119.20 1.0 0.0
165.00 470.00 118.23 1.0 0.0
170.00 470.00 116.34 1.0 0.0
175.00 470.00 113.97 1.0 0.0
180.00 470.00 116.16 1.0 0.0
0.00 480.00 119.17 0.0 1.0
5.00 480.00 122.88 0.0 1.0
10.00 480.00 124.29 0.0 1.0
15.00 480.00 125.33 0.0 1.0
20.00 480.00 127.04 0.0 1.0
25.00 480.00 128.98 0.0 1.0
30.00 480.00 130.33 0.0 1.0
35.00 480.00 131.03 0.0 1.0
40.00 480.00 131.37 0.0 1.0
45.00 480.00 131.53 0.5 0.5
50.00 480.00 131.50 0.5 0.5
55.00 480.00 131.24 0.5 0.5
60.00 480.00 130.78 0.5 0.5
65.00 480.00 130.17 0.5 0.5
70.00 480.00 129.44 0.5 0.5
75.00 480.00 128.63 0.5 0.5
80.00 480.00 127.81 0.5 0.5
85.00 480.00 127.08 0.5 0.5
90.00 480.00 126.54 0.5 0.5
95.00 480.00 126.24 0.5 0.5
100.00 480.00 126.17 0.5 0.5
105.00 480.00 126.23 0.5 0.5
110.00 480.00 126.30 0.5 0.5
115.00 480.00 126.39 0.5 0.5
120.00 480.00 126.73 0.5 0.5
125.00 480.00 127.69 0.5 0.5
130.00 480.00 129.18 0.5 0.5
135.00 480.00 130.56 0.5 0.5
140.00 480.00 131.29 1.0 0.0
145.00 480.00 131.07 1.0 0.0
150.00 480.00 129.89 1.0 0.0
155.00 480.00 127.95 1.0 0.0
160.00 480.00 125.68 1.0 0.0
165.00 480.00 123.23 1.0 0.0
170.00 480.00 119.93 1.0 0.0
175.00 480.00 115.09 1.0 0.0
180.00 480.00 116.16 1.0 0.0
0.00 490.00 119.17 0.0 1.0
5.00 490.00 123.76 0.0 1.0
10.00 490.00 125.92 0.0 1.0
15.00 490.00 128.63 0.0 1.0
20.00 490.00 131.60 0.0 1.0
25.00 490.00 133.58 0.0 1.0
30.00 490.00 134.36 0.0 1.0
35.00 490.00 134.22 0.0 1.0
40.00 490.00 133.33 0.0 1.0
45.00 490.00 131.45 0.5 0.5
50.00 490.00 128.13 0.5 0.5
55.00 490.00 122.83 0.5 0.5
60.00 490.00 119.22 0.5 0.5
65.00 490.00 123.18 0.5 0.5
70.00 490.00 126.17 0.5 0.5
75.00 490.00 127.74 0.5 0.5
80.00 490.00 128.45 0.5 0.5
85.00 490.00 128.61 0.5 0.5
90.00 490.00 128.34 0.5 0.5
95.00 490.00 127.69 0.5 0.5
100.00 490.00 126.64 0.5 0.5
105.00 490.00 125.28 0.5 0.5
110.00 490.00 124.26 0.5 0.5
115.00 490.00 124.75 0.5 0.5
120.00 490.00 126.19 0.5 0.5
125.00 490.00 126.84 0.5 0.5
130.00 490.00 125.44 0.5 0.5
135.00 490.00 120.48 0.5 0.5
140.00 490.00 121.37 1.0 0.0
145.00 490.00 127.68 1.0 0.0
150.00 490.00 130.31 1.0 0.0
155.00 490.00 130.65 1.0 0.0
160.00 490.00 129.45 1.0 0.0
165.00 490.00 127.01 1.0 0.0
170.00 490.00 123.09 1.0 0.0
175.00 490.00 116.73 1.0 0.0
180.00 490.00 116.16 1.0 0.0
0.00 500.00 119.17 0.0 1.0
5.00 500.00 124.52 0.0 1.0
10.00 500.00 127.74 0.0 1.0
15.00 500.00 131.76 0.0 1.0
20.00 500.00 134.87 0.0 1.0
25.00 500.00 136.06 0.0 1.0
30.00 500.00 135.36 0.0 1.0
35.00 500.00 132.76 0.0 1.0
40.00 500.00 127.54 0.0 1.0
45.00 500.00 123.86 0.5 0.5
50.00 500.00 129.33 0.5 0.5
55.00 500.00 132.18 0.5 0.5
60.00 500.00 132.99 0.5 0.5
65.00 500.00 132.59 0.5 0.5
70.00 500.00 131.48 0.5 0.5
75.00 500.00 130.11 0.5 0.5
80.00 500.00 128.90 0.5 0.5
85.00 500.00 128.25 0.5 0.5
90.00 500.00 128.31 0.5 0.5
95.00 500.00 128.90 0.5 0.5
100.00 500.00 129.71 0.5 0.5
105.00 500.00 130.31 0.5 0.5
110.00 500.00 130.24 0.5 0.5
115.00 500.00 128.93 0.5 0.5
120.00 500.00 125.72 0.5 0.5
125.00 500.00 124.14 0.5 0.5
130.00 500.00 128.43 0.5 0.5
135.00 500.00 130.66 0.5 0.5
140.00 500.00 129.44 1.0 0.0
145.00 500.00 121.98 1.0 0.0
150.00 500.00 120.36 1.0 0.0
155.00 500.00 128.84 1.0 0.0
160.00 500.00 130.59 1.0 0.0
165.00 500.00 129.35 1.0 0.0
170.00 500.00 125.52 1.0 0.0
175.00 500.00 118.34 1.0 0.0
180.00 500.00 116.16 1.0 0.0
0.00 510.00 119.17 0.0 1.0
5.00 510.00 125.20 0.0 1.0
10.00 510.00 129.49 0.0 1.0
15.00 510.00 134.19 0.0 1.0
20.00 510.00 136.83 0.0 1.0
25.00 510.00 136.62 0.0 1.0
30.00 510.00 133.09 0.0 1.0
35.00 510.00 125.96 0.0 1.0
40.00 510.00 129.96 0.0 1.0
45.00 510.00 133.86 0.5 0.5
50.00 510.00 134.76 0.5 0.5
55.00 510.00 133.67 0.5 0.5
60.00 510.00 131.07 0.5 0.5
65.00 510.00 127.80 0.5 0.5
70.00 510.00 125.97 0.5 0.5
75.00 510.00 126.17 0.5 0.5
80.00 510.00 126.55 0.5 0.5
85.00 510.00 126.33 0.5 0.5
90.00 510.00 125.47 0.5 0.5
95.00 510.00 124.30 0.5 0.5
100.00 510.00 124.49 0.5 0.5
105.00 510.00 127.40 0.5 0.5
110.00 510.00 130.76 0.5 0.5
115.00 510.00 133.04 0.5 0.5
120.00 510.00 133.69 0.5 0.5
125.00 510.00 131.97 0.5 0.5
130.00 510.00 125.83 0.5 0.5
135.00 510.00 126.09 0.5 0.5
140.00 510.00 132.04 1.0 0.0
145.00 510.00 132.40 1.0 0.0
150.00 510.00 126.73 1.0 0.0
155.00 510.00 117.96 1.0 0.0
160.00 510.00 129.35 1.0 0.0
165.00 510.00 130.43 1.0 0.0
170.00 510.00 127.25 1.0 0.0
175.00 510.00 119.68 1.0 0.0
180.00 510.00 116.16 1.0 0.0
0.00 520.00 119.17 0.0 1.0
5.00 520.00 125.77 0.0 1.0
10.00 520.00 130.97 0.0 1.0
15.00 520.00 135.88 0.0 1.0
20.00 520.00 137.81 0.0 1.0
25.00 520.00 135.72 0.0 1.0
30.00 520.00 127.62 0.0 1.0
35.00 520.00 131.05 0.0 1.0
40.00 520.00 135.16 0.0 1.0
45.00 520.00 135.42 0.5 0.5
50.00 520.00 133.79 0.5 0.5
55.00 520.00 131.40 0.5 0.5
60.00 520.00 129.26 0.5 0.5
65.00 520.00 127.76 0.5 0.5
70.00 520.00 126.60 0.5 0.5
75.00 520.00 125.93 0.5 0.5
80.00 520.00 126.14 0.5 0.5
85.00 520.00 126.98 0.5 0.5
90.00 520.00 127.79 0.5 0.5
95.00 520.00 128.04 0.5 0.5
100.00 520.00 127.12 0.5 0.5
105.00 520.00 123.64 0.5 0.5
110.00 520.00 117.74 0.5 0.5
115.00 520.00 127.89 0.5 0.5
120.00 520.00 133.42 0.5 0.5
125.00 520.00 135.62 0.5 0.5
130.00 520.00 134.65 0.5 0.5
135.00 520.00 128.25 0.5 0.5
140.00 520.00 127.22 1.0 0.0
145.00 520.00 133.93 1.0 0.0
150.00 520.00 133.42 1.0 0.0
155.00 520.00 124.19 1.0 0.0
160.00 520.00 125.56 1.0 0.0
165.00 520.00 130.59 1.0 0.0
170.00 520.00 128.37 1.0 0.0
175.00 520.00 120.67 1.0 0.0
180.00 520.00 116.16 1.0 0.0
0.00 530.00 119.17 0.0 1.0
5.00 530.00 126.22 0.0 1.0
10.00 530.00 132.07 0.0 1.0
15.00 530.00 136.99 0.0 1.0
20.00 530.00 138.22 0.0 1.0
25.00 530.00 134.11 0.0 1.0
30.00 530.00 126.69 0.0 1.0
35.00 530.00 135.05 0.0 1.0
40.00 530.00 136.15 0.0 1.0
45.00 530.00 134.45 0.5 0.5
50.00 530.00 133.20 0.5 0.5
55.00 530.00 132.01 0.5 0.5
60.00 530.00 128.30 0.5 0.5
65.00 530.00 119.93 0.5 0.5
70.00 530.00 123.38 0.5 0.5
75.00 530.00 127.90 0.5 0.5
80.00 530.00 129.42 0.5 0.5
85.00 530.00 129.83 0.5 0.5
90.00 530.00 130.31 0.5 0.5
95.00 530.00 131.44 0.5 0.5
100.00 530.00 132.75 0.5 0.5
105.00 530.00 133.37 0.5 0.5
110.00 530.00 132.51 0.5 0.5
115.00 530.00 129.44 0.5 0.5
120.00 530.00 129.61 0.5 0.5
125.00 530.00 134.76 0.5 0.5
130.00 530.00 136.79 0.5 0.5
135.00 530.00 134.52 0.5 0.5
140.00 530.00 123.19 1.0 0.0
145.00 530.00 133.07 1.0 0.0
150.00 530.00 135.78 1.0 0.0
155.00 530.00 131.16 1.0 0.0
160.00 530.00 118.04 1.0 0.0
165.00 530.00 130.22 1.0 0.0
170.00 530.00 129.00 1.0 0.0
175.00 530.00 121.31 1.0 0.0
180.00 530.00 116.16 1.0 0.0
0.00 540.00 119.17 0.0 1.0
5.00 540.00 126.52 0.0 1.0
10.00 540.00 132.76 0.0 1.0
15.00 540.00 137.66 0.0 1.0
20.00 540.00 138.48 0.0 1.0
25.00 540.00 132.91 0.0 1.0
30.00 540.00 129.83 0.0 1.0
35.00 540.00 136.51 0.0 1.0
40.00 540.00 135.98 0.0 1.0
45.00 540.00 133.71 0.5 0.5
50.00 540.00 134.12 0.5 0.5
55.00 540.00 133.33 0.5 0.5
60.00 540.00 131.51 0.5 0.5
65.00 540.00 133.40 0.5 0.5
70.00 540.00 135.63 0.5 0.5
75.00 540.00 136.09 0.5 0.5
80.00 540.00 134.82 0.5 0.5
85.00 540.00 131.66 0.5 0.5
90.00 540.00 126.62 0.5 0.5
95.00 540.00 128.58 0.5 0.5
100.00 540.00 133.66 0.5 0.5
105.00 540.00 136.50 0.5 0.5
110.00 540.00 137.43 0.5 0.5
115.00 540.00 136.32 0.5 0.5
120.00 540.00 133.43 0.5 0.5
125.00 540.00 134.44 0.5 0.5
130.00 540.00 137.39 0.5 0.5
135.00 540.00 136.52 0.5 0.5
140.00 540.00 127.37 1.0 0.0
145.00 540.00 132.68 1.0 0.0
150.00 540.00 137.06 1.0 0.0
155.00 540.00 133.89 1.0 0.0
160.00 540.00 111.18 1.0 0.0
165.00 540.00 129.74 1.0 0.0
170.00 540.00 129.25 1.0 0.0
175.00 540.00 121.58 1.0 0.0
180.00 540.00 116.16 1.0 0.0
0.00 550.00 119.17 0.0 1.0
5.00 550.00 126.64 0.0 1.0
10.00 550.00 133.04 0.0 1.0
15.00 550.00 137.99 0.0 1.0
20.00 550.00 138.86 0.0 1.0
25.00 550.00 133.27 0.0 1.0
30.00 550.00 130.32 0.0 1.0
35.00 550.00 137.03 0.0 1.0
40.00 550.00 136.16 0.0 1.0
45.00 550.00 133.42 0.5 0.5
50.00 550.00 134.87 0.5 0.5
55.00 550.00 135.47 0.5 0.5
60.00 550.00 136.21 0.5 0.5
65.00 550.00 138.64 0.5 0.5
70.00 550.00 140.44 0.5 0.5
75.00 550.00 140.93 0.5 0.5
80.00 550.00 140.32 0.5 0.5
85.00 550.00 139.05 0.5 0.5
90.00 550.00 137.97 0.5 0.5
95.00 550.00 138.26 0.5 0.5
100.00 550.00 139.63 0.5 0.5
105.00 550.00 140.80 0.5 0.5
110.00 550.00 140.95 0.5 0.5
115.00 550.00 139.58 0.5 0.5
120.00 550.00 136.83 0.5 0.5
125.00 550.00 136.62 0.5 0.5
130.00 550.00 138.44 0.5 0.5
135.00 550.00 136.79 0.5 0.5
140.00 550.00 125.36 1.0 0.0
145.00 550.00 134.62 1.0 0.0
150.00 550.00 138.21 1.0 0.0
155.00 550.00 134.87 1.0 0.0
160.00 550.00 112.84 1.0 0.0
165.00 550.00 129.54 1.0 0.0
170.00 550.00 129.20 1.0 0.0
175.00 550.00 121.48 1.0 0.0
180.00 550.00 116.16 1.0 0.0
0.00 560.00 119.17 0.0 1.0
5.00 560.00 126.58 0.0 1.0
10.00 560.00 132.92 0.0 1.0
15.00 560.00 138.00 0.0 1.0
20.00 560.00 139.37 0.0 1.0
25.00 560.00 135.25 0.0 1.0
30.00 560.00 127.93 0.0 1.0
35.00 560.00 136.81 0.0 1.0
40.00 560.00 137.17 0.0 1.0
45.00 560.00 133.74 0.5 0.5
50.00 560.00 134.50 0.5 0.5
55.00 560.00 136.71 0.5 0.5
60.00 560.00 137.91 0.5 0.5
65.00 560.00 139.92 0.5 0.5
70.00 560.00 142.07 0.5 0.5
75.00 560.00 143.47 0.5 0.5
80.00 560.00 144.11 0.5 0.5
85.00 560.00 144.29 0.5 0.5
90.00 560.00 144.30 0.5 0.5
95.00 560.00 144.30 0.5 0.5
100.00 560.00 144.20 0.5 0.5
105.00 560.00 143.70 0.5 0.5
110.00 560.00 142.42 0.5 0.5
115.00 560.00 140.23 0.5 0.5
120.00 560.00 138.66 0.5 0.5
125.00 560.00 139.34 0.5 0.5
130.00 560.00 139.02 0.5 0.5
135.00 560.00 133.84 0.5 0.5
140.00 560.00 127.65 1.0 0.0
145.00 560.00 137.97 1.0 0.0
150.00 560.00 139.05 1.0 0.0
155.00 560.00 134.27 1.0 0.0
160.00 560.00 102.95 1.0 0.0
165.00 560.00 129.70 1.0 0.0
170.00 560.00 128.83 1.0 0.0
175.00 560.00 121.00 1.0 0.0
180.00 560.00 116.16 1.0 0.0
0.00 570.00 119.17 0.0 1.0
5.00 570.00 126.33 0.0 1.0
10.00 570.00 132.39 0.0 1.0
15.00 570.00 137.60 0.0 1.0
20.00 570.00 139.79 0.0 1.0
25.00 570.00 137.82 0.0 1.0
30.00 570.00 128.60 0.0 1.0
35.00 570.00 134.71 0.0 1.0
40.00 570.00 138.13 0.0 1.0
45.00 570.00 136.45 0.5 0.5
50.00 570.00 132.91 0.5 0.5
55.00 570.00 135.48 0.5 0.5
60.00 570.00 138.17 0.5 0.5
65.00 570.00 139.52 0.5 0.5
70.00 570.00 140.74 0.5 0.5
75.00 570.00 142.12 0.5 0.5
80.00 570.00 143.28 0.5 0.5
85.00 570.00 144.01 0.5 0.5
90.00 570.00 144.27 0.5 0.5
95.00 570.00 144.07 0.5 0.5
100.00 570.00 143.39 0.5 0.5
105.00 570.00 142.31 0.5 0.5
110.00 570.00 141.26 0.5 0.5
115.00 570.00 140.96 0.5 0.5
120.00 570.00 140.97 0.5 0.5
125.00 570.00 139.62 0.5 0.5
130.00 570.00 134.14 0.5 0.5
135.00 570.00 125.79 0.5 0.5
140.00 570.00 137.95 1.0 0.0
145.00 570.00 140.42 1.0 0.0
150.00 570.00 138.56 1.0 0.0
155.00 570.00 130.97 1.0 0.0
160.00 570.00 121.00 1.0 0.0
165.00 570.00 129.94 1.0 0.0
170.00 570.00 128.09 1.0 0.0
175.00 570.00 120.12 1.0 0.0
180.00 570.00 116.16 1.0 0.0
0.00 580.00 119.17 0.0 1.0
5.00 580.00 125.87 0.0 1.0
10.00 580.00 131.46 0.0 1.0
15.00 580.00 136.67 0.0 1.0
20.00 580.00 139.72 0.0 1.0
25.00 580.00 139.86 0.0 1.0
30.00 580.00 136.02 0.0 1.0
35.00 580.00 129.05 0.0 1.0
40.00 580.00 136.47 0.0 1.0
45.00 580.00 139.05 0.5 0.5
50.00 580.00 137.92 0.5 0.5
55.00 580.00 133.72 0.5 0.5
60.00 580.00 132.19 0.5 0.5
65.00 580.00 136.66 0.5 0.5
70.00 580.00 139.47 0.5 0.5
75.00 580.00 140.95 0.5 0.5
80.00 580.00 141.76 0.5 0.5
85.00 580.00 142.23 0.5 0.5
90.00 580.00 142.50 0.5 0.5
95.00 580.00 142.63 0.5 0.5
100.00 580.00 142.62 0.5 0.5
105.00 580.00 142.39 0.5 0.5
110.00 580.00 141.64 0.5 0.5
115.00 580.00 139.68 0.5 0.5
120.00 580.00 134.76 0.5 0.5
125.00 580.00 116.48 0.5 0.5
130.00 580.00 135.98 0.5 0.5
135.00 580.00 140.64 0.5 0.5
140.00 580.00 141.67 1.0 0.0
145.00 580.00 139.96 1.0 0.0
150.00 580.00 134.84 1.0 0.0
155.00 580.00 120.26 1.0 0.0
160.00 580.00 127.15 1.0 0.0
165.00 580.00 129.78 1.0 0.0
170.00 580.00 126.83 1.0 0.0
175.00 580.00 118.80 1.0 0.0
180.00 580.00 116.16 1.0 0.0
0.00 590.00 119.17 0.0 1.0
5.00 590.00 125.20 0.0 1.0
10.00 590.00 130.15 0.0 1.0
15.00 590.00 135.05 0.0 1.0
20.00 590.00 138.74 0.0 1.0
25.00 590.00 140.56 0.0 1.0
30.00 590.00 140.24 0.0 1.0
35.00 590.00 137.20 0.0 1.0
40.00 590.00 131.26 0.0 1.0
45.00 590.00 135.09 0.5 0.5
50.00 590.00 139.40 0.5 0.5
55.00 590.00 140.95 0.5 0.5
60.00 590.00 140.69 0.5 0.5
65.00 590.00 138.98 0.5 0.5
70.00 590.00 135.82 0.5 0.5
75.00 590.00 130.76 0.5 0.5
80.00 590.00 122.73 0.5 0.5
85.00 590.00 121.31 0.5 0.5
90.00 590.00 124.37 0.5 0.5
95.00 590.00 122.94 0.5 0.5
100.00 590.00 117.43 0.5 0.5
105.00 590.00 127.95 0.5 0.5
110.00 590.00 134.88 0.5 0.5
115.00 590.00 139.13 0.5 0.5
120.00 590.00 141.76 0.5 0.5
125.00 590.00 143.09 0.5 0.5
130.00 590.00 143.17 0.5 0.5
135.00 590.00 141.87 0.5 0.5
140.00 590.00 138.88 1.0 0.0
145.00 590.00 133.39 1.0 0.0
150.00 590.00 123.48 1.0 0.0
155.00 590.00 126.00 1.0 0.0
160.00 590.00 129.28 1.0 0.0
165.00 590.00 128.70 1.0 0.0
170.00 590.00 124.85 1.0 0.0
175.00 590.00 117.05 1.0 0.0
180.00 590.00 116.16 1.0 0.0
0.00 600.00 119.17 0.0 1.0
5.00 600.00 124.31 0.0 1.0
10.00 600.00 128.48 0.0 1.0
15.00 600.00 132.70 0.0 1.0
20.00 600.00 136.47 0.0 1.0
25.00 600.00 139.29 0.0 1.0
30.00 600.00 140.98 0.0 1.0
35.00 600.00 141.50 0.0 1.0
40.00 600.00 140.78 0.0 1.0
45.00 600.00 138.60 0.5 0.5
50.00 600.00 134.74 0.5 0.5
55.00 600.00 132.31 0.5 0.5
60.00 600.00 136.10 0.5 0.5
65.00 600.00 139.52 0.5 0.5
70.00 600.00 141.64 0.5 0.5
75.00 600.00 142.93 0.5 0.5
80.00 600.00 143.72 0.5 0.5
85.00 600.00 144.21 0.5 0.5
90.00 600.00 144.52 0.5 0.5
95.00 600.00 144.69 0.5 0.5
100.00 600.00 144.71 0.5 0.5
105.00 600.00 144.52 0.5 0.5
110.00 600.00 144.01 0.5 0.5
115.00 600.00 143.03 0.5 0.5
120.00 600.00 141.37 0.5 0.5
125.00 600.00 138.77 0.5 0.5
130.00 600.00 134.89 0.5 0.5
135.00 600.00 129.85 0.5 0.5
140.00 600.00 127.44 1.0 0.0
145.00 600.00 128.71 1.0 0.0
150.00 600.00 129.40 1.0 0.0
155.00 600.00 129.29 1.0 0.0
160.00 600.00 128.44 1.0 0.0
165.00 600.00 126.26 1.0 0.0
170.00 600.00 121.86 1.0 0.0
175.00 600.00 115.15 1.0 0.0
180.00 600.00 116.16 1.0 0.0
0.00 610.00 119.17 0.0 1.0
5.00 610.00 123.13 0.0 1.0
10.00 610.00 126.43 0.0 1.0
15.00 610.00 129.65 0.0 1.0
20.00 610.00 132.78 0.0 1.0
25.00 610.00 135.61 0.0 1.0
30.00 610.00 138.00 0.0 1.0
35.00 610.00 139.90 0.0 1.0
40.00 610.00 141.32 0.0 1.0
45.00 610.00 142.28 0.5 0.5
50.00 610.00 142.82 0.5 0.5
55.00 610.00 142.96 0.5 0.5
60.00 610.00 142.73 0.5 0.5
65.00 610.00 142.17 0.5 0.5
70.00 610.00 141.34 0.5 0.5
75.00 610.00 140.30 0.5 0.5
80.00 610.00 139.15 0.5 0.5
85.00 610.00 138.03 0.5 0.5
90.00 610.00 137.11 0.5 0.5
95.00 610.00 136.52 0.5 0.5
100.00 610.00 136.35 0.5 0.5
105.00 610.00 136.53 0.5 0.5
110.00 610.00 136.90 0.5 0.5
115.00 610.00 137.25 0.5 0.5
120.00 610.00 137.37 0.5 0.5
125.00 610.00 137.09 0.5 0.5
130.00 610.00 136.29 0.5 0.5
135.00 610.00 134.90 0.5 0.5
140.00 610.00 132.92 1.0 0.0
145.00 610.00 130.56 1.0 0.0
150.00 610.00 128.31 1.0 0.0
155.00 610.00 126.51 1.0 0.0
160.00 610.00 124.66 1.0 0.0
165.00 610.00 121.86 1.0 0.0
170.00 610.00 117.55 1.0 0.0
175.00 610.00 114.06 1.0 0.0
180.00 610.00 116.16 1.0 0.0
0.00 620.00 119.17 0.0 1.0
5.00 620.00 121.60 0.0 1.0
10.00 620.00 123.79 0.0 1.0
15.00 620.00 125.85 0.0 1.0
20.00 620.00 127.78 0.0 1.0
25.00 620.00 129.58 0.0 1.0
30.00 620.00 131.23 0.0 1.0
35.00 620.00 132.71 0.0 1.0
40.00 620.00 134.04 0.0 1.0
45.00 620.00 135.23 0.5 0.5
50.00 620.00 136.29 0.5 0.5
55.00 620.00 137.21 0.5 0.5
60.00 620.00 138.00 0.5 0.5
65.00 620.00 138.63 0.5 0.5
70.00 620.00 139.10 0.5 0.5
75.00 620.00 139.40 0.5 0.5
80.00 620.00 139.53 0.5 0.5
85.00 620.00 139.47 0.5 0.5
90.00 620.00 139.23 0.5 0.5
95.00 620.00 138.79 0.5 0.5
100.00 620.00 138.12 0.5 0.5
105.00 620.00 137.21 0.5 0.5
110.00 620.00 136.00 0.5 0.5
115.00 620.00 134.46 0.5 0.5
120.00 620.00 132.53 0.5 0.5
125.00 620.00 130.16 0.5 0.5
130.00 620.00 127.42 0.5 0.5
135.00 620.00 124.57 0.5 0.5
140.00 620.00 122.27 1.0 0.0
145.00 620.00 120.96 1.0 0.0
150.00 620.00 120.10 1.0 0.0
155.00 620.00 118.97 1.0 0.0
160.00 620.00 117.27 1.0 0.0
165.00 620.00 115.30 1.0 0.0
170.00 620.00 114.27 1.0 0.0
175.00 620.00 114.92 1.0 0.0
180.00 620.00 116.16 1.0 0.0
0.00 630.00 119.17 0.0 1.0
5.00 630.00 119.56 0.0 1.0
10.00 630.00 119.95 0.0 1.0
15.00 630.00 120.29 0.0 1.0
20.00 630.00 120.50 0.0 1.0
25.00 630.00 120.55 0.0 1.0
30.00 630.00 120.41 0.0 1.0
35.00 630.00 120.08 0.0 1.0
40.00 630.00 119.56 0.0 1.0
45.00 630.00 118.85 0.5 0.5
50.00 630.00 117.94 0.5 0.5
55.00 630.00 116.82 0.5 0.5
60.00 630.00 115.45 0.5 0.5
65.00 630.00 113.78 0.5 0.5
70.00 630.00 111.70 0.5 0.5
75.00 630.00 109.02 0.5 0.5
80.00 630.00 105.28 0.5 0.5
85.00 630.00 98.99 0.5 0.5
90.00 630.00 87.23 0.5 0.5
95.00 630.00 99.78 0.5 0.5
100.00 630.00 105.22 0.5 0.5
105.00 630.00 108.50 0.5 0.5
110.00 630.00 110.85 0.5 0.5
115.00 630.00 112.70 0.5 0.5
120.00 630.00 114.23 0.5 0.5
125.00 630.00 115.55 0.5 0.5
130.00 630.00 116.69 0.5 0.5
135.00 630.00 117.67 0.5 0.5
140.00 630.00 118.46 1.0 0.0
145.00 630.00 119.04 1.0 0.0
150.00 630.00 119.36 1.0 0.0
155.00 630.00 119.39 1.0 0.0
160.00 630.00 119.13 1.0 0.0
165.00 630.00 118.61 1.0 0.0
170.00 630.00 117.87 1.0 0.0
175.00 630.00 117.02 1.0 0.0
180.00 630.00 116.16 1.0 0.0
0.00 640.00 119.17 0.0 1.0
5.00 640.00 116.80 0.0 1.0
10.00 640.00 113.77 0.0 1.0
15.00 640.00 113.00 0.0 1.0
20.00 640.00 115.22 0.0 1.0
25.00 640.00 117.23 0.0 1.0
30.00 640.00 118.76 0.0 1.0
35.00 640.00 120.69 0.0 1.0
40.00 640.00 123.39 0.0 1.0
45.00 640.00 126.33 0.5 0.5
50.00 640.00 129.01 0.5 0.5
55.00 640.00 131.31 0.5 0.5
60.00 640.00 133.23 0.5 0.5
65.00 640.00 134.82 0.5 0.5
70.00 640.00 136.13 0.5 0.5
75.00 640.00 137.20 0.5 0.5
80.00 640.00 138.06 0.5 0.5
85.00 640.00 138.71 0.5 0.5
90.00 640.00 139.19 0.5 0.5
95.00 640.00 139.48 0.5 0.5
100.00 640.00 139.59 0.5 0.5
105.00 640.00 139.53 0.5 0.5
110.00 640.00 139.28 0.5 0.5
115.00 640.00 138.85 0.5 0.5
120.00 640.00 138.22 0.5 0.5
125.00 640.00 137.41 0.5 0.5
130.00 640.00 136.43 0.5 0.5
135.00 640.00 135.30 0.5 0.5
140.00 640.00 134.01 1.0 0.0
145.00 640.00 132.57 1.0 0.0
150.00 640.00 130.97 1.0 0.0
155.00 640.00 129.16 1.0 0.0
160.00 640.00 127.12 1.0 0.0
165.00 640.00 124.82 1.0 0.0
170.00 640.00 122.19 1.0 0.0
175.00 640.00 119.22 1.0 0.0
180.00 640.00 116.16 1.0 0.0
0.00 650.00 119.17 0.0 1.0
5.00 650.00 113.15 0.0 1.0
10.00 650.00 114.43 0.0 1.0
15.00 650.00 121.08 0.0 1.0
20.00 650.00 124.74 0.0 1.0
25.00 650.00 127.42 0.0 1.0
30.00 650.00 130.07 0.0 1.0
35.00 650.00 132.60 0.0 1.0
40.00 650.00 134.60 0.0 1.0
45.00 650.00 135.92 0.5 0.5
50.00 650.00 136.54 0.5 0.5
55.00 650.00 136.55 0.5 0.5
60.00 650.00 136.05 0.5 0.5
65.00 650.00 135.18 0.5 0.5
70.00 650.00 134.12 0.5 0.5
75.00 650.00 133.13 0.5 0.5
80.00 650.00 132.55 0.5 0.5
85.00 650.00 132.64 0.5 0.5
90.00 650.00 133.50 0.5 0.5
95.00 650.00 134.93 0.5 0.5
100.00 650.00 136.63 0.5 0.5
105.00 650.00 138.33 0.5 0.5
110.00 650.00 139.84 0.5 0.5
115.00 650.00 141.05 0.5 0.5
120.00 650.00 141.90 0.5 0.5
125.00 650.00 142.34 0.5 0.5
130.00 650.00 142.35 0.5 0.5
135.00 650.00 141.90 0.5 0.5
140.00 650.00 141.00 1.0 0.0
145.00 650.00 139.64 1.0 0.0
150.00 650.00 137.81 1.0 0.0
155.00 650.00 135.50 1.0 0.0
160.00 650.00 132.69 1.0 0.0
165.00 650.00 129.39 1.0 0.0
170.00 650.00 125.59 1.0 0.0
175.00 650.00 121.17 1.0 0.0
180.00 650.00 116.16 1.0 0.0
0.00 660.00 119.17 0.0 1.0
5.00 660.00 110.06 0.0 1.0
10.00 660.00 120.59 0.0 1.0
15.00 660.00 126.14 0.0 1.0
20.00 660.00 128.90 0.0 1.0
25.00 660.00 130.38 0.0 1.0
30.00 660.00 130.74 0.0 1.0
35.00 660.00 129.42 0.0 1.0
40.00 660.00 128.28 0.0 1.0
45.00 660.00 133.16 0.5 0.5
50.00 660.00 138.09 0.5 0.5
55.00 660.00 141.33 0.5 0.5
60.00 660.00 143.36 0.5 0.5
65.00 660.00 144.56 0.5 0.5
70.00 660.00 145.18 0.5 0.5
75.00 660.00 145.42 0.5 0.5
80.00 660.00 145.42 0.5 0.5
85.00 660.00 145.27 0.5 0.5
90.00 660.00 145.03 0.5 0.5
95.00 660.00 144.70 0.5 0.5
100.00 660.00 144.22 0.5 0.5
105.00 660.00 143.48 0.5 0.5
110.00 660.00 142.29 0.5 0.5
115.00 660.00 140.37 0.5 0.5
120.00 660.00 137.38 0.5 0.5
125.00 660.00 133.95 0.5 0.5
130.00 660.00 134.84 0.5 0.5
135.00 660.00 138.11 0.5 0.5
140.00 660.00 140.15 1.0 0.0
145.00 660.00 140.86 1.0 0.0
150.00 660.00 140.41 1.0 0.0
155.00 660.00 138.90 1.0 0.0
160.00 660.00 136.36 1.0 0.0
165.00 660.00 132.81 1.0 0.0
170.00 660.00 128.30 1.0 0.0
175.00 660.00 122.81 1.0 0.0
180.00 660.00 116.16 1.0 0.0
0.00 670.00 119.17 0.0 1.0
5.00 670.00 111.75 0.0 1.0
10.00 670.00 124.10 0.0 1.0
15.00 670.00 128.30 0.0 1.0
20.00 670.00 128.75 0.0 1.0
25.00 670.00 124.71 0.0 1.0
30.00 670.00 127.19 0.0 1.0
35.00 670.00 136.34 0.0 1.0
40.00 670.00 141.17 0.0 1.0
45.00 670.00 143.64 0.5 0.5
50.00 670.00 144.43 0.5 0.5
55.00 670.00 143.82 0.5 0.5
60.00 670.00 141.96 0.5 0.5
65.00 670.00 138.91 0.5 0.5
70.00 670.00 135.00 0.5 0.5
75.00 670.00 132.18 0.5 0.5
80.00 670.00 132.33 0.5 0.5
85.00 670.00 132.96 0.5 0.5
90.00 670.00 132.56 0.5 0.5
95.00 670.00 130.68 0.5 0.5
100.00 670.00 126.99 0.5 0.5
105.00 670.00 126.80 0.5 0.5
110.00 670.00 132.46 0.5 0.5
115.00 670.00 136.42 0.5 0.5
120.00 670.00 138.57 0.5 0.5
125.00 670.00 139.11 0.5 0.5
130.00 670.00 137.93 0.5 0.5
135.00 670.00 135.04 0.5 0.5
140.00 670.00 134.06 1.0 0.0
145.00 670.00 137.39 1.0 0.0
150.00 670.00 139.60 1.0 0.0
155.00 670.00 139.86 1.0 0.0
160.00 670.00 138.35 1.0 0.0
165.00 670.00 135.17 1.0 0.0
170.00 670.00 130.41 1.0 0.0
175.00 670.00 124.15 1.0 0.0
180.00 670.00 116.16 1.0 0.0
0.00 680.00 119.17 0.0 1.0
5.00 680.00 114.85 0.0 1.0
10.00 680.00 126.02 0.0 1.0
15.00 680.00 128.31 0.0 1.0
20.00 680.00 122.19 0.0 1.0
25.00 680.00 129.02 0.0 1.0
30.00 680.00 138.28 0.0 1.0
35.00 680.00 142.25 0.0 1.0
40.00 680.00 143.28 0.0 1.0
45.00 680.00 141.66 0.5 0.5
50.00 680.00 136.69 0.5 0.5
55.00 680.00 131.48 0.5 0.5
60.00 680.00 137.16 0.5 0.5
65.00 680.00 140.04 0.5 0.5
70.00 680.00 140.98 0.5 0.5
75.00 680.00 141.18 0.5 0.5
80.00 680.00 141.23 0.5 0.5
85.00 680.00 141.25 0.5 0.5
90.00 680.00 141.04 0.5 0.5
95.00 680.00 140.44 0.5 0.5
100.00 680.00 139.38 0.5 0.5
105.00 680.00 137.91 0.5 0.5
110.00 680.00 136.00 0.5 0.5
115.00 680.00 133.02 0.5 0.5
120.00 680.00 127.22 0.5 0.5
125.00 680.00 126.77 0.5 0.5
130.00 680.00 133.08 0.5 0.5
135.00 680.00 135.02 0.5 0.5
140.00 680.00 133.47 1.0 0.0
145.00 680.00 131.66 1.0 0.0
150.00 680.00 136.11 1.0 0.0
155.00 680.00 138.95 1.0 0.0
160.00 680.00 139.01 1.0 0.0
165.00 680.00 136.62 1.0 0.0
170.00 680.00 131.97 1.0 0.0
175.00 680.00 125.21 1.0 0.0
180.00 680.00 116.16 1.0 0.0
0.00 690.00 119.17 0.0 1.0
5.00 690.00 117.03 0.0 1.0
10.00 690.00 126.90 0.0 1.0
15.00 690.00 126.31 0.0 1.0
20.00 690.00 121.81 0.0 1.0
25.00 690.00 136.71 0.0 1.0
30.00 690.00 141.56 0.0 1.0
35.00 690.00 142.32 0.0 1.0
40.00 690.00 139.10 0.0 1.0
45.00 690.00 130.74 0.5 0.5
50.00 690.00 136.11 0.5 0.5
55.00 690.00 139.33 0.5 0.5
60.00 690.00 139.95 0.5 0.5
65.00 690.00 141.57 0.5 0.5
70.00 690.00 144.29 0.5 0.5
75.00 690.00 146.44 0.5 0.5
80.00 690.00 147.72 0.5 0.5
85.00 690.00 148.31 0.5 0.5
90.00 690.00 148.37 0.5 0.5
95.00 690.00 147.98 0.5 0.5
100.00 690.00 147.09 0.5 0.5
105.00 690.00 145.54 0.5 0.5
110.00 690.00 143.09 0.5 0.5
115.00 690.00 139.48 0.5 0.5
120.00 690.00 134.82 0.5 0.5
125.00 690.00 130.34 0.5 0.5
130.00 690.00 128.00 0.5 0.5
135.00 690.00 130.80 0.5 0.5
140.00 690.00 132.78 1.0 0.0
145.00 690.00 130.24 1.0 0.0
150.00 690.00 130.01 1.0 0.0
155.00 690.00 136.59 1.0 0.0
160.00 690.00 138.69 1.0 0.0
165.00 690.00 137.34 1.0 0.0
170.00 690.00 133.02 1.0 0.0
175.00 690.00 125.99 1.0 0.0
180.00 690.00 116.16 1.0 0.0
0.00 700.00 119.17 0.0 1.0
5.00 700.00 118.32 0.0 1.0
10.00 700.00 127.07 0.0 1.0
15.00 700.00 122.06 0.0 1.0
20.00 700.00 130.65 0.0 1.0
25.00 700.00 139.52 0.0 1.0
30.00 700.00 141.83 0.0 1.0
35.00 700.00 139.34 0.0 1.0
40.00 700.00 130.34 0.0 1.0
45.00 700.00 135.67 0.5 0.5
50.00 700.00 138.08 0.5 0.5
55.00 700.00 138.80 0.5 0.5
60.00 700.00 143.05 0.5 0.5
65.00 700.00 146.62 0.5 0.5
70.00 700.00 148.51 0.5 0.5
75.00 700.00 149.23 0.5 0.5
80.00 700.00 149.26 0.5 0.5
85.00 700.00 148.98 0.5 0.5
90.00 700.00 148.70 0.5 0.5
95.00 700.00 148.54 0.5 0.5
100.00 700.00 148.37 0.5 0.5
105.00 700.00 147.94 0.5 0.5
110.00 700.00 146.89 0.5 0.5
115.00 700.00 144.85 0.5 0.5
120.00 700.00 141.32 0.5 0.5
125.00 700.00 135.81 0.5 0.5
130.00 700.00 129.12 0.5 0.5
135.00 700.00 127.46 0.5 0.5
140.00 700.00 130.91 1.0 0.0
145.00 700.00 131.32 1.0 0.0
150.00 700.00 123.98 1.0 0.0
155.00 700.00 132.95 1.0 0.0
160.00 700.00 137.72 1.0 0.0
165.00 700.00 137.50 1.0 0.0
170.00 700.00 133.62 1.0 0.0
175.00 700.00 126.50 1.0 0.0
180.00 700.00 116.16 1.0 0.0
0.00 710.00 119.17 0.0 1.0
5.00 710.00 118.92 0.0 1.0
10.00 710.00 126.81 0.0 1.0
15.00 710.00 114.52 0.0 1.0
20.00 710.00 133.83 0.0 1.0
25.00 710.00 140.37 0.0 1.0
30.00 710.00 140.80 0.0 1.0
35.00 710.00 134.96 0.0 1.0
40.00 710.00 131.80 0.0 1.0
45.00 710.00 136.66 0.5 0.5
50.00 710.00 136.01 0.5 0.5
55.00 710.00 141.12 0.5 0.5
60.00 710.00 145.81 0.5 0.5
65.00 710.00 147.93 0.5 0.5
70.00 710.00 148.31 0.5 0.5
75.00 710.00 147.49 0.5 0.5
80.00 710.00 145.84 0.5 0.5
85.00 710.00 143.97 0.5 0.5
90.00 710.00 143.04 0.5 0.5
95.00 710.00 143.75 0.5 0.5
100.00 710.00 145.13 0.5 0.5
105.00 710.00 146.19 0.5 0.5
110.00 710.00 146.47 0.5 0.5
115.00 710.00 145.68 0.5 0.5
120.00 710.00 143.41 0.5 0.5
125.00 710.00 139.08 0.5 0.5
130.00 710.00 132.15 0.5 0.5
135.00 710.00 125.43 0.5 0.5
140.00 710.00 127.67 1.0 0.0
145.00 710.00 131.05 1.0 0.0
150.00 710.00 126.52 1.0 0.0
155.00 710.00 128.13 1.0 0.0
160.00 710.00 136.43 1.0 0.0
165.00 710.00 137.29 1.0 0.0
170.00 710.00 133.83 1.0 0.0
175.00 710.00 126.73 1.0 0.0
180.00 710.00 116.16 1.0 0.0
0.00 720.00 119.17 0.0 1.0
5.00 720.00 118.93 0.0 1.0
10.00 720.00 126.31 0.0 1.0
15.00 720.00 105.38 0.0 1.0
20.00 720.00 134.84 0.0 1.0
25.00 720.00 140.30 0.0 1.0
30.00 720.00 139.61 0.0 1.0
35.00 720.00 131.52 0.0 1.0
40.00 720.00 133.29 0.0 1.0
45.00 720.00 135.22 0.5 0.5
50.00 720.00 134.21 0.5 0.5
55.00 720.00 141.77 0.5 0.5
60.00 720.00 145.84 0.5 0.5
65.00 720.00 147.20 0.5 0.5
70.00 720.00 146.77 0.5 0.5
75.00 720.00 144.87 0.5 0.5
80.00 720.00 141.30 0.5 0.5
85.00 720.00 134.65 0.5 0.5
90.00 720.00 127.60 0.5 0.5
95.00 720.00 137.34 0.5 0.5
100.00 720.00 141.81 0.5 0.5
105.00 720.00 144.18 0.5 0.5
110.00 720.00 145.22 0.5 0.5
115.00 720.00 144.97 0.5 0.5
120.00 720.00 143.15 0.5 0.5
125.00 720.00 139.17 0.5 0.5
130.00 720.00 132.63 0.5 0.5
135.00 720.00 127.06 0.5 0.5
140.00 720.00 124.42 1.0 0.0
145.00 720.00 129.71 1.0 0.0
150.00 720.00 128.18 1.0 0.0
155.00 720.00 122.73 1.0 0.0
160.00 720.00 135.18 1.0 0.0
165.00 720.00 136.83 1.0 0.0
170.00 720.00 133.70 1.0 0.0
175.00 720.00 126.70 1.0 0.0
180.00 720.00 116.16 1.0 0.0
