# FGCom-mumble Far-Field Radiation Pattern
# Frequency: 144.5 MHz
# Altitude: 0 m
# Format: Theta Phi Gain_dBi H_Polarization V_Polarization
# Theta: Elevation angle (0-180 degrees)
# Phi: Azimuth angle (0-360 degrees)
# Gain: Antenna gain in dBi
# H_Polarization: Horizontal polarization component
# V_Polarization: Vertical polarization component
0.00 0.00 122.96 0.0 1.0
5.00 0.00 128.82 0.0 1.0
10.00 0.00 136.80 0.0 1.0
15.00 0.00 141.19 0.0 1.0
20.00 0.00 142.38 0.0 1.0
25.00 0.00 140.01 0.0 1.0
30.00 0.00 131.13 0.0 1.0
35.00 0.00 134.38 0.0 1.0
40.00 0.00 138.21 0.0 1.0
45.00 0.00 135.07 0.5 0.5
50.00 0.00 121.46 0.5 0.5
55.00 0.00 138.83 0.5 0.5
60.00 0.00 143.34 0.5 0.5
65.00 0.00 144.83 0.5 0.5
70.00 0.00 144.61 0.5 0.5
75.00 0.00 143.05 0.5 0.5
80.00 0.00 140.03 0.5 0.5
85.00 0.00 134.61 0.5 0.5
90.00 0.00 121.99 0.5 0.5
95.00 0.00 132.35 0.5 0.5
100.00 0.00 138.15 0.5 0.5
105.00 0.00 141.13 0.5 0.5
110.00 0.00 142.74 0.5 0.5
115.00 0.00 143.30 0.5 0.5
120.00 0.00 142.82 0.5 0.5
125.00 0.00 141.05 0.5 0.5
130.00 0.00 137.33 0.5 0.5
135.00 0.00 129.58 0.5 0.5
140.00 0.00 129.50 1.0 0.0
145.00 0.00 135.04 1.0 0.0
150.00 0.00 135.22 1.0 0.0
155.00 0.00 129.05 1.0 0.0
160.00 0.00 129.43 1.0 0.0
165.00 0.00 136.31 1.0 0.0
170.00 0.00 136.96 1.0 0.0
175.00 0.00 133.67 1.0 0.0
180.00 0.00 127.48 1.0 0.0
0.00 10.00 122.96 0.0 1.0
5.00 10.00 128.77 0.0 1.0
10.00 10.00 136.71 0.0 1.0
15.00 10.00 141.18 0.0 1.0
20.00 10.00 142.64 0.0 1.0
25.00 10.00 140.89 0.0 1.0
30.00 10.00 133.88 0.0 1.0
35.00 10.00 131.51 0.0 1.0
40.00 10.00 137.29 0.0 1.0
45.00 10.00 135.99 0.5 0.5
50.00 10.00 126.82 0.5 0.5
55.00 10.00 136.68 0.5 0.5
60.00 10.00 142.17 0.5 0.5
65.00 10.00 144.34 0.5 0.5
70.00 10.00 144.80 0.5 0.5
75.00 10.00 144.14 0.5 0.5
80.00 10.00 142.67 0.5 0.5
85.00 10.00 140.77 0.5 0.5
90.00 10.00 139.33 0.5 0.5
95.00 10.00 139.45 0.5 0.5
100.00 10.00 140.79 0.5 0.5
105.00 10.00 142.20 0.5 0.5
110.00 10.00 143.11 0.5 0.5
115.00 10.00 143.29 0.5 0.5
120.00 10.00 142.57 0.5 0.5
125.00 10.00 140.67 0.5 0.5
130.00 10.00 136.92 0.5 0.5
135.00 10.00 128.97 0.5 0.5
140.00 10.00 125.91 1.0 0.0
145.00 10.00 132.56 1.0 0.0
150.00 10.00 132.08 1.0 0.0
155.00 10.00 120.87 1.0 0.0
160.00 10.00 131.84 1.0 0.0
165.00 10.00 137.05 1.0 0.0
170.00 10.00 137.15 1.0 0.0
175.00 10.00 133.66 1.0 0.0
180.00 10.00 127.48 1.0 0.0
0.00 20.00 122.96 0.0 1.0
5.00 20.00 128.42 0.0 1.0
10.00 20.00 136.21 0.0 1.0
15.00 20.00 140.83 0.0 1.0
20.00 20.00 142.74 0.0 1.0
25.00 20.00 141.98 0.0 1.0
30.00 20.00 137.77 0.0 1.0
35.00 20.00 129.64 0.0 1.0
40.00 20.00 134.80 0.0 1.0
45.00 20.00 136.27 0.5 0.5
50.00 20.00 132.29 0.5 0.5
55.00 20.00 131.58 0.5 0.5
60.00 20.00 138.94 0.5 0.5
65.00 20.00 142.54 0.5 0.5
70.00 20.00 144.16 0.5 0.5
75.00 20.00 144.68 0.5 0.5
80.00 20.00 144.56 0.5 0.5
85.00 20.00 144.15 0.5 0.5
90.00 20.00 143.73 0.5 0.5
95.00 20.00 143.48 0.5 0.5
100.00 20.00 143.40 0.5 0.5
105.00 20.00 143.32 0.5 0.5
110.00 20.00 143.00 0.5 0.5
115.00 20.00 142.21 0.5 0.5
120.00 20.00 140.70 0.5 0.5
125.00 20.00 138.19 0.5 0.5
130.00 20.00 134.07 0.5 0.5
135.00 20.00 127.13 0.5 0.5
140.00 20.00 125.46 1.0 0.0
145.00 20.00 128.52 1.0 0.0
150.00 20.00 124.22 1.0 0.0
155.00 20.00 124.98 1.0 0.0
160.00 20.00 134.82 1.0 0.0
165.00 20.00 137.78 1.0 0.0
170.00 20.00 137.15 1.0 0.0
175.00 20.00 133.46 1.0 0.0
180.00 20.00 127.48 1.0 0.0
0.00 30.00 122.96 0.0 1.0
5.00 30.00 127.78 0.0 1.0
10.00 30.00 135.27 0.0 1.0
15.00 30.00 140.04 0.0 1.0
20.00 30.00 142.45 0.0 1.0
25.00 30.00 142.74 0.0 1.0
30.00 30.00 140.75 0.0 1.0
35.00 30.00 136.10 0.0 1.0
40.00 30.00 133.13 0.0 1.0
45.00 30.00 135.92 0.5 0.5
50.00 30.00 136.10 0.5 0.5
55.00 30.00 132.53 0.5 0.5
60.00 30.00 128.55 0.5 0.5
65.00 30.00 135.28 0.5 0.5
70.00 30.00 139.44 0.5 0.5
75.00 30.00 141.58 0.5 0.5
80.00 30.00 142.61 0.5 0.5
85.00 30.00 142.97 0.5 0.5
90.00 30.00 142.90 0.5 0.5
95.00 30.00 142.51 0.5 0.5
100.00 30.00 141.79 0.5 0.5
105.00 30.00 140.68 0.5 0.5
110.00 30.00 139.07 0.5 0.5
115.00 30.00 136.92 0.5 0.5
120.00 30.00 134.51 0.5 0.5
125.00 30.00 132.67 0.5 0.5
130.00 30.00 131.66 0.5 0.5
135.00 30.00 130.61 0.5 0.5
140.00 30.00 128.80 1.0 0.0
145.00 30.00 125.23 1.0 0.0
150.00 30.00 125.57 1.0 0.0
155.00 30.00 133.00 1.0 0.0
160.00 30.00 137.04 1.0 0.0
165.00 30.00 138.21 1.0 0.0
170.00 30.00 136.87 1.0 0.0
175.00 30.00 133.07 1.0 0.0
180.00 30.00 127.48 1.0 0.0
0.00 40.00 122.96 0.0 1.0
5.00 40.00 126.87 0.0 1.0
10.00 40.00 133.85 0.0 1.0
15.00 40.00 138.67 0.0 1.0
20.00 40.00 141.53 0.0 1.0
25.00 40.00 142.72 0.0 1.0
30.00 40.00 142.32 0.0 1.0
35.00 40.00 140.30 0.0 1.0
40.00 40.00 137.13 0.0 1.0
45.00 40.00 136.11 0.5 0.5
50.00 40.00 137.85 0.5 0.5
55.00 40.00 138.79 0.5 0.5
60.00 40.00 138.25 0.5 0.5
65.00 40.00 136.33 0.5 0.5
70.00 40.00 133.27 0.5 0.5
75.00 40.00 130.30 0.5 0.5
80.00 40.00 129.82 0.5 0.5
85.00 40.00 130.58 0.5 0.5
90.00 40.00 130.42 0.5 0.5
95.00 40.00 128.52 0.5 0.5
100.00 40.00 123.39 0.5 0.5
105.00 40.00 118.13 0.5 0.5
110.00 40.00 127.89 0.5 0.5
115.00 40.00 132.66 0.5 0.5
120.00 40.00 135.06 0.5 0.5
125.00 40.00 135.94 0.5 0.5
130.00 40.00 135.54 0.5 0.5
135.00 40.00 133.94 0.5 0.5
140.00 40.00 131.51 1.0 0.0
145.00 40.00 130.68 1.0 0.0
150.00 40.00 133.54 1.0 0.0
155.00 40.00 136.58 1.0 0.0
160.00 40.00 138.18 1.0 0.0
165.00 40.00 138.10 1.0 0.0
170.00 40.00 136.21 1.0 0.0
175.00 40.00 132.48 1.0 0.0
180.00 40.00 127.48 1.0 0.0
0.00 50.00 122.96 0.0 1.0
5.00 50.00 125.76 0.0 1.0
10.00 50.00 131.89 0.0 1.0
15.00 50.00 136.55 0.0 1.0
20.00 50.00 139.69 0.0 1.0
25.00 50.00 141.55 0.0 1.0
30.00 50.00 142.25 0.0 1.0
35.00 50.00 141.86 0.0 1.0
40.00 50.00 140.43 0.0 1.0
45.00 50.00 138.24 0.5 0.5
50.00 50.00 136.62 0.5 0.5
55.00 50.00 137.23 0.5 0.5
60.00 50.00 138.76 0.5 0.5
65.00 50.00 139.87 0.5 0.5
70.00 50.00 140.39 0.5 0.5
75.00 50.00 140.45 0.5 0.5
80.00 50.00 140.25 0.5 0.5
85.00 50.00 139.94 0.5 0.5
90.00 50.00 139.64 0.5 0.5
95.00 50.00 139.44 0.5 0.5
100.00 50.00 139.34 0.5 0.5
105.00 50.00 139.27 0.5 0.5
110.00 50.00 139.10 0.5 0.5
115.00 50.00 138.66 0.5 0.5
120.00 50.00 137.82 0.5 0.5
125.00 50.00 136.45 0.5 0.5
130.00 50.00 134.63 0.5 0.5
135.00 50.00 133.00 0.5 0.5
140.00 50.00 132.99 1.0 0.0
145.00 50.00 134.68 1.0 0.0
150.00 50.00 136.58 1.0 0.0
155.00 50.00 137.82 1.0 0.0
160.00 50.00 138.10 1.0 0.0
165.00 50.00 137.24 1.0 0.0
170.00 50.00 135.10 1.0 0.0
175.00 50.00 131.69 1.0 0.0
180.00 50.00 127.48 1.0 0.0
0.00 60.00 122.96 0.0 1.0
5.00 60.00 124.59 0.0 1.0
10.00 60.00 129.37 0.0 1.0
15.00 60.00 133.49 0.0 1.0
20.00 60.00 136.59 0.0 1.0
25.00 60.00 138.76 0.0 1.0
30.00 60.00 140.13 0.0 1.0
35.00 60.00 140.81 0.0 1.0
40.00 60.00 140.90 0.0 1.0
45.00 60.00 140.46 0.5 0.5
50.00 60.00 139.54 0.5 0.5
55.00 60.00 138.23 0.5 0.5
60.00 60.00 136.66 0.5 0.5
65.00 60.00 135.15 0.5 0.5
70.00 60.00 134.19 0.5 0.5
75.00 60.00 134.01 0.5 0.5
80.00 60.00 134.31 0.5 0.5
85.00 60.00 134.70 0.5 0.5
90.00 60.00 134.92 0.5 0.5
95.00 60.00 134.90 0.5 0.5
100.00 60.00 134.62 0.5 0.5
105.00 60.00 134.10 0.5 0.5
110.00 60.00 133.45 0.5 0.5
115.00 60.00 132.87 0.5 0.5
120.00 60.00 132.65 0.5 0.5
125.00 60.00 132.97 0.5 0.5
130.00 60.00 133.73 0.5 0.5
135.00 60.00 134.67 0.5 0.5
140.00 60.00 135.60 1.0 0.0
145.00 60.00 136.40 1.0 0.0
150.00 60.00 136.93 1.0 0.0
155.00 60.00 137.07 1.0 0.0
160.00 60.00 136.62 1.0 0.0
165.00 60.00 135.46 1.0 0.0
170.00 60.00 133.48 1.0 0.0
175.00 60.00 130.72 1.0 0.0
180.00 60.00 127.48 1.0 0.0
0.00 70.00 122.96 0.0 1.0
5.00 70.00 123.70 0.0 1.0
10.00 70.00 126.47 0.0 1.0
15.00 70.00 129.37 0.0 1.0
20.00 70.00 131.82 0.0 1.0
25.00 70.00 133.71 0.0 1.0
30.00 70.00 135.13 0.0 1.0
35.00 70.00 136.25 0.0 1.0
40.00 70.00 137.25 0.0 1.0
45.00 70.00 138.24 0.5 0.5
50.00 70.00 139.20 0.5 0.5
55.00 70.00 140.07 0.5 0.5
60.00 70.00 140.76 0.5 0.5
65.00 70.00 141.24 0.5 0.5
70.00 70.00 141.51 0.5 0.5
75.00 70.00 141.59 0.5 0.5
80.00 70.00 141.51 0.5 0.5
85.00 70.00 141.30 0.5 0.5
90.00 70.00 141.00 0.5 0.5
95.00 70.00 140.63 0.5 0.5
100.00 70.00 140.22 0.5 0.5
105.00 70.00 139.81 0.5 0.5
110.00 70.00 139.41 0.5 0.5
115.00 70.00 139.03 0.5 0.5
120.00 70.00 138.65 0.5 0.5
125.00 70.00 138.23 0.5 0.5
130.00 70.00 137.71 0.5 0.5
135.00 70.00 137.04 0.5 0.5
140.00 70.00 136.25 1.0 0.0
145.00 70.00 135.42 1.0 0.0
150.00 70.00 134.69 1.0 0.0
155.00 70.00 134.09 1.0 0.0
160.00 70.00 133.47 1.0 0.0
165.00 70.00 132.61 1.0 0.0
170.00 70.00 131.33 1.0 0.0
175.00 70.00 129.59 1.0 0.0
180.00 70.00 127.48 1.0 0.0
0.00 80.00 122.96 0.0 1.0
5.00 80.00 123.54 0.0 1.0
10.00 80.00 124.27 0.0 1.0
15.00 80.00 124.99 0.0 1.0
20.00 80.00 125.55 0.0 1.0
25.00 80.00 125.83 0.0 1.0
30.00 80.00 125.85 0.0 1.0
35.00 80.00 125.86 0.0 1.0
40.00 80.00 126.42 0.0 1.0
45.00 80.00 127.83 0.5 0.5
50.00 80.00 129.70 0.5 0.5
55.00 80.00 131.50 0.5 0.5
60.00 80.00 133.01 0.5 0.5
65.00 80.00 134.16 0.5 0.5
70.00 80.00 134.98 0.5 0.5
75.00 80.00 135.52 0.5 0.5
80.00 80.00 135.82 0.5 0.5
85.00 80.00 135.94 0.5 0.5
90.00 80.00 135.92 0.5 0.5
95.00 80.00 135.82 0.5 0.5
100.00 80.00 135.69 0.5 0.5
105.00 80.00 135.56 0.5 0.5
110.00 80.00 135.46 0.5 0.5
115.00 80.00 135.35 0.5 0.5
120.00 80.00 135.16 0.5 0.5
125.00 80.00 134.79 0.5 0.5
130.00 80.00 134.16 0.5 0.5
135.00 80.00 133.18 0.5 0.5
140.00 80.00 131.83 1.0 0.0
145.00 80.00 130.24 1.0 0.0
150.00 80.00 128.85 1.0 0.0
155.00 80.00 128.25 1.0 0.0
160.00 80.00 128.43 1.0 0.0
165.00 80.00 128.76 1.0 0.0
170.00 80.00 128.81 1.0 0.0
175.00 80.00 128.39 1.0 0.0
180.00 80.00 127.48 1.0 0.0
0.00 90.00 122.96 0.0 1.0
5.00 90.00 124.32 0.0 1.0
10.00 90.00 124.89 0.0 1.0
15.00 90.00 124.80 0.0 1.0
20.00 90.00 124.22 0.0 1.0
25.00 90.00 123.33 0.0 1.0
30.00 90.00 122.37 0.0 1.0
35.00 90.00 121.52 0.0 1.0
40.00 90.00 120.83 0.0 1.0
45.00 90.00 120.16 0.5 0.5
50.00 90.00 119.39 0.5 0.5
55.00 90.00 118.43 0.5 0.5
60.00 90.00 117.22 0.5 0.5
65.00 90.00 115.75 0.5 0.5
70.00 90.00 113.94 0.5 0.5
75.00 90.00 111.60 0.5 0.5
80.00 90.00 108.26 0.5 0.5
85.00 90.00 102.45 0.5 0.5
90.00 90.00 63.38 0.5 0.5
95.00 90.00 102.59 0.5 0.5
100.00 90.00 108.57 0.5 0.5
105.00 90.00 111.85 0.5 0.5
110.00 90.00 113.84 0.5 0.5
115.00 90.00 114.91 0.5 0.5
120.00 90.00 115.15 0.5 0.5
125.00 90.00 114.51 0.5 0.5
130.00 90.00 112.82 0.5 0.5
135.00 90.00 110.27 0.5 0.5
140.00 90.00 109.90 1.0 0.0
145.00 90.00 113.75 1.0 0.0
150.00 90.00 117.66 1.0 0.0
155.00 90.00 120.74 1.0 0.0
160.00 90.00 123.16 1.0 0.0
165.00 90.00 125.04 1.0 0.0
170.00 90.00 126.40 1.0 0.0
175.00 90.00 127.22 1.0 0.0
180.00 90.00 127.48 1.0 0.0
0.00 100.00 122.96 0.0 1.0
5.00 100.00 125.73 0.0 1.0
10.00 100.00 127.56 0.0 1.0
15.00 100.00 128.46 0.0 1.0
20.00 100.00 128.65 0.0 1.0
25.00 100.00 128.63 0.0 1.0
30.00 100.00 129.15 0.0 1.0
35.00 100.00 130.43 0.0 1.0
40.00 100.00 131.92 0.0 1.0
45.00 100.00 133.18 0.5 0.5
50.00 100.00 134.09 0.5 0.5
55.00 100.00 134.70 0.5 0.5
60.00 100.00 135.08 0.5 0.5
65.00 100.00 135.33 0.5 0.5
70.00 100.00 135.50 0.5 0.5
75.00 100.00 135.61 0.5 0.5
80.00 100.00 135.66 0.5 0.5
85.00 100.00 135.63 0.5 0.5
90.00 100.00 135.49 0.5 0.5
95.00 100.00 135.18 0.5 0.5
100.00 100.00 134.68 0.5 0.5
105.00 100.00 133.96 0.5 0.5
110.00 100.00 133.06 0.5 0.5
115.00 100.00 132.11 0.5 0.5
120.00 100.00 131.37 0.5 0.5
125.00 100.00 131.10 0.5 0.5
130.00 100.00 131.20 0.5 0.5
135.00 100.00 131.33 0.5 0.5
140.00 100.00 131.13 1.0 0.0
145.00 100.00 130.43 1.0 0.0
150.00 100.00 129.18 1.0 0.0
155.00 100.00 127.52 1.0 0.0
160.00 100.00 125.86 1.0 0.0
165.00 100.00 124.89 1.0 0.0
170.00 100.00 125.11 1.0 0.0
175.00 100.00 126.23 1.0 0.0
180.00 100.00 127.48 1.0 0.0
0.00 110.00 122.96 0.0 1.0
5.00 110.00 127.30 0.0 1.0
10.00 110.00 130.33 0.0 1.0
15.00 110.00 131.89 0.0 1.0
20.00 110.00 132.38 0.0 1.0
25.00 110.00 132.56 0.0 1.0
30.00 110.00 133.41 0.0 1.0
35.00 110.00 135.00 0.0 1.0
40.00 110.00 136.64 0.0 1.0
45.00 110.00 137.96 0.5 0.5
50.00 110.00 138.95 0.5 0.5
55.00 110.00 139.68 0.5 0.5
60.00 110.00 140.25 0.5 0.5
65.00 110.00 140.70 0.5 0.5
70.00 110.00 141.06 0.5 0.5
75.00 110.00 141.38 0.5 0.5
80.00 110.00 141.65 0.5 0.5
85.00 110.00 141.90 0.5 0.5
90.00 110.00 142.11 0.5 0.5
95.00 110.00 142.27 0.5 0.5
100.00 110.00 142.34 0.5 0.5
105.00 110.00 142.30 0.5 0.5
110.00 110.00 142.11 0.5 0.5
115.00 110.00 141.78 0.5 0.5
120.00 110.00 141.33 0.5 0.5
125.00 110.00 140.85 0.5 0.5
130.00 110.00 140.42 0.5 0.5
135.00 110.00 140.01 0.5 0.5
140.00 110.00 139.48 1.0 0.0
145.00 110.00 138.58 1.0 0.0
150.00 110.00 137.10 1.0 0.0
155.00 110.00 134.87 1.0 0.0
160.00 110.00 131.89 1.0 0.0
165.00 110.00 128.48 1.0 0.0
170.00 110.00 125.76 1.0 0.0
175.00 110.00 125.55 1.0 0.0
180.00 110.00 127.48 1.0 0.0
0.00 120.00 122.96 0.0 1.0
5.00 120.00 128.79 0.0 1.0
10.00 120.00 132.64 0.0 1.0
15.00 120.00 134.42 0.0 1.0
20.00 120.00 134.62 0.0 1.0
25.00 120.00 133.97 0.0 1.0
30.00 120.00 133.78 0.0 1.0
35.00 120.00 134.76 0.0 1.0
40.00 120.00 136.04 0.0 1.0
45.00 120.00 136.98 0.5 0.5
50.00 120.00 137.46 0.5 0.5
55.00 120.00 137.51 0.5 0.5
60.00 120.00 137.21 0.5 0.5
65.00 120.00 136.65 0.5 0.5
70.00 120.00 136.00 0.5 0.5
75.00 120.00 135.48 0.5 0.5
80.00 120.00 135.23 0.5 0.5
85.00 120.00 135.26 0.5 0.5
90.00 120.00 135.46 0.5 0.5
95.00 120.00 135.79 0.5 0.5
100.00 120.00 136.27 0.5 0.5
105.00 120.00 136.98 0.5 0.5
110.00 120.00 137.91 0.5 0.5
115.00 120.00 138.95 0.5 0.5
120.00 120.00 139.98 0.5 0.5
125.00 120.00 140.91 0.5 0.5
130.00 120.00 141.69 0.5 0.5
135.00 120.00 142.24 0.5 0.5
140.00 120.00 142.46 1.0 0.0
145.00 120.00 142.16 1.0 0.0
150.00 120.00 141.14 1.0 0.0
155.00 120.00 139.23 1.0 0.0
160.00 120.00 136.28 1.0 0.0
165.00 120.00 132.27 1.0 0.0
170.00 120.00 127.73 1.0 0.0
175.00 120.00 125.28 1.0 0.0
180.00 120.00 127.48 1.0 0.0
0.00 130.00 122.96 0.0 1.0
5.00 130.00 130.07 0.0 1.0
10.00 130.00 134.44 0.0 1.0
15.00 130.00 136.14 0.0 1.0
20.00 130.00 135.57 0.0 1.0
25.00 130.00 132.93 0.0 1.0
30.00 130.00 129.80 0.0 1.0
35.00 130.00 131.06 0.0 1.0
40.00 130.00 133.66 0.0 1.0
45.00 130.00 135.22 0.5 0.5
50.00 130.00 135.92 0.5 0.5
55.00 130.00 136.09 0.5 0.5
60.00 130.00 135.98 0.5 0.5
65.00 130.00 135.83 0.5 0.5
70.00 130.00 135.82 0.5 0.5
75.00 130.00 136.01 0.5 0.5
80.00 130.00 136.33 0.5 0.5
85.00 130.00 136.73 0.5 0.5
90.00 130.00 137.14 0.5 0.5
95.00 130.00 137.50 0.5 0.5
100.00 130.00 137.72 0.5 0.5
105.00 130.00 137.71 0.5 0.5
110.00 130.00 137.33 0.5 0.5
115.00 130.00 136.51 0.5 0.5
120.00 130.00 135.40 0.5 0.5
125.00 130.00 134.95 0.5 0.5
130.00 130.00 136.42 0.5 0.5
135.00 130.00 138.94 0.5 0.5
140.00 130.00 141.07 1.0 0.0
145.00 130.00 142.29 1.0 0.0
150.00 130.00 142.41 1.0 0.0
155.00 130.00 141.35 1.0 0.0
160.00 130.00 138.96 1.0 0.0
165.00 130.00 135.13 1.0 0.0
170.00 130.00 129.90 1.0 0.0
175.00 130.00 125.39 1.0 0.0
180.00 130.00 127.48 1.0 0.0
0.00 140.00 122.96 0.0 1.0
5.00 140.00 131.11 0.0 1.0
10.00 140.00 135.78 0.0 1.0
15.00 140.00 137.24 0.0 1.0
20.00 140.00 135.69 0.0 1.0
25.00 140.00 129.79 0.0 1.0
30.00 140.00 122.58 0.0 1.0
35.00 140.00 132.21 0.0 1.0
40.00 140.00 135.59 0.0 1.0
45.00 140.00 136.73 0.5 0.5
50.00 140.00 136.59 0.5 0.5
55.00 140.00 135.32 0.5 0.5
60.00 140.00 132.64 0.5 0.5
65.00 140.00 127.60 0.5 0.5
70.00 140.00 119.71 0.5 0.5
75.00 140.00 126.09 0.5 0.5
80.00 140.00 130.68 0.5 0.5
85.00 140.00 132.80 0.5 0.5
90.00 140.00 133.50 0.5 0.5
95.00 140.00 133.05 0.5 0.5
100.00 140.00 131.51 0.5 0.5
105.00 140.00 129.50 0.5 0.5
110.00 140.00 130.19 0.5 0.5
115.00 140.00 133.42 0.5 0.5
120.00 140.00 135.94 0.5 0.5
125.00 140.00 137.02 0.5 0.5
130.00 140.00 136.55 0.5 0.5
135.00 140.00 135.18 0.5 0.5
140.00 140.00 136.23 1.0 0.0
145.00 140.00 139.44 1.0 0.0
150.00 140.00 141.50 1.0 0.0
155.00 140.00 141.81 1.0 0.0
160.00 140.00 140.36 1.0 0.0
165.00 140.00 137.05 1.0 0.0
170.00 140.00 131.72 1.0 0.0
175.00 140.00 125.74 1.0 0.0
180.00 140.00 127.48 1.0 0.0
0.00 150.00 122.96 0.0 1.0
5.00 150.00 131.90 0.0 1.0
10.00 150.00 136.76 0.0 1.0
15.00 150.00 137.96 0.0 1.0
20.00 150.00 135.52 0.0 1.0
25.00 150.00 125.91 0.0 1.0
30.00 150.00 126.86 0.0 1.0
35.00 150.00 133.92 0.0 1.0
40.00 150.00 135.41 0.0 1.0
45.00 150.00 134.48 0.5 0.5
50.00 150.00 131.50 0.5 0.5
55.00 150.00 128.61 0.5 0.5
60.00 150.00 132.77 0.5 0.5
65.00 150.00 137.12 0.5 0.5
70.00 150.00 139.87 0.5 0.5
75.00 150.00 141.58 0.5 0.5
80.00 150.00 142.63 0.5 0.5
85.00 150.00 143.25 0.5 0.5
90.00 150.00 143.55 0.5 0.5
95.00 150.00 143.56 0.5 0.5
100.00 150.00 143.16 0.5 0.5
105.00 150.00 142.15 0.5 0.5
110.00 150.00 140.05 0.5 0.5
115.00 150.00 135.75 0.5 0.5
120.00 150.00 125.08 0.5 0.5
125.00 150.00 131.83 0.5 0.5
130.00 150.00 137.07 0.5 0.5
135.00 150.00 137.92 0.5 0.5
140.00 150.00 135.73 1.0 0.0
145.00 150.00 134.72 1.0 0.0
150.00 150.00 138.83 1.0 0.0
155.00 150.00 141.11 1.0 0.0
160.00 150.00 140.87 1.0 0.0
165.00 150.00 138.25 1.0 0.0
170.00 150.00 133.09 1.0 0.0
175.00 150.00 126.16 1.0 0.0
180.00 150.00 127.48 1.0 0.0
0.00 160.00 122.96 0.0 1.0
5.00 160.00 132.44 0.0 1.0
10.00 160.00 137.43 0.0 1.0
15.00 160.00 138.46 0.0 1.0
20.00 160.00 135.52 0.0 1.0
25.00 160.00 124.25 0.0 1.0
30.00 160.00 127.47 0.0 1.0
35.00 160.00 132.25 0.0 1.0
40.00 160.00 131.16 0.0 1.0
45.00 160.00 126.96 0.5 0.5
50.00 160.00 130.91 0.5 0.5
55.00 160.00 136.57 0.5 0.5
60.00 160.00 139.95 0.5 0.5
65.00 160.00 141.91 0.5 0.5
70.00 160.00 142.94 0.5 0.5
75.00 160.00 143.37 0.5 0.5
80.00 160.00 143.48 0.5 0.5
85.00 160.00 143.52 0.5 0.5
90.00 160.00 143.72 0.5 0.5
95.00 160.00 144.10 0.5 0.5
100.00 160.00 144.53 0.5 0.5
105.00 160.00 144.71 0.5 0.5
110.00 160.00 144.26 0.5 0.5
115.00 160.00 142.67 0.5 0.5
120.00 160.00 138.85 0.5 0.5
125.00 160.00 128.35 0.5 0.5
130.00 160.00 132.32 0.5 0.5
135.00 160.00 138.02 0.5 0.5
140.00 160.00 137.99 1.0 0.0
145.00 160.00 133.52 1.0 0.0
150.00 160.00 134.95 1.0 0.0
155.00 160.00 139.83 1.0 0.0
160.00 160.00 140.89 1.0 0.0
165.00 160.00 138.94 1.0 0.0
170.00 160.00 134.00 1.0 0.0
175.00 160.00 126.51 1.0 0.0
180.00 160.00 127.48 1.0 0.0
0.00 170.00 122.96 0.0 1.0
5.00 170.00 132.74 0.0 1.0
10.00 170.00 137.84 0.0 1.0
15.00 170.00 138.86 0.0 1.0
20.00 170.00 135.91 0.0 1.0
25.00 170.00 125.59 0.0 1.0
30.00 170.00 123.68 0.0 1.0
35.00 170.00 128.01 0.0 1.0
40.00 170.00 125.78 0.0 1.0
45.00 170.00 131.22 0.5 0.5
50.00 170.00 136.85 0.5 0.5
55.00 170.00 140.16 0.5 0.5
60.00 170.00 141.97 0.5 0.5
65.00 170.00 142.69 0.5 0.5
70.00 170.00 142.54 0.5 0.5
75.00 170.00 141.69 0.5 0.5
80.00 170.00 140.34 0.5 0.5
85.00 170.00 139.04 0.5 0.5
90.00 170.00 138.92 0.5 0.5
95.00 170.00 140.37 0.5 0.5
100.00 170.00 142.34 0.5 0.5
105.00 170.00 143.92 0.5 0.5
110.00 170.00 144.71 0.5 0.5
115.00 170.00 144.39 0.5 0.5
120.00 170.00 142.37 0.5 0.5
125.00 170.00 137.12 0.5 0.5
130.00 170.00 126.42 0.5 0.5
135.00 170.00 136.32 0.5 0.5
140.00 170.00 138.33 1.0 0.0
145.00 170.00 134.52 1.0 0.0
150.00 170.00 130.97 1.0 0.0
155.00 170.00 138.71 1.0 0.0
160.00 170.00 140.80 1.0 0.0
165.00 170.00 139.30 1.0 0.0
170.00 170.00 134.51 1.0 0.0
175.00 170.00 126.69 1.0 0.0
180.00 170.00 127.48 1.0 0.0
0.00 180.00 122.96 0.0 1.0
5.00 180.00 132.80 0.0 1.0
10.00 180.00 138.00 0.0 1.0
15.00 180.00 139.19 0.0 1.0
20.00 180.00 136.65 0.0 1.0
25.00 180.00 128.96 0.0 1.0
30.00 180.00 123.53 0.0 1.0
35.00 180.00 128.05 0.0 1.0
40.00 180.00 130.18 0.0 1.0
45.00 180.00 134.56 0.5 0.5
50.00 180.00 138.37 0.5 0.5
55.00 180.00 140.83 0.5 0.5
60.00 180.00 142.11 0.5 0.5
65.00 180.00 142.35 0.5 0.5
70.00 180.00 141.58 0.5 0.5
75.00 180.00 139.69 0.5 0.5
80.00 180.00 136.16 0.5 0.5
85.00 180.00 128.76 0.5 0.5
90.00 180.00 127.12 0.5 0.5
95.00 180.00 136.23 0.5 0.5
100.00 180.00 140.70 0.5 0.5
105.00 180.00 143.33 0.5 0.5
110.00 180.00 144.71 0.5 0.5
115.00 180.00 144.86 0.5 0.5
120.00 180.00 143.42 0.5 0.5
125.00 180.00 139.37 0.5 0.5
130.00 180.00 130.29 0.5 0.5
135.00 180.00 134.80 0.5 0.5
140.00 180.00 137.55 1.0 0.0
145.00 180.00 133.73 1.0 0.0
150.00 180.00 128.99 1.0 0.0
155.00 180.00 138.50 1.0 0.0
160.00 180.00 140.83 1.0 0.0
165.00 180.00 139.42 1.0 0.0
170.00 180.00 134.62 1.0 0.0
175.00 180.00 126.67 1.0 0.0
180.00 180.00 127.48 1.0 0.0
0.00 190.00 122.96 0.0 1.0
5.00 190.00 132.61 0.0 1.0
10.00 190.00 137.92 0.0 1.0
15.00 190.00 139.40 0.0 1.0
20.00 190.00 137.56 0.0 1.0
25.00 190.00 132.32 0.0 1.0
30.00 190.00 129.22 0.0 1.0
35.00 190.00 131.92 0.0 1.0
40.00 190.00 133.11 0.0 1.0
45.00 190.00 134.35 0.5 0.5
50.00 190.00 136.68 0.5 0.5
55.00 190.00 139.15 0.5 0.5
60.00 190.00 140.92 0.5 0.5
65.00 190.00 141.77 0.5 0.5
70.00 190.00 141.77 0.5 0.5
75.00 190.00 141.05 0.5 0.5
80.00 190.00 139.88 0.5 0.5
85.00 190.00 138.90 0.5 0.5
90.00 190.00 139.16 0.5 0.5
95.00 190.00 140.77 0.5 0.5
100.00 190.00 142.69 0.5 0.5
105.00 190.00 144.19 0.5 0.5
110.00 190.00 144.94 0.5 0.5
115.00 190.00 144.65 0.5 0.5
120.00 190.00 142.84 0.5 0.5
125.00 190.00 138.46 0.5 0.5
130.00 190.00 130.36 0.5 0.5
135.00 190.00 134.45 0.5 0.5
140.00 190.00 136.06 1.0 0.0
145.00 190.00 130.24 1.0 0.0
150.00 190.00 131.72 1.0 0.0
155.00 190.00 139.28 1.0 0.0
160.00 190.00 140.99 1.0 0.0
165.00 190.00 139.30 1.0 0.0
170.00 190.00 134.34 1.0 0.0
175.00 190.00 126.41 1.0 0.0
180.00 190.00 127.48 1.0 0.0
0.00 200.00 122.96 0.0 1.0
5.00 200.00 132.16 0.0 1.0
10.00 200.00 137.56 0.0 1.0
15.00 200.00 139.42 0.0 1.0
20.00 200.00 138.38 0.0 1.0
25.00 200.00 134.83 0.0 1.0
30.00 200.00 132.41 0.0 1.0
35.00 200.00 134.28 0.0 1.0
40.00 200.00 135.17 0.0 1.0
45.00 200.00 134.08 0.5 0.5
50.00 200.00 131.79 0.5 0.5
55.00 200.00 133.01 0.5 0.5
60.00 200.00 136.95 0.5 0.5
65.00 200.00 139.77 0.5 0.5
70.00 200.00 141.42 0.5 0.5
75.00 200.00 142.28 0.5 0.5
80.00 200.00 142.70 0.5 0.5
85.00 200.00 142.97 0.5 0.5
90.00 200.00 143.32 0.5 0.5
95.00 200.00 143.82 0.5 0.5
100.00 200.00 144.31 0.5 0.5
105.00 200.00 144.56 0.5 0.5
110.00 200.00 144.22 0.5 0.5
115.00 200.00 142.86 0.5 0.5
120.00 200.00 139.78 0.5 0.5
125.00 200.00 133.55 0.5 0.5
130.00 200.00 130.51 0.5 0.5
135.00 200.00 134.72 0.5 0.5
140.00 200.00 133.47 1.0 0.0
145.00 200.00 126.78 1.0 0.0
150.00 200.00 136.06 1.0 0.0
155.00 200.00 140.44 1.0 0.0
160.00 200.00 141.07 1.0 0.0
165.00 200.00 138.84 1.0 0.0
170.00 200.00 133.61 1.0 0.0
175.00 200.00 125.93 1.0 0.0
180.00 200.00 127.48 1.0 0.0
0.00 210.00 122.96 0.0 1.0
5.00 210.00 131.43 0.0 1.0
10.00 210.00 136.84 0.0 1.0
15.00 210.00 139.12 0.0 1.0
20.00 210.00 138.88 0.0 1.0
25.00 210.00 136.53 0.0 1.0
30.00 210.00 133.97 0.0 1.0
35.00 210.00 134.83 0.0 1.0
40.00 210.00 136.22 0.0 1.0
45.00 210.00 135.93 0.5 0.5
50.00 210.00 133.18 0.5 0.5
55.00 210.00 124.38 0.5 0.5
60.00 210.00 126.64 0.5 0.5
65.00 210.00 135.37 0.5 0.5
70.00 210.00 139.28 0.5 0.5
75.00 210.00 141.48 0.5 0.5
80.00 210.00 142.79 0.5 0.5
85.00 210.00 143.55 0.5 0.5
90.00 210.00 143.94 0.5 0.5
95.00 210.00 144.02 0.5 0.5
100.00 210.00 143.70 0.5 0.5
105.00 210.00 142.80 0.5 0.5
110.00 210.00 140.97 0.5 0.5
115.00 210.00 137.52 0.5 0.5
120.00 210.00 131.40 0.5 0.5
125.00 210.00 130.57 0.5 0.5
130.00 210.00 134.57 0.5 0.5
135.00 210.00 134.61 0.5 0.5
140.00 210.00 131.08 1.0 0.0
145.00 210.00 134.13 1.0 0.0
150.00 210.00 139.28 1.0 0.0
155.00 210.00 141.26 1.0 0.0
160.00 210.00 140.73 1.0 0.0
165.00 210.00 137.87 1.0 0.0
170.00 210.00 132.34 1.0 0.0
175.00 210.00 125.31 1.0 0.0
180.00 210.00 127.48 1.0 0.0
0.00 220.00 122.96 0.0 1.0
5.00 220.00 130.40 0.0 1.0
10.00 220.00 135.70 0.0 1.0
15.00 220.00 138.34 0.0 1.0
20.00 220.00 138.86 0.0 1.0
25.00 220.00 137.54 0.0 1.0
30.00 220.00 134.99 0.0 1.0
35.00 220.00 133.68 0.0 1.0
40.00 220.00 134.92 0.0 1.0
45.00 220.00 136.00 0.5 0.5
50.00 220.00 135.83 0.5 0.5
55.00 220.00 134.11 0.5 0.5
60.00 220.00 130.12 0.5 0.5
65.00 220.00 122.21 0.5 0.5
70.00 220.00 127.27 0.5 0.5
75.00 220.00 132.94 0.5 0.5
80.00 220.00 135.78 0.5 0.5
85.00 220.00 137.13 0.5 0.5
90.00 220.00 137.41 0.5 0.5
95.00 220.00 136.64 0.5 0.5
100.00 220.00 134.57 0.5 0.5
105.00 220.00 130.55 0.5 0.5
110.00 220.00 127.23 0.5 0.5
115.00 220.00 132.12 0.5 0.5
120.00 220.00 135.72 0.5 0.5
125.00 220.00 136.96 0.5 0.5
130.00 220.00 136.09 0.5 0.5
135.00 220.00 133.73 0.5 0.5
140.00 220.00 134.94 1.0 0.0
145.00 220.00 138.80 1.0 0.0
150.00 220.00 140.96 1.0 0.0
155.00 220.00 141.21 1.0 0.0
160.00 220.00 139.65 1.0 0.0
165.00 220.00 136.15 1.0 0.0
170.00 220.00 130.40 1.0 0.0
175.00 220.00 124.70 1.0 0.0
180.00 220.00 127.48 1.0 0.0
0.00 230.00 122.96 0.0 1.0
5.00 230.00 129.03 0.0 1.0
10.00 230.00 134.01 0.0 1.0
15.00 230.00 136.92 0.0 1.0
20.00 230.00 138.13 0.0 1.0
25.00 230.00 137.85 0.0 1.0
30.00 230.00 136.24 0.0 1.0
35.00 230.00 133.58 0.0 1.0
40.00 230.00 131.21 0.0 1.0
45.00 230.00 131.35 0.5 0.5
50.00 230.00 132.91 0.5 0.5
55.00 230.00 134.29 0.5 0.5
60.00 230.00 135.28 0.5 0.5
65.00 230.00 135.92 0.5 0.5
70.00 230.00 136.33 0.5 0.5
75.00 230.00 136.59 0.5 0.5
80.00 230.00 136.81 0.5 0.5
85.00 230.00 137.10 0.5 0.5
90.00 230.00 137.52 0.5 0.5
95.00 230.00 138.04 0.5 0.5
100.00 230.00 138.55 0.5 0.5
105.00 230.00 138.88 0.5 0.5
110.00 230.00 138.83 0.5 0.5
115.00 230.00 138.16 0.5 0.5
120.00 230.00 136.63 0.5 0.5
125.00 230.00 134.42 0.5 0.5
130.00 230.00 133.98 0.5 0.5
135.00 230.00 136.76 0.5 0.5
140.00 230.00 139.41 1.0 0.0
145.00 230.00 140.82 1.0 0.0
150.00 230.00 140.96 1.0 0.0
155.00 230.00 139.85 1.0 0.0
160.00 230.00 137.39 1.0 0.0
165.00 230.00 133.34 1.0 0.0
170.00 230.00 127.67 1.0 0.0
175.00 230.00 124.33 1.0 0.0
180.00 230.00 127.48 1.0 0.0
0.00 240.00 122.96 0.0 1.0
5.00 240.00 127.30 0.0 1.0
10.00 240.00 131.63 0.0 1.0
15.00 240.00 134.62 0.0 1.0
20.00 240.00 136.41 0.0 1.0
25.00 240.00 137.19 0.0 1.0
30.00 240.00 137.10 0.0 1.0
35.00 240.00 136.29 0.0 1.0
40.00 240.00 134.96 0.0 1.0
45.00 240.00 133.35 0.5 0.5
50.00 240.00 131.80 0.5 0.5
55.00 240.00 130.57 0.5 0.5
60.00 240.00 129.89 0.5 0.5
65.00 240.00 129.94 0.5 0.5
70.00 240.00 130.64 0.5 0.5
75.00 240.00 131.65 0.5 0.5
80.00 240.00 132.61 0.5 0.5
85.00 240.00 133.33 0.5 0.5
90.00 240.00 133.80 0.5 0.5
95.00 240.00 134.08 0.5 0.5
100.00 240.00 134.38 0.5 0.5
105.00 240.00 134.99 0.5 0.5
110.00 240.00 136.08 0.5 0.5
115.00 240.00 137.52 0.5 0.5
120.00 240.00 138.99 0.5 0.5
125.00 240.00 140.22 0.5 0.5
130.00 240.00 141.04 0.5 0.5
135.00 240.00 141.38 0.5 0.5
140.00 240.00 141.17 1.0 0.0
145.00 240.00 140.35 1.0 0.0
150.00 240.00 138.85 1.0 0.0
155.00 240.00 136.55 1.0 0.0
160.00 240.00 133.25 1.0 0.0
165.00 240.00 128.82 1.0 0.0
170.00 240.00 124.38 1.0 0.0
175.00 240.00 124.43 1.0 0.0
180.00 240.00 127.48 1.0 0.0
0.00 250.00 122.96 0.0 1.0
5.00 250.00 125.21 0.0 1.0
10.00 250.00 128.32 0.0 1.0
15.00 250.00 131.07 0.0 1.0
20.00 250.00 133.27 0.0 1.0
25.00 250.00 134.91 0.0 1.0
30.00 250.00 136.05 0.0 1.0
35.00 250.00 136.78 0.0 1.0
40.00 250.00 137.20 0.0 1.0
45.00 250.00 137.47 0.5 0.5
50.00 250.00 137.80 0.5 0.5
55.00 250.00 138.29 0.5 0.5
60.00 250.00 138.98 0.5 0.5
65.00 250.00 139.77 0.5 0.5
70.00 250.00 140.57 0.5 0.5
75.00 250.00 141.31 0.5 0.5
80.00 250.00 141.96 0.5 0.5
85.00 250.00 142.52 0.5 0.5
90.00 250.00 142.98 0.5 0.5
95.00 250.00 143.34 0.5 0.5
100.00 250.00 143.60 0.5 0.5
105.00 250.00 143.75 0.5 0.5
110.00 250.00 143.76 0.5 0.5
115.00 250.00 143.60 0.5 0.5
120.00 250.00 143.24 0.5 0.5
125.00 250.00 142.61 0.5 0.5
130.00 250.00 141.66 0.5 0.5
135.00 250.00 140.34 0.5 0.5
140.00 250.00 138.58 1.0 0.0
145.00 250.00 136.30 1.0 0.0
150.00 250.00 133.41 1.0 0.0
155.00 250.00 129.80 1.0 0.0
160.00 250.00 125.46 1.0 0.0
165.00 250.00 121.84 1.0 0.0
170.00 250.00 122.46 1.0 0.0
175.00 250.00 125.04 1.0 0.0
180.00 250.00 127.48 1.0 0.0
0.00 260.00 122.96 0.0 1.0
5.00 260.00 122.82 0.0 1.0
10.00 260.00 123.65 0.0 1.0
15.00 260.00 125.53 0.0 1.0
20.00 260.00 127.83 0.0 1.0
25.00 260.00 129.94 0.0 1.0
30.00 260.00 131.60 0.0 1.0
35.00 260.00 132.76 0.0 1.0
40.00 260.00 133.47 0.0 1.0
45.00 260.00 133.83 0.5 0.5
50.00 260.00 133.95 0.5 0.5
55.00 260.00 134.00 0.5 0.5
60.00 260.00 134.12 0.5 0.5
65.00 260.00 134.39 0.5 0.5
70.00 260.00 134.79 0.5 0.5
75.00 260.00 135.25 0.5 0.5
80.00 260.00 135.70 0.5 0.5
85.00 260.00 136.09 0.5 0.5
90.00 260.00 136.39 0.5 0.5
95.00 260.00 136.59 0.5 0.5
100.00 260.00 136.67 0.5 0.5
105.00 260.00 136.62 0.5 0.5
110.00 260.00 136.42 0.5 0.5
115.00 260.00 136.05 0.5 0.5
120.00 260.00 135.46 0.5 0.5
125.00 260.00 134.60 0.5 0.5
130.00 260.00 133.38 0.5 0.5
135.00 260.00 131.69 0.5 0.5
140.00 260.00 129.39 1.0 0.0
145.00 260.00 126.15 1.0 0.0
150.00 260.00 121.21 1.0 0.0
155.00 260.00 111.26 1.0 0.0
160.00 260.00 112.49 1.0 0.0
165.00 260.00 120.15 1.0 0.0
170.00 260.00 123.77 1.0 0.0
175.00 260.00 126.00 1.0 0.0
180.00 260.00 127.48 1.0 0.0
0.00 270.00 122.96 0.0 1.0
5.00 270.00 120.60 0.0 1.0
10.00 270.00 117.22 0.0 1.0
15.00 270.00 114.82 0.0 1.0
20.00 270.00 116.91 0.0 1.0
25.00 270.00 119.74 0.0 1.0
30.00 270.00 121.59 0.0 1.0
35.00 270.00 122.55 0.0 1.0
40.00 270.00 122.78 0.0 1.0
45.00 270.00 122.39 0.5 0.5
50.00 270.00 121.41 0.5 0.5
55.00 270.00 119.87 0.5 0.5
60.00 270.00 117.73 0.5 0.5
65.00 270.00 114.95 0.5 0.5
70.00 270.00 111.40 0.5 0.5
75.00 270.00 106.88 0.5 0.5
80.00 270.00 100.90 0.5 0.5
85.00 270.00 92.06 0.5 0.5
90.00 270.00 57.10 0.5 0.5
95.00 270.00 86.81 0.5 0.5
100.00 270.00 92.72 0.5 0.5
105.00 270.00 97.21 0.5 0.5
110.00 270.00 100.75 0.5 0.5
115.00 270.00 103.48 0.5 0.5
120.00 270.00 105.57 0.5 0.5
125.00 270.00 107.03 0.5 0.5
130.00 270.00 107.78 0.5 0.5
135.00 270.00 107.69 0.5 0.5
140.00 270.00 107.23 1.0 0.0
145.00 270.00 109.25 1.0 0.0
150.00 270.00 114.00 1.0 0.0
155.00 270.00 118.43 1.0 0.0
160.00 270.00 121.86 1.0 0.0
165.00 270.00 124.38 1.0 0.0
170.00 270.00 126.10 1.0 0.0
175.00 270.00 127.12 1.0 0.0
180.00 270.00 127.48 1.0 0.0
0.00 280.00 122.96 0.0 1.0
5.00 280.00 119.66 0.0 1.0
10.00 280.00 117.23 0.0 1.0
15.00 280.00 116.85 0.0 1.0
20.00 280.00 117.11 0.0 1.0
25.00 280.00 116.39 0.0 1.0
30.00 280.00 114.69 0.0 1.0
35.00 280.00 118.22 0.0 1.0
40.00 280.00 124.30 0.0 1.0
45.00 280.00 128.79 0.5 0.5
50.00 280.00 131.96 0.5 0.5
55.00 280.00 134.20 0.5 0.5
60.00 280.00 135.74 0.5 0.5
65.00 280.00 136.76 0.5 0.5
70.00 280.00 137.38 0.5 0.5
75.00 280.00 137.68 0.5 0.5
80.00 280.00 137.75 0.5 0.5
85.00 280.00 137.65 0.5 0.5
90.00 280.00 137.42 0.5 0.5
95.00 280.00 137.12 0.5 0.5
100.00 280.00 136.78 0.5 0.5
105.00 280.00 136.44 0.5 0.5
110.00 280.00 136.12 0.5 0.5
115.00 280.00 135.85 0.5 0.5
120.00 280.00 135.60 0.5 0.5
125.00 280.00 135.34 0.5 0.5
130.00 280.00 134.97 0.5 0.5
135.00 280.00 134.39 0.5 0.5
140.00 280.00 133.47 1.0 0.0
145.00 280.00 132.09 1.0 0.0
150.00 280.00 130.24 1.0 0.0
155.00 280.00 128.34 1.0 0.0
160.00 280.00 127.43 1.0 0.0
165.00 280.00 127.81 1.0 0.0
170.00 280.00 128.34 1.0 0.0
175.00 280.00 128.26 1.0 0.0
180.00 280.00 127.48 1.0 0.0
0.00 290.00 122.96 0.0 1.0
5.00 290.00 120.60 0.0 1.0
10.00 290.00 122.99 0.0 1.0
15.00 290.00 125.95 0.0 1.0
20.00 290.00 128.14 0.0 1.0
25.00 290.00 129.64 0.0 1.0
30.00 290.00 131.38 0.0 1.0
35.00 290.00 134.17 0.0 1.0
40.00 290.00 137.28 0.0 1.0
45.00 290.00 139.88 0.5 0.5
50.00 290.00 141.76 0.5 0.5
55.00 290.00 142.96 0.5 0.5
60.00 290.00 143.59 0.5 0.5
65.00 290.00 143.78 0.5 0.5
70.00 290.00 143.63 0.5 0.5
75.00 290.00 143.25 0.5 0.5
80.00 290.00 142.74 0.5 0.5
85.00 290.00 142.19 0.5 0.5
90.00 290.00 141.66 0.5 0.5
95.00 290.00 141.21 0.5 0.5
100.00 290.00 140.87 0.5 0.5
105.00 290.00 140.67 0.5 0.5
110.00 290.00 140.60 0.5 0.5
115.00 290.00 140.62 0.5 0.5
120.00 290.00 140.67 0.5 0.5
125.00 290.00 140.69 0.5 0.5
130.00 290.00 140.61 0.5 0.5
135.00 290.00 140.32 0.5 0.5
140.00 290.00 139.72 1.0 0.0
145.00 290.00 138.64 1.0 0.0
150.00 290.00 136.95 1.0 0.0
155.00 290.00 134.67 1.0 0.0
160.00 290.00 132.34 1.0 0.0
165.00 290.00 130.98 1.0 0.0
170.00 290.00 130.40 1.0 0.0
175.00 290.00 129.37 1.0 0.0
180.00 290.00 127.48 1.0 0.0
0.00 300.00 122.96 0.0 1.0
5.00 300.00 122.43 0.0 1.0
10.00 300.00 127.26 0.0 1.0
15.00 300.00 131.30 0.0 1.0
20.00 300.00 134.10 0.0 1.0
25.00 300.00 135.99 0.0 1.0
30.00 300.00 137.71 0.0 1.0
35.00 300.00 139.66 0.0 1.0
40.00 300.00 141.45 0.0 1.0
45.00 300.00 142.60 0.5 0.5
50.00 300.00 142.89 0.5 0.5
55.00 300.00 142.28 0.5 0.5
60.00 300.00 140.79 0.5 0.5
65.00 300.00 138.44 0.5 0.5
70.00 300.00 135.36 0.5 0.5
75.00 300.00 132.35 0.5 0.5
80.00 300.00 131.14 0.5 0.5
85.00 300.00 131.56 0.5 0.5
90.00 300.00 131.87 0.5 0.5
95.00 300.00 131.29 0.5 0.5
100.00 300.00 129.44 0.5 0.5
105.00 300.00 126.02 0.5 0.5
110.00 300.00 124.89 0.5 0.5
115.00 300.00 129.97 0.5 0.5
120.00 300.00 134.19 0.5 0.5
125.00 300.00 137.00 0.5 0.5
130.00 300.00 138.83 0.5 0.5
135.00 300.00 139.94 0.5 0.5
140.00 300.00 140.41 1.0 0.0
145.00 300.00 140.21 1.0 0.0
150.00 300.00 139.24 1.0 0.0
155.00 300.00 137.46 1.0 0.0
160.00 300.00 135.23 1.0 0.0
165.00 300.00 133.44 1.0 0.0
170.00 300.00 132.20 1.0 0.0
175.00 300.00 130.40 1.0 0.0
180.00 300.00 127.48 1.0 0.0
0.00 310.00 122.96 0.0 1.0
5.00 310.00 124.27 0.0 1.0
10.00 310.00 130.44 0.0 1.0
15.00 310.00 134.97 0.0 1.0
20.00 310.00 137.76 0.0 1.0
25.00 310.00 139.24 0.0 1.0
30.00 310.00 140.05 0.0 1.0
35.00 310.00 140.58 0.0 1.0
40.00 310.00 140.61 0.0 1.0
45.00 310.00 139.52 0.5 0.5
50.00 310.00 136.72 0.5 0.5
55.00 310.00 132.20 0.5 0.5
60.00 310.00 132.66 0.5 0.5
65.00 310.00 136.65 0.5 0.5
70.00 310.00 139.01 0.5 0.5
75.00 310.00 140.14 0.5 0.5
80.00 310.00 140.55 0.5 0.5
85.00 310.00 140.56 0.5 0.5
90.00 310.00 140.38 0.5 0.5
95.00 310.00 140.11 0.5 0.5
100.00 310.00 139.71 0.5 0.5
105.00 310.00 139.03 0.5 0.5
110.00 310.00 137.80 0.5 0.5
115.00 310.00 135.58 0.5 0.5
120.00 310.00 131.52 0.5 0.5
125.00 310.00 125.11 0.5 0.5
130.00 310.00 129.44 0.5 0.5
135.00 310.00 134.60 0.5 0.5
140.00 310.00 137.37 1.0 0.0
145.00 310.00 138.66 1.0 0.0
150.00 310.00 138.75 1.0 0.0
155.00 310.00 137.80 1.0 0.0
160.00 310.00 136.28 1.0 0.0
165.00 310.00 134.96 1.0 0.0
170.00 310.00 133.67 1.0 0.0
175.00 310.00 131.31 1.0 0.0
180.00 310.00 127.48 1.0 0.0
0.00 320.00 122.96 0.0 1.0
5.00 320.00 125.83 0.0 1.0
10.00 320.00 132.83 0.0 1.0
15.00 320.00 137.48 0.0 1.0
20.00 320.00 139.92 0.0 1.0
25.00 320.00 140.54 0.0 1.0
30.00 320.00 139.81 0.0 1.0
35.00 320.00 138.30 0.0 1.0
40.00 320.00 136.34 0.0 1.0
45.00 320.00 134.06 0.5 0.5
50.00 320.00 133.53 0.5 0.5
55.00 320.00 135.41 0.5 0.5
60.00 320.00 136.75 0.5 0.5
65.00 320.00 136.69 0.5 0.5
70.00 320.00 135.29 0.5 0.5
75.00 320.00 132.83 0.5 0.5
80.00 320.00 129.90 0.5 0.5
85.00 320.00 127.62 0.5 0.5
90.00 320.00 125.96 0.5 0.5
95.00 320.00 123.29 0.5 0.5
100.00 320.00 119.39 0.5 0.5
105.00 320.00 123.16 0.5 0.5
110.00 320.00 128.05 0.5 0.5
115.00 320.00 130.63 0.5 0.5
120.00 320.00 131.47 0.5 0.5
125.00 320.00 131.18 0.5 0.5
130.00 320.00 131.12 0.5 0.5
135.00 320.00 132.73 0.5 0.5
140.00 320.00 134.98 1.0 0.0
145.00 320.00 136.53 1.0 0.0
150.00 320.00 136.98 1.0 0.0
155.00 320.00 136.48 1.0 0.0
160.00 320.00 135.86 1.0 0.0
165.00 320.00 135.66 1.0 0.0
170.00 320.00 134.78 1.0 0.0
175.00 320.00 132.09 1.0 0.0
180.00 320.00 127.48 1.0 0.0
0.00 330.00 122.96 0.0 1.0
5.00 330.00 127.07 0.0 1.0
10.00 330.00 134.57 0.0 1.0
15.00 330.00 139.16 0.0 1.0
20.00 330.00 141.11 0.0 1.0
25.00 330.00 140.62 0.0 1.0
30.00 330.00 137.76 0.0 1.0
35.00 330.00 134.37 0.0 1.0
40.00 330.00 135.01 0.0 1.0
45.00 330.00 135.50 0.5 0.5
50.00 330.00 133.48 0.5 0.5
55.00 330.00 129.85 0.5 0.5
60.00 330.00 132.21 0.5 0.5
65.00 330.00 136.59 0.5 0.5
70.00 330.00 139.37 0.5 0.5
75.00 330.00 140.98 0.5 0.5
80.00 330.00 141.81 0.5 0.5
85.00 330.00 142.10 0.5 0.5
90.00 330.00 141.99 0.5 0.5
95.00 330.00 141.51 0.5 0.5
100.00 330.00 140.65 0.5 0.5
105.00 330.00 139.29 0.5 0.5
110.00 330.00 137.22 0.5 0.5
115.00 330.00 134.05 0.5 0.5
120.00 330.00 129.09 0.5 0.5
125.00 330.00 124.84 0.5 0.5
130.00 330.00 129.58 0.5 0.5
135.00 330.00 133.58 0.5 0.5
140.00 330.00 135.87 1.0 0.0
145.00 330.00 136.80 1.0 0.0
150.00 330.00 136.25 1.0 0.0
155.00 330.00 134.53 1.0 0.0
160.00 330.00 134.33 1.0 0.0
165.00 330.00 135.80 1.0 0.0
170.00 330.00 135.59 1.0 0.0
175.00 330.00 132.72 1.0 0.0
180.00 330.00 127.48 1.0 0.0
0.00 340.00 122.96 0.0 1.0
5.00 340.00 127.97 0.0 1.0
10.00 340.00 135.76 0.0 1.0
15.00 340.00 140.24 0.0 1.0
20.00 340.00 141.73 0.0 1.0
25.00 340.00 140.14 0.0 1.0
30.00 340.00 134.67 0.0 1.0
35.00 340.00 133.51 0.0 1.0
40.00 340.00 137.11 0.0 1.0
45.00 340.00 135.68 0.5 0.5
50.00 340.00 123.69 0.5 0.5
55.00 340.00 133.67 0.5 0.5
60.00 340.00 140.43 0.5 0.5
65.00 340.00 143.19 0.5 0.5
70.00 340.00 144.26 0.5 0.5
75.00 340.00 144.40 0.5 0.5
80.00 340.00 144.03 0.5 0.5
85.00 340.00 143.48 0.5 0.5
90.00 340.00 142.99 0.5 0.5
95.00 340.00 142.71 0.5 0.5
100.00 340.00 142.58 0.5 0.5
105.00 340.00 142.42 0.5 0.5
110.00 340.00 141.96 0.5 0.5
115.00 340.00 140.94 0.5 0.5
120.00 340.00 139.00 0.5 0.5
125.00 340.00 135.66 0.5 0.5
130.00 340.00 130.97 0.5 0.5
135.00 340.00 131.53 0.5 0.5
140.00 340.00 135.45 1.0 0.0
145.00 340.00 137.29 1.0 0.0
150.00 340.00 136.64 1.0 0.0
155.00 340.00 133.11 1.0 0.0
160.00 340.00 132.08 1.0 0.0
165.00 340.00 135.75 1.0 0.0
170.00 340.00 136.19 1.0 0.0
175.00 340.00 133.20 1.0 0.0
180.00 340.00 127.48 1.0 0.0
0.00 350.00 122.96 0.0 1.0
5.00 350.00 128.55 0.0 1.0
10.00 350.00 136.49 0.0 1.0
15.00 350.00 140.88 0.0 1.0
20.00 350.00 142.09 0.0 1.0
25.00 350.00 139.77 0.0 1.0
30.00 350.00 131.81 0.0 1.0
35.00 350.00 134.71 0.0 1.0
40.00 350.00 138.12 0.0 1.0
45.00 350.00 134.94 0.5 0.5
50.00 350.00 119.20 0.5 0.5
55.00 350.00 138.53 0.5 0.5
60.00 350.00 143.16 0.5 0.5
65.00 350.00 144.81 0.5 0.5
70.00 350.00 144.86 0.5 0.5
75.00 350.00 143.84 0.5 0.5
80.00 350.00 142.10 0.5 0.5
85.00 350.00 140.12 0.5 0.5
90.00 350.00 138.91 0.5 0.5
95.00 350.00 139.34 0.5 0.5
100.00 350.00 140.70 0.5 0.5
105.00 350.00 142.00 0.5 0.5
110.00 350.00 142.77 0.5 0.5
115.00 350.00 142.82 0.5 0.5
120.00 350.00 141.93 0.5 0.5
125.00 350.00 139.74 0.5 0.5
130.00 350.00 135.52 0.5 0.5
135.00 350.00 129.50 0.5 0.5
140.00 350.00 133.17 1.0 0.0
145.00 350.00 136.65 1.0 0.0
150.00 350.00 136.52 1.0 0.0
155.00 350.00 131.86 1.0 0.0
160.00 350.00 129.83 1.0 0.0
165.00 350.00 135.85 1.0 0.0
170.00 350.00 136.63 1.0 0.0
175.00 350.00 133.52 1.0 0.0
180.00 350.00 127.48 1.0 0.0
0.00 360.00 122.96 0.0 1.0
5.00 360.00 128.82 0.0 1.0
10.00 360.00 136.80 0.0 1.0
15.00 360.00 141.19 0.0 1.0
20.00 360.00 142.38 0.0 1.0
25.00 360.00 140.01 0.0 1.0
30.00 360.00 131.13 0.0 1.0
35.00 360.00 134.38 0.0 1.0
40.00 360.00 138.21 0.0 1.0
45.00 360.00 135.07 0.5 0.5
50.00 360.00 121.46 0.5 0.5
55.00 360.00 138.83 0.5 0.5
60.00 360.00 143.34 0.5 0.5
65.00 360.00 144.83 0.5 0.5
70.00 360.00 144.61 0.5 0.5
75.00 360.00 143.05 0.5 0.5
80.00 360.00 140.03 0.5 0.5
85.00 360.00 134.61 0.5 0.5
90.00 360.00 121.99 0.5 0.5
95.00 360.00 132.35 0.5 0.5
100.00 360.00 138.15 0.5 0.5
105.00 360.00 141.13 0.5 0.5
110.00 360.00 142.74 0.5 0.5
115.00 360.00 143.30 0.5 0.5
120.00 360.00 142.82 0.5 0.5
125.00 360.00 141.05 0.5 0.5
130.00 360.00 137.33 0.5 0.5
135.00 360.00 129.58 0.5 0.5
140.00 360.00 129.50 1.0 0.0
145.00 360.00 135.04 1.0 0.0
150.00 360.00 135.22 1.0 0.0
155.00 360.00 129.05 1.0 0.0
160.00 360.00 129.43 1.0 0.0
165.00 360.00 136.31 1.0 0.0
170.00 360.00 136.96 1.0 0.0
175.00 360.00 133.67 1.0 0.0
180.00 360.00 127.48 1.0 0.0
0.00 370.00 122.96 0.0 1.0
5.00 370.00 128.77 0.0 1.0
10.00 370.00 136.71 0.0 1.0
15.00 370.00 141.18 0.0 1.0
20.00 370.00 142.64 0.0 1.0
25.00 370.00 140.89 0.0 1.0
30.00 370.00 133.88 0.0 1.0
35.00 370.00 131.51 0.0 1.0
40.00 370.00 137.29 0.0 1.0
45.00 370.00 135.99 0.5 0.5
50.00 370.00 126.82 0.5 0.5
55.00 370.00 136.68 0.5 0.5
60.00 370.00 142.17 0.5 0.5
65.00 370.00 144.34 0.5 0.5
70.00 370.00 144.80 0.5 0.5
75.00 370.00 144.14 0.5 0.5
80.00 370.00 142.67 0.5 0.5
85.00 370.00 140.77 0.5 0.5
90.00 370.00 139.33 0.5 0.5
95.00 370.00 139.45 0.5 0.5
100.00 370.00 140.79 0.5 0.5
105.00 370.00 142.20 0.5 0.5
110.00 370.00 143.11 0.5 0.5
115.00 370.00 143.29 0.5 0.5
120.00 370.00 142.57 0.5 0.5
125.00 370.00 140.67 0.5 0.5
130.00 370.00 136.92 0.5 0.5
135.00 370.00 128.97 0.5 0.5
140.00 370.00 125.91 1.0 0.0
145.00 370.00 132.56 1.0 0.0
150.00 370.00 132.08 1.0 0.0
155.00 370.00 120.87 1.0 0.0
160.00 370.00 131.84 1.0 0.0
165.00 370.00 137.05 1.0 0.0
170.00 370.00 137.15 1.0 0.0
175.00 370.00 133.66 1.0 0.0
180.00 370.00 127.48 1.0 0.0
0.00 380.00 122.96 0.0 1.0
5.00 380.00 128.42 0.0 1.0
10.00 380.00 136.21 0.0 1.0
15.00 380.00 140.83 0.0 1.0
20.00 380.00 142.74 0.0 1.0
25.00 380.00 141.98 0.0 1.0
30.00 380.00 137.77 0.0 1.0
35.00 380.00 129.64 0.0 1.0
40.00 380.00 134.80 0.0 1.0
45.00 380.00 136.27 0.5 0.5
50.00 380.00 132.29 0.5 0.5
55.00 380.00 131.58 0.5 0.5
60.00 380.00 138.94 0.5 0.5
65.00 380.00 142.54 0.5 0.5
70.00 380.00 144.16 0.5 0.5
75.00 380.00 144.68 0.5 0.5
80.00 380.00 144.56 0.5 0.5
85.00 380.00 144.15 0.5 0.5
90.00 380.00 143.73 0.5 0.5
95.00 380.00 143.48 0.5 0.5
100.00 380.00 143.40 0.5 0.5
105.00 380.00 143.32 0.5 0.5
110.00 380.00 143.00 0.5 0.5
115.00 380.00 142.21 0.5 0.5
120.00 380.00 140.70 0.5 0.5
125.00 380.00 138.19 0.5 0.5
130.00 380.00 134.07 0.5 0.5
135.00 380.00 127.13 0.5 0.5
140.00 380.00 125.46 1.0 0.0
145.00 380.00 128.52 1.0 0.0
150.00 380.00 124.22 1.0 0.0
155.00 380.00 124.98 1.0 0.0
160.00 380.00 134.82 1.0 0.0
165.00 380.00 137.78 1.0 0.0
170.00 380.00 137.15 1.0 0.0
175.00 380.00 133.46 1.0 0.0
180.00 380.00 127.48 1.0 0.0
0.00 390.00 122.96 0.0 1.0
5.00 390.00 127.78 0.0 1.0
10.00 390.00 135.27 0.0 1.0
15.00 390.00 140.04 0.0 1.0
20.00 390.00 142.45 0.0 1.0
25.00 390.00 142.74 0.0 1.0
30.00 390.00 140.75 0.0 1.0
35.00 390.00 136.10 0.0 1.0
40.00 390.00 133.13 0.0 1.0
45.00 390.00 135.92 0.5 0.5
50.00 390.00 136.10 0.5 0.5
55.00 390.00 132.53 0.5 0.5
60.00 390.00 128.55 0.5 0.5
65.00 390.00 135.28 0.5 0.5
70.00 390.00 139.44 0.5 0.5
75.00 390.00 141.58 0.5 0.5
80.00 390.00 142.61 0.5 0.5
85.00 390.00 142.97 0.5 0.5
90.00 390.00 142.90 0.5 0.5
95.00 390.00 142.51 0.5 0.5
100.00 390.00 141.79 0.5 0.5
105.00 390.00 140.68 0.5 0.5
110.00 390.00 139.07 0.5 0.5
115.00 390.00 136.92 0.5 0.5
120.00 390.00 134.51 0.5 0.5
125.00 390.00 132.67 0.5 0.5
130.00 390.00 131.66 0.5 0.5
135.00 390.00 130.61 0.5 0.5
140.00 390.00 128.80 1.0 0.0
145.00 390.00 125.23 1.0 0.0
150.00 390.00 125.57 1.0 0.0
155.00 390.00 133.00 1.0 0.0
160.00 390.00 137.04 1.0 0.0
165.00 390.00 138.21 1.0 0.0
170.00 390.00 136.87 1.0 0.0
175.00 390.00 133.07 1.0 0.0
180.00 390.00 127.48 1.0 0.0
0.00 400.00 122.96 0.0 1.0
5.00 400.00 126.87 0.0 1.0
10.00 400.00 133.85 0.0 1.0
15.00 400.00 138.67 0.0 1.0
20.00 400.00 141.53 0.0 1.0
25.00 400.00 142.72 0.0 1.0
30.00 400.00 142.32 0.0 1.0
35.00 400.00 140.30 0.0 1.0
40.00 400.00 137.13 0.0 1.0
45.00 400.00 136.11 0.5 0.5
50.00 400.00 137.85 0.5 0.5
55.00 400.00 138.79 0.5 0.5
60.00 400.00 138.25 0.5 0.5
65.00 400.00 136.33 0.5 0.5
70.00 400.00 133.27 0.5 0.5
75.00 400.00 130.30 0.5 0.5
80.00 400.00 129.82 0.5 0.5
85.00 400.00 130.58 0.5 0.5
90.00 400.00 130.42 0.5 0.5
95.00 400.00 128.52 0.5 0.5
100.00 400.00 123.39 0.5 0.5
105.00 400.00 118.13 0.5 0.5
110.00 400.00 127.89 0.5 0.5
115.00 400.00 132.66 0.5 0.5
120.00 400.00 135.06 0.5 0.5
125.00 400.00 135.94 0.5 0.5
130.00 400.00 135.54 0.5 0.5
135.00 400.00 133.94 0.5 0.5
140.00 400.00 131.51 1.0 0.0
145.00 400.00 130.68 1.0 0.0
150.00 400.00 133.54 1.0 0.0
155.00 400.00 136.58 1.0 0.0
160.00 400.00 138.18 1.0 0.0
165.00 400.00 138.10 1.0 0.0
170.00 400.00 136.21 1.0 0.0
175.00 400.00 132.48 1.0 0.0
180.00 400.00 127.48 1.0 0.0
0.00 410.00 122.96 0.0 1.0
5.00 410.00 125.76 0.0 1.0
10.00 410.00 131.89 0.0 1.0
15.00 410.00 136.55 0.0 1.0
20.00 410.00 139.69 0.0 1.0
25.00 410.00 141.55 0.0 1.0
30.00 410.00 142.25 0.0 1.0
35.00 410.00 141.86 0.0 1.0
40.00 410.00 140.43 0.0 1.0
45.00 410.00 138.24 0.5 0.5
50.00 410.00 136.62 0.5 0.5
55.00 410.00 137.23 0.5 0.5
60.00 410.00 138.76 0.5 0.5
65.00 410.00 139.87 0.5 0.5
70.00 410.00 140.39 0.5 0.5
75.00 410.00 140.45 0.5 0.5
80.00 410.00 140.25 0.5 0.5
85.00 410.00 139.94 0.5 0.5
90.00 410.00 139.64 0.5 0.5
95.00 410.00 139.44 0.5 0.5
100.00 410.00 139.34 0.5 0.5
105.00 410.00 139.27 0.5 0.5
110.00 410.00 139.10 0.5 0.5
115.00 410.00 138.66 0.5 0.5
120.00 410.00 137.82 0.5 0.5
125.00 410.00 136.45 0.5 0.5
130.00 410.00 134.63 0.5 0.5
135.00 410.00 133.00 0.5 0.5
140.00 410.00 132.99 1.0 0.0
145.00 410.00 134.68 1.0 0.0
150.00 410.00 136.58 1.0 0.0
155.00 410.00 137.82 1.0 0.0
160.00 410.00 138.10 1.0 0.0
165.00 410.00 137.24 1.0 0.0
170.00 410.00 135.10 1.0 0.0
175.00 410.00 131.69 1.0 0.0
180.00 410.00 127.48 1.0 0.0
0.00 420.00 122.96 0.0 1.0
5.00 420.00 124.59 0.0 1.0
10.00 420.00 129.37 0.0 1.0
15.00 420.00 133.49 0.0 1.0
20.00 420.00 136.59 0.0 1.0
25.00 420.00 138.76 0.0 1.0
30.00 420.00 140.13 0.0 1.0
35.00 420.00 140.81 0.0 1.0
40.00 420.00 140.90 0.0 1.0
45.00 420.00 140.46 0.5 0.5
50.00 420.00 139.54 0.5 0.5
55.00 420.00 138.23 0.5 0.5
60.00 420.00 136.66 0.5 0.5
65.00 420.00 135.15 0.5 0.5
70.00 420.00 134.19 0.5 0.5
75.00 420.00 134.01 0.5 0.5
80.00 420.00 134.31 0.5 0.5
85.00 420.00 134.70 0.5 0.5
90.00 420.00 134.92 0.5 0.5
95.00 420.00 134.90 0.5 0.5
100.00 420.00 134.62 0.5 0.5
105.00 420.00 134.10 0.5 0.5
110.00 420.00 133.45 0.5 0.5
115.00 420.00 132.87 0.5 0.5
120.00 420.00 132.65 0.5 0.5
125.00 420.00 132.97 0.5 0.5
130.00 420.00 133.73 0.5 0.5
135.00 420.00 134.67 0.5 0.5
140.00 420.00 135.60 1.0 0.0
145.00 420.00 136.40 1.0 0.0
150.00 420.00 136.93 1.0 0.0
155.00 420.00 137.07 1.0 0.0
160.00 420.00 136.62 1.0 0.0
165.00 420.00 135.46 1.0 0.0
170.00 420.00 133.48 1.0 0.0
175.00 420.00 130.72 1.0 0.0
180.00 420.00 127.48 1.0 0.0
0.00 430.00 122.96 0.0 1.0
5.00 430.00 123.70 0.0 1.0
10.00 430.00 126.47 0.0 1.0
15.00 430.00 129.37 0.0 1.0
20.00 430.00 131.82 0.0 1.0
25.00 430.00 133.71 0.0 1.0
30.00 430.00 135.13 0.0 1.0
35.00 430.00 136.25 0.0 1.0
40.00 430.00 137.25 0.0 1.0
45.00 430.00 138.24 0.5 0.5
50.00 430.00 139.20 0.5 0.5
55.00 430.00 140.07 0.5 0.5
60.00 430.00 140.76 0.5 0.5
65.00 430.00 141.24 0.5 0.5
70.00 430.00 141.51 0.5 0.5
75.00 430.00 141.59 0.5 0.5
80.00 430.00 141.51 0.5 0.5
85.00 430.00 141.30 0.5 0.5
90.00 430.00 141.00 0.5 0.5
95.00 430.00 140.63 0.5 0.5
100.00 430.00 140.22 0.5 0.5
105.00 430.00 139.81 0.5 0.5
110.00 430.00 139.41 0.5 0.5
115.00 430.00 139.03 0.5 0.5
120.00 430.00 138.65 0.5 0.5
125.00 430.00 138.23 0.5 0.5
130.00 430.00 137.71 0.5 0.5
135.00 430.00 137.04 0.5 0.5
140.00 430.00 136.25 1.0 0.0
145.00 430.00 135.42 1.0 0.0
150.00 430.00 134.69 1.0 0.0
155.00 430.00 134.09 1.0 0.0
160.00 430.00 133.47 1.0 0.0
165.00 430.00 132.61 1.0 0.0
170.00 430.00 131.33 1.0 0.0
175.00 430.00 129.59 1.0 0.0
180.00 430.00 127.48 1.0 0.0
0.00 440.00 122.96 0.0 1.0
5.00 440.00 123.54 0.0 1.0
10.00 440.00 124.27 0.0 1.0
15.00 440.00 124.99 0.0 1.0
20.00 440.00 125.55 0.0 1.0
25.00 440.00 125.83 0.0 1.0
30.00 440.00 125.85 0.0 1.0
35.00 440.00 125.86 0.0 1.0
40.00 440.00 126.42 0.0 1.0
45.00 440.00 127.83 0.5 0.5
50.00 440.00 129.70 0.5 0.5
55.00 440.00 131.50 0.5 0.5
60.00 440.00 133.01 0.5 0.5
65.00 440.00 134.16 0.5 0.5
70.00 440.00 134.98 0.5 0.5
75.00 440.00 135.52 0.5 0.5
80.00 440.00 135.82 0.5 0.5
85.00 440.00 135.94 0.5 0.5
90.00 440.00 135.92 0.5 0.5
95.00 440.00 135.82 0.5 0.5
100.00 440.00 135.69 0.5 0.5
105.00 440.00 135.56 0.5 0.5
110.00 440.00 135.46 0.5 0.5
115.00 440.00 135.35 0.5 0.5
120.00 440.00 135.16 0.5 0.5
125.00 440.00 134.79 0.5 0.5
130.00 440.00 134.16 0.5 0.5
135.00 440.00 133.18 0.5 0.5
140.00 440.00 131.83 1.0 0.0
145.00 440.00 130.24 1.0 0.0
150.00 440.00 128.85 1.0 0.0
155.00 440.00 128.25 1.0 0.0
160.00 440.00 128.43 1.0 0.0
165.00 440.00 128.76 1.0 0.0
170.00 440.00 128.81 1.0 0.0
175.00 440.00 128.39 1.0 0.0
180.00 440.00 127.48 1.0 0.0
0.00 450.00 122.96 0.0 1.0
5.00 450.00 124.32 0.0 1.0
10.00 450.00 124.89 0.0 1.0
15.00 450.00 124.80 0.0 1.0
20.00 450.00 124.22 0.0 1.0
25.00 450.00 123.33 0.0 1.0
30.00 450.00 122.37 0.0 1.0
35.00 450.00 121.52 0.0 1.0
40.00 450.00 120.83 0.0 1.0
45.00 450.00 120.16 0.5 0.5
50.00 450.00 119.39 0.5 0.5
55.00 450.00 118.43 0.5 0.5
60.00 450.00 117.22 0.5 0.5
65.00 450.00 115.75 0.5 0.5
70.00 450.00 113.94 0.5 0.5
75.00 450.00 111.60 0.5 0.5
80.00 450.00 108.26 0.5 0.5
85.00 450.00 102.45 0.5 0.5
90.00 450.00 63.38 0.5 0.5
95.00 450.00 102.59 0.5 0.5
100.00 450.00 108.57 0.5 0.5
105.00 450.00 111.85 0.5 0.5
110.00 450.00 113.84 0.5 0.5
115.00 450.00 114.91 0.5 0.5
120.00 450.00 115.15 0.5 0.5
125.00 450.00 114.51 0.5 0.5
130.00 450.00 112.82 0.5 0.5
135.00 450.00 110.27 0.5 0.5
140.00 450.00 109.90 1.0 0.0
145.00 450.00 113.75 1.0 0.0
150.00 450.00 117.66 1.0 0.0
155.00 450.00 120.74 1.0 0.0
160.00 450.00 123.16 1.0 0.0
165.00 450.00 125.04 1.0 0.0
170.00 450.00 126.40 1.0 0.0
175.00 450.00 127.22 1.0 0.0
180.00 450.00 127.48 1.0 0.0
0.00 460.00 122.96 0.0 1.0
5.00 460.00 125.73 0.0 1.0
10.00 460.00 127.56 0.0 1.0
15.00 460.00 128.46 0.0 1.0
20.00 460.00 128.65 0.0 1.0
25.00 460.00 128.63 0.0 1.0
30.00 460.00 129.15 0.0 1.0
35.00 460.00 130.43 0.0 1.0
40.00 460.00 131.92 0.0 1.0
45.00 460.00 133.18 0.5 0.5
50.00 460.00 134.09 0.5 0.5
55.00 460.00 134.70 0.5 0.5
60.00 460.00 135.08 0.5 0.5
65.00 460.00 135.33 0.5 0.5
70.00 460.00 135.50 0.5 0.5
75.00 460.00 135.61 0.5 0.5
80.00 460.00 135.66 0.5 0.5
85.00 460.00 135.63 0.5 0.5
90.00 460.00 135.49 0.5 0.5
95.00 460.00 135.18 0.5 0.5
100.00 460.00 134.68 0.5 0.5
105.00 460.00 133.96 0.5 0.5
110.00 460.00 133.06 0.5 0.5
115.00 460.00 132.11 0.5 0.5
120.00 460.00 131.37 0.5 0.5
125.00 460.00 131.10 0.5 0.5
130.00 460.00 131.20 0.5 0.5
135.00 460.00 131.33 0.5 0.5
140.00 460.00 131.13 1.0 0.0
145.00 460.00 130.43 1.0 0.0
150.00 460.00 129.18 1.0 0.0
155.00 460.00 127.52 1.0 0.0
160.00 460.00 125.86 1.0 0.0
165.00 460.00 124.89 1.0 0.0
170.00 460.00 125.11 1.0 0.0
175.00 460.00 126.23 1.0 0.0
180.00 460.00 127.48 1.0 0.0
0.00 470.00 122.96 0.0 1.0
5.00 470.00 127.30 0.0 1.0
10.00 470.00 130.33 0.0 1.0
15.00 470.00 131.89 0.0 1.0
20.00 470.00 132.38 0.0 1.0
25.00 470.00 132.56 0.0 1.0
30.00 470.00 133.41 0.0 1.0
35.00 470.00 135.00 0.0 1.0
40.00 470.00 136.64 0.0 1.0
45.00 470.00 137.96 0.5 0.5
50.00 470.00 138.95 0.5 0.5
55.00 470.00 139.68 0.5 0.5
60.00 470.00 140.25 0.5 0.5
65.00 470.00 140.70 0.5 0.5
70.00 470.00 141.06 0.5 0.5
75.00 470.00 141.38 0.5 0.5
80.00 470.00 141.65 0.5 0.5
85.00 470.00 141.90 0.5 0.5
90.00 470.00 142.11 0.5 0.5
95.00 470.00 142.27 0.5 0.5
100.00 470.00 142.34 0.5 0.5
105.00 470.00 142.30 0.5 0.5
110.00 470.00 142.11 0.5 0.5
115.00 470.00 141.78 0.5 0.5
120.00 470.00 141.33 0.5 0.5
125.00 470.00 140.85 0.5 0.5
130.00 470.00 140.42 0.5 0.5
135.00 470.00 140.01 0.5 0.5
140.00 470.00 139.48 1.0 0.0
145.00 470.00 138.58 1.0 0.0
150.00 470.00 137.10 1.0 0.0
155.00 470.00 134.87 1.0 0.0
160.00 470.00 131.89 1.0 0.0
165.00 470.00 128.48 1.0 0.0
170.00 470.00 125.76 1.0 0.0
175.00 470.00 125.55 1.0 0.0
180.00 470.00 127.48 1.0 0.0
0.00 480.00 122.96 0.0 1.0
5.00 480.00 128.79 0.0 1.0
10.00 480.00 132.64 0.0 1.0
15.00 480.00 134.42 0.0 1.0
20.00 480.00 134.62 0.0 1.0
25.00 480.00 133.97 0.0 1.0
30.00 480.00 133.78 0.0 1.0
35.00 480.00 134.76 0.0 1.0
40.00 480.00 136.04 0.0 1.0
45.00 480.00 136.98 0.5 0.5
50.00 480.00 137.46 0.5 0.5
55.00 480.00 137.51 0.5 0.5
60.00 480.00 137.21 0.5 0.5
65.00 480.00 136.65 0.5 0.5
70.00 480.00 136.00 0.5 0.5
75.00 480.00 135.48 0.5 0.5
80.00 480.00 135.23 0.5 0.5
85.00 480.00 135.26 0.5 0.5
90.00 480.00 135.46 0.5 0.5
95.00 480.00 135.79 0.5 0.5
100.00 480.00 136.27 0.5 0.5
105.00 480.00 136.98 0.5 0.5
110.00 480.00 137.91 0.5 0.5
115.00 480.00 138.95 0.5 0.5
120.00 480.00 139.98 0.5 0.5
125.00 480.00 140.91 0.5 0.5
130.00 480.00 141.69 0.5 0.5
135.00 480.00 142.24 0.5 0.5
140.00 480.00 142.46 1.0 0.0
145.00 480.00 142.16 1.0 0.0
150.00 480.00 141.14 1.0 0.0
155.00 480.00 139.23 1.0 0.0
160.00 480.00 136.28 1.0 0.0
165.00 480.00 132.27 1.0 0.0
170.00 480.00 127.73 1.0 0.0
175.00 480.00 125.28 1.0 0.0
180.00 480.00 127.48 1.0 0.0
0.00 490.00 122.96 0.0 1.0
5.00 490.00 130.07 0.0 1.0
10.00 490.00 134.44 0.0 1.0
15.00 490.00 136.14 0.0 1.0
20.00 490.00 135.57 0.0 1.0
25.00 490.00 132.93 0.0 1.0
30.00 490.00 129.80 0.0 1.0
35.00 490.00 131.06 0.0 1.0
40.00 490.00 133.66 0.0 1.0
45.00 490.00 135.22 0.5 0.5
50.00 490.00 135.92 0.5 0.5
55.00 490.00 136.09 0.5 0.5
60.00 490.00 135.98 0.5 0.5
65.00 490.00 135.83 0.5 0.5
70.00 490.00 135.82 0.5 0.5
75.00 490.00 136.01 0.5 0.5
80.00 490.00 136.33 0.5 0.5
85.00 490.00 136.73 0.5 0.5
90.00 490.00 137.14 0.5 0.5
95.00 490.00 137.50 0.5 0.5
100.00 490.00 137.72 0.5 0.5
105.00 490.00 137.71 0.5 0.5
110.00 490.00 137.33 0.5 0.5
115.00 490.00 136.51 0.5 0.5
120.00 490.00 135.40 0.5 0.5
125.00 490.00 134.95 0.5 0.5
130.00 490.00 136.42 0.5 0.5
135.00 490.00 138.94 0.5 0.5
140.00 490.00 141.07 1.0 0.0
145.00 490.00 142.29 1.0 0.0
150.00 490.00 142.41 1.0 0.0
155.00 490.00 141.35 1.0 0.0
160.00 490.00 138.96 1.0 0.0
165.00 490.00 135.13 1.0 0.0
170.00 490.00 129.90 1.0 0.0
175.00 490.00 125.39 1.0 0.0
180.00 490.00 127.48 1.0 0.0
0.00 500.00 122.96 0.0 1.0
5.00 500.00 131.11 0.0 1.0
10.00 500.00 135.78 0.0 1.0
15.00 500.00 137.24 0.0 1.0
20.00 500.00 135.69 0.0 1.0
25.00 500.00 129.79 0.0 1.0
30.00 500.00 122.58 0.0 1.0
35.00 500.00 132.21 0.0 1.0
40.00 500.00 135.59 0.0 1.0
45.00 500.00 136.73 0.5 0.5
50.00 500.00 136.59 0.5 0.5
55.00 500.00 135.32 0.5 0.5
60.00 500.00 132.64 0.5 0.5
65.00 500.00 127.60 0.5 0.5
70.00 500.00 119.71 0.5 0.5
75.00 500.00 126.09 0.5 0.5
80.00 500.00 130.68 0.5 0.5
85.00 500.00 132.80 0.5 0.5
90.00 500.00 133.50 0.5 0.5
95.00 500.00 133.05 0.5 0.5
100.00 500.00 131.51 0.5 0.5
105.00 500.00 129.50 0.5 0.5
110.00 500.00 130.19 0.5 0.5
115.00 500.00 133.42 0.5 0.5
120.00 500.00 135.94 0.5 0.5
125.00 500.00 137.02 0.5 0.5
130.00 500.00 136.55 0.5 0.5
135.00 500.00 135.18 0.5 0.5
140.00 500.00 136.23 1.0 0.0
145.00 500.00 139.44 1.0 0.0
150.00 500.00 141.50 1.0 0.0
155.00 500.00 141.81 1.0 0.0
160.00 500.00 140.36 1.0 0.0
165.00 500.00 137.05 1.0 0.0
170.00 500.00 131.72 1.0 0.0
175.00 500.00 125.74 1.0 0.0
180.00 500.00 127.48 1.0 0.0
0.00 510.00 122.96 0.0 1.0
5.00 510.00 131.90 0.0 1.0
10.00 510.00 136.76 0.0 1.0
15.00 510.00 137.96 0.0 1.0
20.00 510.00 135.52 0.0 1.0
25.00 510.00 125.91 0.0 1.0
30.00 510.00 126.86 0.0 1.0
35.00 510.00 133.92 0.0 1.0
40.00 510.00 135.41 0.0 1.0
45.00 510.00 134.48 0.5 0.5
50.00 510.00 131.50 0.5 0.5
55.00 510.00 128.61 0.5 0.5
60.00 510.00 132.77 0.5 0.5
65.00 510.00 137.12 0.5 0.5
70.00 510.00 139.87 0.5 0.5
75.00 510.00 141.58 0.5 0.5
80.00 510.00 142.63 0.5 0.5
85.00 510.00 143.25 0.5 0.5
90.00 510.00 143.55 0.5 0.5
95.00 510.00 143.56 0.5 0.5
100.00 510.00 143.16 0.5 0.5
105.00 510.00 142.15 0.5 0.5
110.00 510.00 140.05 0.5 0.5
115.00 510.00 135.75 0.5 0.5
120.00 510.00 125.08 0.5 0.5
125.00 510.00 131.83 0.5 0.5
130.00 510.00 137.07 0.5 0.5
135.00 510.00 137.92 0.5 0.5
140.00 510.00 135.73 1.0 0.0
145.00 510.00 134.72 1.0 0.0
150.00 510.00 138.83 1.0 0.0
155.00 510.00 141.11 1.0 0.0
160.00 510.00 140.87 1.0 0.0
165.00 510.00 138.25 1.0 0.0
170.00 510.00 133.09 1.0 0.0
175.00 510.00 126.16 1.0 0.0
180.00 510.00 127.48 1.0 0.0
0.00 520.00 122.96 0.0 1.0
5.00 520.00 132.44 0.0 1.0
10.00 520.00 137.43 0.0 1.0
15.00 520.00 138.46 0.0 1.0
20.00 520.00 135.52 0.0 1.0
25.00 520.00 124.25 0.0 1.0
30.00 520.00 127.47 0.0 1.0
35.00 520.00 132.25 0.0 1.0
40.00 520.00 131.16 0.0 1.0
45.00 520.00 126.96 0.5 0.5
50.00 520.00 130.91 0.5 0.5
55.00 520.00 136.57 0.5 0.5
60.00 520.00 139.95 0.5 0.5
65.00 520.00 141.91 0.5 0.5
70.00 520.00 142.94 0.5 0.5
75.00 520.00 143.37 0.5 0.5
80.00 520.00 143.48 0.5 0.5
85.00 520.00 143.52 0.5 0.5
90.00 520.00 143.72 0.5 0.5
95.00 520.00 144.10 0.5 0.5
100.00 520.00 144.53 0.5 0.5
105.00 520.00 144.71 0.5 0.5
110.00 520.00 144.26 0.5 0.5
115.00 520.00 142.67 0.5 0.5
120.00 520.00 138.85 0.5 0.5
125.00 520.00 128.35 0.5 0.5
130.00 520.00 132.32 0.5 0.5
135.00 520.00 138.02 0.5 0.5
140.00 520.00 137.99 1.0 0.0
145.00 520.00 133.52 1.0 0.0
150.00 520.00 134.95 1.0 0.0
155.00 520.00 139.83 1.0 0.0
160.00 520.00 140.89 1.0 0.0
165.00 520.00 138.94 1.0 0.0
170.00 520.00 134.00 1.0 0.0
175.00 520.00 126.51 1.0 0.0
180.00 520.00 127.48 1.0 0.0
0.00 530.00 122.96 0.0 1.0
5.00 530.00 132.74 0.0 1.0
10.00 530.00 137.84 0.0 1.0
15.00 530.00 138.86 0.0 1.0
20.00 530.00 135.91 0.0 1.0
25.00 530.00 125.59 0.0 1.0
30.00 530.00 123.68 0.0 1.0
35.00 530.00 128.01 0.0 1.0
40.00 530.00 125.78 0.0 1.0
45.00 530.00 131.22 0.5 0.5
50.00 530.00 136.85 0.5 0.5
55.00 530.00 140.16 0.5 0.5
60.00 530.00 141.97 0.5 0.5
65.00 530.00 142.69 0.5 0.5
70.00 530.00 142.54 0.5 0.5
75.00 530.00 141.69 0.5 0.5
80.00 530.00 140.34 0.5 0.5
85.00 530.00 139.04 0.5 0.5
90.00 530.00 138.92 0.5 0.5
95.00 530.00 140.37 0.5 0.5
100.00 530.00 142.34 0.5 0.5
105.00 530.00 143.92 0.5 0.5
110.00 530.00 144.71 0.5 0.5
115.00 530.00 144.39 0.5 0.5
120.00 530.00 142.37 0.5 0.5
125.00 530.00 137.12 0.5 0.5
130.00 530.00 126.42 0.5 0.5
135.00 530.00 136.32 0.5 0.5
140.00 530.00 138.33 1.0 0.0
145.00 530.00 134.52 1.0 0.0
150.00 530.00 130.97 1.0 0.0
155.00 530.00 138.71 1.0 0.0
160.00 530.00 140.80 1.0 0.0
165.00 530.00 139.30 1.0 0.0
170.00 530.00 134.51 1.0 0.0
175.00 530.00 126.69 1.0 0.0
180.00 530.00 127.48 1.0 0.0
0.00 540.00 122.96 0.0 1.0
5.00 540.00 132.80 0.0 1.0
10.00 540.00 138.00 0.0 1.0
15.00 540.00 139.19 0.0 1.0
20.00 540.00 136.65 0.0 1.0
25.00 540.00 128.96 0.0 1.0
30.00 540.00 123.53 0.0 1.0
35.00 540.00 128.05 0.0 1.0
40.00 540.00 130.18 0.0 1.0
45.00 540.00 134.56 0.5 0.5
50.00 540.00 138.37 0.5 0.5
55.00 540.00 140.83 0.5 0.5
60.00 540.00 142.11 0.5 0.5
65.00 540.00 142.35 0.5 0.5
70.00 540.00 141.58 0.5 0.5
75.00 540.00 139.69 0.5 0.5
80.00 540.00 136.16 0.5 0.5
85.00 540.00 128.76 0.5 0.5
90.00 540.00 127.12 0.5 0.5
95.00 540.00 136.23 0.5 0.5
100.00 540.00 140.70 0.5 0.5
105.00 540.00 143.33 0.5 0.5
110.00 540.00 144.71 0.5 0.5
115.00 540.00 144.86 0.5 0.5
120.00 540.00 143.42 0.5 0.5
125.00 540.00 139.37 0.5 0.5
130.00 540.00 130.29 0.5 0.5
135.00 540.00 134.80 0.5 0.5
140.00 540.00 137.55 1.0 0.0
145.00 540.00 133.73 1.0 0.0
150.00 540.00 128.99 1.0 0.0
155.00 540.00 138.50 1.0 0.0
160.00 540.00 140.83 1.0 0.0
165.00 540.00 139.42 1.0 0.0
170.00 540.00 134.62 1.0 0.0
175.00 540.00 126.67 1.0 0.0
180.00 540.00 127.48 1.0 0.0
0.00 550.00 122.96 0.0 1.0
5.00 550.00 132.61 0.0 1.0
10.00 550.00 137.92 0.0 1.0
15.00 550.00 139.40 0.0 1.0
20.00 550.00 137.56 0.0 1.0
25.00 550.00 132.32 0.0 1.0
30.00 550.00 129.22 0.0 1.0
35.00 550.00 131.92 0.0 1.0
40.00 550.00 133.11 0.0 1.0
45.00 550.00 134.35 0.5 0.5
50.00 550.00 136.68 0.5 0.5
55.00 550.00 139.15 0.5 0.5
60.00 550.00 140.92 0.5 0.5
65.00 550.00 141.77 0.5 0.5
70.00 550.00 141.77 0.5 0.5
75.00 550.00 141.05 0.5 0.5
80.00 550.00 139.88 0.5 0.5
85.00 550.00 138.90 0.5 0.5
90.00 550.00 139.16 0.5 0.5
95.00 550.00 140.77 0.5 0.5
100.00 550.00 142.69 0.5 0.5
105.00 550.00 144.19 0.5 0.5
110.00 550.00 144.94 0.5 0.5
115.00 550.00 144.65 0.5 0.5
120.00 550.00 142.84 0.5 0.5
125.00 550.00 138.46 0.5 0.5
130.00 550.00 130.36 0.5 0.5
135.00 550.00 134.45 0.5 0.5
140.00 550.00 136.06 1.0 0.0
145.00 550.00 130.24 1.0 0.0
150.00 550.00 131.72 1.0 0.0
155.00 550.00 139.28 1.0 0.0
160.00 550.00 140.99 1.0 0.0
165.00 550.00 139.30 1.0 0.0
170.00 550.00 134.34 1.0 0.0
175.00 550.00 126.41 1.0 0.0
180.00 550.00 127.48 1.0 0.0
0.00 560.00 122.96 0.0 1.0
5.00 560.00 132.16 0.0 1.0
10.00 560.00 137.56 0.0 1.0
15.00 560.00 139.42 0.0 1.0
20.00 560.00 138.38 0.0 1.0
25.00 560.00 134.83 0.0 1.0
30.00 560.00 132.41 0.0 1.0
35.00 560.00 134.28 0.0 1.0
40.00 560.00 135.17 0.0 1.0
45.00 560.00 134.08 0.5 0.5
50.00 560.00 131.79 0.5 0.5
55.00 560.00 133.01 0.5 0.5
60.00 560.00 136.95 0.5 0.5
65.00 560.00 139.77 0.5 0.5
70.00 560.00 141.42 0.5 0.5
75.00 560.00 142.28 0.5 0.5
80.00 560.00 142.70 0.5 0.5
85.00 560.00 142.97 0.5 0.5
90.00 560.00 143.32 0.5 0.5
95.00 560.00 143.82 0.5 0.5
100.00 560.00 144.31 0.5 0.5
105.00 560.00 144.56 0.5 0.5
110.00 560.00 144.22 0.5 0.5
115.00 560.00 142.86 0.5 0.5
120.00 560.00 139.78 0.5 0.5
125.00 560.00 133.55 0.5 0.5
130.00 560.00 130.51 0.5 0.5
135.00 560.00 134.72 0.5 0.5
140.00 560.00 133.47 1.0 0.0
145.00 560.00 126.78 1.0 0.0
150.00 560.00 136.06 1.0 0.0
155.00 560.00 140.44 1.0 0.0
160.00 560.00 141.07 1.0 0.0
165.00 560.00 138.84 1.0 0.0
170.00 560.00 133.61 1.0 0.0
175.00 560.00 125.93 1.0 0.0
180.00 560.00 127.48 1.0 0.0
0.00 570.00 122.96 0.0 1.0
5.00 570.00 131.43 0.0 1.0
10.00 570.00 136.84 0.0 1.0
15.00 570.00 139.12 0.0 1.0
20.00 570.00 138.88 0.0 1.0
25.00 570.00 136.53 0.0 1.0
30.00 570.00 133.97 0.0 1.0
35.00 570.00 134.83 0.0 1.0
40.00 570.00 136.22 0.0 1.0
45.00 570.00 135.93 0.5 0.5
50.00 570.00 133.18 0.5 0.5
55.00 570.00 124.38 0.5 0.5
60.00 570.00 126.64 0.5 0.5
65.00 570.00 135.37 0.5 0.5
70.00 570.00 139.28 0.5 0.5
75.00 570.00 141.48 0.5 0.5
80.00 570.00 142.79 0.5 0.5
85.00 570.00 143.55 0.5 0.5
90.00 570.00 143.94 0.5 0.5
95.00 570.00 144.02 0.5 0.5
100.00 570.00 143.70 0.5 0.5
105.00 570.00 142.80 0.5 0.5
110.00 570.00 140.97 0.5 0.5
115.00 570.00 137.52 0.5 0.5
120.00 570.00 131.40 0.5 0.5
125.00 570.00 130.57 0.5 0.5
130.00 570.00 134.57 0.5 0.5
135.00 570.00 134.61 0.5 0.5
140.00 570.00 131.08 1.0 0.0
145.00 570.00 134.13 1.0 0.0
150.00 570.00 139.28 1.0 0.0
155.00 570.00 141.26 1.0 0.0
160.00 570.00 140.73 1.0 0.0
165.00 570.00 137.87 1.0 0.0
170.00 570.00 132.34 1.0 0.0
175.00 570.00 125.31 1.0 0.0
180.00 570.00 127.48 1.0 0.0
0.00 580.00 122.96 0.0 1.0
5.00 580.00 130.40 0.0 1.0
10.00 580.00 135.70 0.0 1.0
15.00 580.00 138.34 0.0 1.0
20.00 580.00 138.86 0.0 1.0
25.00 580.00 137.54 0.0 1.0
30.00 580.00 134.99 0.0 1.0
35.00 580.00 133.68 0.0 1.0
40.00 580.00 134.92 0.0 1.0
45.00 580.00 136.00 0.5 0.5
50.00 580.00 135.83 0.5 0.5
55.00 580.00 134.11 0.5 0.5
60.00 580.00 130.12 0.5 0.5
65.00 580.00 122.21 0.5 0.5
70.00 580.00 127.27 0.5 0.5
75.00 580.00 132.94 0.5 0.5
80.00 580.00 135.78 0.5 0.5
85.00 580.00 137.13 0.5 0.5
90.00 580.00 137.41 0.5 0.5
95.00 580.00 136.64 0.5 0.5
100.00 580.00 134.57 0.5 0.5
105.00 580.00 130.55 0.5 0.5
110.00 580.00 127.23 0.5 0.5
115.00 580.00 132.12 0.5 0.5
120.00 580.00 135.72 0.5 0.5
125.00 580.00 136.96 0.5 0.5
130.00 580.00 136.09 0.5 0.5
135.00 580.00 133.73 0.5 0.5
140.00 580.00 134.94 1.0 0.0
145.00 580.00 138.80 1.0 0.0
150.00 580.00 140.96 1.0 0.0
155.00 580.00 141.21 1.0 0.0
160.00 580.00 139.65 1.0 0.0
165.00 580.00 136.15 1.0 0.0
170.00 580.00 130.40 1.0 0.0
175.00 580.00 124.70 1.0 0.0
180.00 580.00 127.48 1.0 0.0
0.00 590.00 122.96 0.0 1.0
5.00 590.00 129.03 0.0 1.0
10.00 590.00 134.01 0.0 1.0
15.00 590.00 136.92 0.0 1.0
20.00 590.00 138.13 0.0 1.0
25.00 590.00 137.85 0.0 1.0
30.00 590.00 136.24 0.0 1.0
35.00 590.00 133.58 0.0 1.0
40.00 590.00 131.21 0.0 1.0
45.00 590.00 131.35 0.5 0.5
50.00 590.00 132.91 0.5 0.5
55.00 590.00 134.29 0.5 0.5
60.00 590.00 135.28 0.5 0.5
65.00 590.00 135.92 0.5 0.5
70.00 590.00 136.33 0.5 0.5
75.00 590.00 136.59 0.5 0.5
80.00 590.00 136.81 0.5 0.5
85.00 590.00 137.10 0.5 0.5
90.00 590.00 137.52 0.5 0.5
95.00 590.00 138.04 0.5 0.5
100.00 590.00 138.55 0.5 0.5
105.00 590.00 138.88 0.5 0.5
110.00 590.00 138.83 0.5 0.5
115.00 590.00 138.16 0.5 0.5
120.00 590.00 136.63 0.5 0.5
125.00 590.00 134.42 0.5 0.5
130.00 590.00 133.98 0.5 0.5
135.00 590.00 136.76 0.5 0.5
140.00 590.00 139.41 1.0 0.0
145.00 590.00 140.82 1.0 0.0
150.00 590.00 140.96 1.0 0.0
155.00 590.00 139.85 1.0 0.0
160.00 590.00 137.39 1.0 0.0
165.00 590.00 133.34 1.0 0.0
170.00 590.00 127.67 1.0 0.0
175.00 590.00 124.33 1.0 0.0
180.00 590.00 127.48 1.0 0.0
0.00 600.00 122.96 0.0 1.0
5.00 600.00 127.30 0.0 1.0
10.00 600.00 131.63 0.0 1.0
15.00 600.00 134.62 0.0 1.0
20.00 600.00 136.41 0.0 1.0
25.00 600.00 137.19 0.0 1.0
30.00 600.00 137.10 0.0 1.0
35.00 600.00 136.29 0.0 1.0
40.00 600.00 134.96 0.0 1.0
45.00 600.00 133.35 0.5 0.5
50.00 600.00 131.80 0.5 0.5
55.00 600.00 130.57 0.5 0.5
60.00 600.00 129.89 0.5 0.5
65.00 600.00 129.94 0.5 0.5
70.00 600.00 130.64 0.5 0.5
75.00 600.00 131.65 0.5 0.5
80.00 600.00 132.61 0.5 0.5
85.00 600.00 133.33 0.5 0.5
90.00 600.00 133.80 0.5 0.5
95.00 600.00 134.08 0.5 0.5
100.00 600.00 134.38 0.5 0.5
105.00 600.00 134.99 0.5 0.5
110.00 600.00 136.08 0.5 0.5
115.00 600.00 137.52 0.5 0.5
120.00 600.00 138.99 0.5 0.5
125.00 600.00 140.22 0.5 0.5
130.00 600.00 141.04 0.5 0.5
135.00 600.00 141.38 0.5 0.5
140.00 600.00 141.17 1.0 0.0
145.00 600.00 140.35 1.0 0.0
150.00 600.00 138.85 1.0 0.0
155.00 600.00 136.55 1.0 0.0
160.00 600.00 133.25 1.0 0.0
165.00 600.00 128.82 1.0 0.0
170.00 600.00 124.38 1.0 0.0
175.00 600.00 124.43 1.0 0.0
180.00 600.00 127.48 1.0 0.0
0.00 610.00 122.96 0.0 1.0
5.00 610.00 125.21 0.0 1.0
10.00 610.00 128.32 0.0 1.0
15.00 610.00 131.07 0.0 1.0
20.00 610.00 133.27 0.0 1.0
25.00 610.00 134.91 0.0 1.0
30.00 610.00 136.05 0.0 1.0
35.00 610.00 136.78 0.0 1.0
40.00 610.00 137.20 0.0 1.0
45.00 610.00 137.47 0.5 0.5
50.00 610.00 137.80 0.5 0.5
55.00 610.00 138.29 0.5 0.5
60.00 610.00 138.98 0.5 0.5
65.00 610.00 139.77 0.5 0.5
70.00 610.00 140.57 0.5 0.5
75.00 610.00 141.31 0.5 0.5
80.00 610.00 141.96 0.5 0.5
85.00 610.00 142.52 0.5 0.5
90.00 610.00 142.98 0.5 0.5
95.00 610.00 143.34 0.5 0.5
100.00 610.00 143.60 0.5 0.5
105.00 610.00 143.75 0.5 0.5
110.00 610.00 143.76 0.5 0.5
115.00 610.00 143.60 0.5 0.5
120.00 610.00 143.24 0.5 0.5
125.00 610.00 142.61 0.5 0.5
130.00 610.00 141.66 0.5 0.5
135.00 610.00 140.34 0.5 0.5
140.00 610.00 138.58 1.0 0.0
145.00 610.00 136.30 1.0 0.0
150.00 610.00 133.41 1.0 0.0
155.00 610.00 129.80 1.0 0.0
160.00 610.00 125.46 1.0 0.0
165.00 610.00 121.84 1.0 0.0
170.00 610.00 122.46 1.0 0.0
175.00 610.00 125.04 1.0 0.0
180.00 610.00 127.48 1.0 0.0
0.00 620.00 122.96 0.0 1.0
5.00 620.00 122.82 0.0 1.0
10.00 620.00 123.65 0.0 1.0
15.00 620.00 125.53 0.0 1.0
20.00 620.00 127.83 0.0 1.0
25.00 620.00 129.94 0.0 1.0
30.00 620.00 131.60 0.0 1.0
35.00 620.00 132.76 0.0 1.0
40.00 620.00 133.47 0.0 1.0
45.00 620.00 133.83 0.5 0.5
50.00 620.00 133.95 0.5 0.5
55.00 620.00 134.00 0.5 0.5
60.00 620.00 134.12 0.5 0.5
65.00 620.00 134.39 0.5 0.5
70.00 620.00 134.79 0.5 0.5
75.00 620.00 135.25 0.5 0.5
80.00 620.00 135.70 0.5 0.5
85.00 620.00 136.09 0.5 0.5
90.00 620.00 136.39 0.5 0.5
95.00 620.00 136.59 0.5 0.5
100.00 620.00 136.67 0.5 0.5
105.00 620.00 136.62 0.5 0.5
110.00 620.00 136.42 0.5 0.5
115.00 620.00 136.05 0.5 0.5
120.00 620.00 135.46 0.5 0.5
125.00 620.00 134.60 0.5 0.5
130.00 620.00 133.38 0.5 0.5
135.00 620.00 131.69 0.5 0.5
140.00 620.00 129.39 1.0 0.0
145.00 620.00 126.15 1.0 0.0
150.00 620.00 121.21 1.0 0.0
155.00 620.00 111.26 1.0 0.0
160.00 620.00 112.49 1.0 0.0
165.00 620.00 120.15 1.0 0.0
170.00 620.00 123.77 1.0 0.0
175.00 620.00 126.00 1.0 0.0
180.00 620.00 127.48 1.0 0.0
0.00 630.00 122.96 0.0 1.0
5.00 630.00 120.60 0.0 1.0
10.00 630.00 117.22 0.0 1.0
15.00 630.00 114.82 0.0 1.0
20.00 630.00 116.91 0.0 1.0
25.00 630.00 119.74 0.0 1.0
30.00 630.00 121.59 0.0 1.0
35.00 630.00 122.55 0.0 1.0
40.00 630.00 122.78 0.0 1.0
45.00 630.00 122.39 0.5 0.5
50.00 630.00 121.41 0.5 0.5
55.00 630.00 119.87 0.5 0.5
60.00 630.00 117.73 0.5 0.5
65.00 630.00 114.95 0.5 0.5
70.00 630.00 111.40 0.5 0.5
75.00 630.00 106.88 0.5 0.5
80.00 630.00 100.90 0.5 0.5
85.00 630.00 92.06 0.5 0.5
90.00 630.00 57.10 0.5 0.5
95.00 630.00 86.81 0.5 0.5
100.00 630.00 92.72 0.5 0.5
105.00 630.00 97.21 0.5 0.5
110.00 630.00 100.75 0.5 0.5
115.00 630.00 103.48 0.5 0.5
120.00 630.00 105.57 0.5 0.5
125.00 630.00 107.03 0.5 0.5
130.00 630.00 107.78 0.5 0.5
135.00 630.00 107.69 0.5 0.5
140.00 630.00 107.23 1.0 0.0
145.00 630.00 109.25 1.0 0.0
150.00 630.00 114.00 1.0 0.0
155.00 630.00 118.43 1.0 0.0
160.00 630.00 121.86 1.0 0.0
165.00 630.00 124.38 1.0 0.0
170.00 630.00 126.10 1.0 0.0
175.00 630.00 127.12 1.0 0.0
180.00 630.00 127.48 1.0 0.0
0.00 640.00 122.96 0.0 1.0
5.00 640.00 119.66 0.0 1.0
10.00 640.00 117.23 0.0 1.0
15.00 640.00 116.85 0.0 1.0
20.00 640.00 117.11 0.0 1.0
25.00 640.00 116.39 0.0 1.0
30.00 640.00 114.69 0.0 1.0
35.00 640.00 118.22 0.0 1.0
40.00 640.00 124.30 0.0 1.0
45.00 640.00 128.79 0.5 0.5
50.00 640.00 131.96 0.5 0.5
55.00 640.00 134.20 0.5 0.5
60.00 640.00 135.74 0.5 0.5
65.00 640.00 136.76 0.5 0.5
70.00 640.00 137.38 0.5 0.5
75.00 640.00 137.68 0.5 0.5
80.00 640.00 137.75 0.5 0.5
85.00 640.00 137.65 0.5 0.5
90.00 640.00 137.42 0.5 0.5
95.00 640.00 137.12 0.5 0.5
100.00 640.00 136.78 0.5 0.5
105.00 640.00 136.44 0.5 0.5
110.00 640.00 136.12 0.5 0.5
115.00 640.00 135.85 0.5 0.5
120.00 640.00 135.60 0.5 0.5
125.00 640.00 135.34 0.5 0.5
130.00 640.00 134.97 0.5 0.5
135.00 640.00 134.39 0.5 0.5
140.00 640.00 133.47 1.0 0.0
145.00 640.00 132.09 1.0 0.0
150.00 640.00 130.24 1.0 0.0
155.00 640.00 128.34 1.0 0.0
160.00 640.00 127.43 1.0 0.0
165.00 640.00 127.81 1.0 0.0
170.00 640.00 128.34 1.0 0.0
175.00 640.00 128.26 1.0 0.0
180.00 640.00 127.48 1.0 0.0
0.00 650.00 122.96 0.0 1.0
5.00 650.00 120.60 0.0 1.0
10.00 650.00 122.99 0.0 1.0
15.00 650.00 125.95 0.0 1.0
20.00 650.00 128.14 0.0 1.0
25.00 650.00 129.64 0.0 1.0
30.00 650.00 131.38 0.0 1.0
35.00 650.00 134.17 0.0 1.0
40.00 650.00 137.28 0.0 1.0
45.00 650.00 139.88 0.5 0.5
50.00 650.00 141.76 0.5 0.5
55.00 650.00 142.96 0.5 0.5
60.00 650.00 143.59 0.5 0.5
65.00 650.00 143.78 0.5 0.5
70.00 650.00 143.63 0.5 0.5
75.00 650.00 143.25 0.5 0.5
80.00 650.00 142.74 0.5 0.5
85.00 650.00 142.19 0.5 0.5
90.00 650.00 141.66 0.5 0.5
95.00 650.00 141.21 0.5 0.5
100.00 650.00 140.87 0.5 0.5
105.00 650.00 140.67 0.5 0.5
110.00 650.00 140.60 0.5 0.5
115.00 650.00 140.62 0.5 0.5
120.00 650.00 140.67 0.5 0.5
125.00 650.00 140.69 0.5 0.5
130.00 650.00 140.61 0.5 0.5
135.00 650.00 140.32 0.5 0.5
140.00 650.00 139.72 1.0 0.0
145.00 650.00 138.64 1.0 0.0
150.00 650.00 136.95 1.0 0.0
155.00 650.00 134.67 1.0 0.0
160.00 650.00 132.34 1.0 0.0
165.00 650.00 130.98 1.0 0.0
170.00 650.00 130.40 1.0 0.0
175.00 650.00 129.37 1.0 0.0
180.00 650.00 127.48 1.0 0.0
0.00 660.00 122.96 0.0 1.0
5.00 660.00 122.43 0.0 1.0
10.00 660.00 127.26 0.0 1.0
15.00 660.00 131.30 0.0 1.0
20.00 660.00 134.10 0.0 1.0
25.00 660.00 135.99 0.0 1.0
30.00 660.00 137.71 0.0 1.0
35.00 660.00 139.66 0.0 1.0
40.00 660.00 141.45 0.0 1.0
45.00 660.00 142.60 0.5 0.5
50.00 660.00 142.89 0.5 0.5
55.00 660.00 142.28 0.5 0.5
60.00 660.00 140.79 0.5 0.5
65.00 660.00 138.44 0.5 0.5
70.00 660.00 135.36 0.5 0.5
75.00 660.00 132.35 0.5 0.5
80.00 660.00 131.14 0.5 0.5
85.00 660.00 131.56 0.5 0.5
90.00 660.00 131.87 0.5 0.5
95.00 660.00 131.29 0.5 0.5
100.00 660.00 129.44 0.5 0.5
105.00 660.00 126.02 0.5 0.5
110.00 660.00 124.89 0.5 0.5
115.00 660.00 129.97 0.5 0.5
120.00 660.00 134.19 0.5 0.5
125.00 660.00 137.00 0.5 0.5
130.00 660.00 138.83 0.5 0.5
135.00 660.00 139.94 0.5 0.5
140.00 660.00 140.41 1.0 0.0
145.00 660.00 140.21 1.0 0.0
150.00 660.00 139.24 1.0 0.0
155.00 660.00 137.46 1.0 0.0
160.00 660.00 135.23 1.0 0.0
165.00 660.00 133.44 1.0 0.0
170.00 660.00 132.20 1.0 0.0
175.00 660.00 130.40 1.0 0.0
180.00 660.00 127.48 1.0 0.0
0.00 670.00 122.96 0.0 1.0
5.00 670.00 124.27 0.0 1.0
10.00 670.00 130.44 0.0 1.0
15.00 670.00 134.97 0.0 1.0
20.00 670.00 137.76 0.0 1.0
25.00 670.00 139.24 0.0 1.0
30.00 670.00 140.05 0.0 1.0
35.00 670.00 140.58 0.0 1.0
40.00 670.00 140.61 0.0 1.0
45.00 670.00 139.52 0.5 0.5
50.00 670.00 136.72 0.5 0.5
55.00 670.00 132.20 0.5 0.5
60.00 670.00 132.66 0.5 0.5
65.00 670.00 136.65 0.5 0.5
70.00 670.00 139.01 0.5 0.5
75.00 670.00 140.14 0.5 0.5
80.00 670.00 140.55 0.5 0.5
85.00 670.00 140.56 0.5 0.5
90.00 670.00 140.38 0.5 0.5
95.00 670.00 140.11 0.5 0.5
100.00 670.00 139.71 0.5 0.5
105.00 670.00 139.03 0.5 0.5
110.00 670.00 137.80 0.5 0.5
115.00 670.00 135.58 0.5 0.5
120.00 670.00 131.52 0.5 0.5
125.00 670.00 125.11 0.5 0.5
130.00 670.00 129.44 0.5 0.5
135.00 670.00 134.60 0.5 0.5
140.00 670.00 137.37 1.0 0.0
145.00 670.00 138.66 1.0 0.0
150.00 670.00 138.75 1.0 0.0
155.00 670.00 137.80 1.0 0.0
160.00 670.00 136.28 1.0 0.0
165.00 670.00 134.96 1.0 0.0
170.00 670.00 133.67 1.0 0.0
175.00 670.00 131.31 1.0 0.0
180.00 670.00 127.48 1.0 0.0
0.00 680.00 122.96 0.0 1.0
5.00 680.00 125.83 0.0 1.0
10.00 680.00 132.83 0.0 1.0
15.00 680.00 137.48 0.0 1.0
20.00 680.00 139.92 0.0 1.0
25.00 680.00 140.54 0.0 1.0
30.00 680.00 139.81 0.0 1.0
35.00 680.00 138.30 0.0 1.0
40.00 680.00 136.34 0.0 1.0
45.00 680.00 134.06 0.5 0.5
50.00 680.00 133.53 0.5 0.5
55.00 680.00 135.41 0.5 0.5
60.00 680.00 136.75 0.5 0.5
65.00 680.00 136.69 0.5 0.5
70.00 680.00 135.29 0.5 0.5
75.00 680.00 132.83 0.5 0.5
80.00 680.00 129.90 0.5 0.5
85.00 680.00 127.62 0.5 0.5
90.00 680.00 125.96 0.5 0.5
95.00 680.00 123.29 0.5 0.5
100.00 680.00 119.39 0.5 0.5
105.00 680.00 123.16 0.5 0.5
110.00 680.00 128.05 0.5 0.5
115.00 680.00 130.63 0.5 0.5
120.00 680.00 131.47 0.5 0.5
125.00 680.00 131.18 0.5 0.5
130.00 680.00 131.12 0.5 0.5
135.00 680.00 132.73 0.5 0.5
140.00 680.00 134.98 1.0 0.0
145.00 680.00 136.53 1.0 0.0
150.00 680.00 136.98 1.0 0.0
155.00 680.00 136.48 1.0 0.0
160.00 680.00 135.86 1.0 0.0
165.00 680.00 135.66 1.0 0.0
170.00 680.00 134.78 1.0 0.0
175.00 680.00 132.09 1.0 0.0
180.00 680.00 127.48 1.0 0.0
0.00 690.00 122.96 0.0 1.0
5.00 690.00 127.07 0.0 1.0
10.00 690.00 134.57 0.0 1.0
15.00 690.00 139.16 0.0 1.0
20.00 690.00 141.11 0.0 1.0
25.00 690.00 140.62 0.0 1.0
30.00 690.00 137.76 0.0 1.0
35.00 690.00 134.37 0.0 1.0
40.00 690.00 135.01 0.0 1.0
45.00 690.00 135.50 0.5 0.5
50.00 690.00 133.48 0.5 0.5
55.00 690.00 129.85 0.5 0.5
60.00 690.00 132.21 0.5 0.5
65.00 690.00 136.59 0.5 0.5
70.00 690.00 139.37 0.5 0.5
75.00 690.00 140.98 0.5 0.5
80.00 690.00 141.81 0.5 0.5
85.00 690.00 142.10 0.5 0.5
90.00 690.00 141.99 0.5 0.5
95.00 690.00 141.51 0.5 0.5
100.00 690.00 140.65 0.5 0.5
105.00 690.00 139.29 0.5 0.5
110.00 690.00 137.22 0.5 0.5
115.00 690.00 134.05 0.5 0.5
120.00 690.00 129.09 0.5 0.5
125.00 690.00 124.84 0.5 0.5
130.00 690.00 129.58 0.5 0.5
135.00 690.00 133.58 0.5 0.5
140.00 690.00 135.87 1.0 0.0
145.00 690.00 136.80 1.0 0.0
150.00 690.00 136.25 1.0 0.0
155.00 690.00 134.53 1.0 0.0
160.00 690.00 134.33 1.0 0.0
165.00 690.00 135.80 1.0 0.0
170.00 690.00 135.59 1.0 0.0
175.00 690.00 132.72 1.0 0.0
180.00 690.00 127.48 1.0 0.0
0.00 700.00 122.96 0.0 1.0
5.00 700.00 127.97 0.0 1.0
10.00 700.00 135.76 0.0 1.0
15.00 700.00 140.24 0.0 1.0
20.00 700.00 141.73 0.0 1.0
25.00 700.00 140.14 0.0 1.0
30.00 700.00 134.67 0.0 1.0
35.00 700.00 133.51 0.0 1.0
40.00 700.00 137.11 0.0 1.0
45.00 700.00 135.68 0.5 0.5
50.00 700.00 123.69 0.5 0.5
55.00 700.00 133.67 0.5 0.5
60.00 700.00 140.43 0.5 0.5
65.00 700.00 143.19 0.5 0.5
70.00 700.00 144.26 0.5 0.5
75.00 700.00 144.40 0.5 0.5
80.00 700.00 144.03 0.5 0.5
85.00 700.00 143.48 0.5 0.5
90.00 700.00 142.99 0.5 0.5
95.00 700.00 142.71 0.5 0.5
100.00 700.00 142.58 0.5 0.5
105.00 700.00 142.42 0.5 0.5
110.00 700.00 141.96 0.5 0.5
115.00 700.00 140.94 0.5 0.5
120.00 700.00 139.00 0.5 0.5
125.00 700.00 135.66 0.5 0.5
130.00 700.00 130.97 0.5 0.5
135.00 700.00 131.53 0.5 0.5
140.00 700.00 135.45 1.0 0.0
145.00 700.00 137.29 1.0 0.0
150.00 700.00 136.64 1.0 0.0
155.00 700.00 133.11 1.0 0.0
160.00 700.00 132.08 1.0 0.0
165.00 700.00 135.75 1.0 0.0
170.00 700.00 136.19 1.0 0.0
175.00 700.00 133.20 1.0 0.0
180.00 700.00 127.48 1.0 0.0
0.00 710.00 122.96 0.0 1.0
5.00 710.00 128.55 0.0 1.0
10.00 710.00 136.49 0.0 1.0
15.00 710.00 140.88 0.0 1.0
20.00 710.00 142.09 0.0 1.0
25.00 710.00 139.77 0.0 1.0
30.00 710.00 131.81 0.0 1.0
35.00 710.00 134.71 0.0 1.0
40.00 710.00 138.12 0.0 1.0
45.00 710.00 134.94 0.5 0.5
50.00 710.00 119.20 0.5 0.5
55.00 710.00 138.53 0.5 0.5
60.00 710.00 143.16 0.5 0.5
65.00 710.00 144.81 0.5 0.5
70.00 710.00 144.86 0.5 0.5
75.00 710.00 143.84 0.5 0.5
80.00 710.00 142.10 0.5 0.5
85.00 710.00 140.12 0.5 0.5
90.00 710.00 138.91 0.5 0.5
95.00 710.00 139.34 0.5 0.5
100.00 710.00 140.70 0.5 0.5
105.00 710.00 142.00 0.5 0.5
110.00 710.00 142.77 0.5 0.5
115.00 710.00 142.82 0.5 0.5
120.00 710.00 141.93 0.5 0.5
125.00 710.00 139.74 0.5 0.5
130.00 710.00 135.52 0.5 0.5
135.00 710.00 129.50 0.5 0.5
140.00 710.00 133.17 1.0 0.0
145.00 710.00 136.65 1.0 0.0
150.00 710.00 136.52 1.0 0.0
155.00 710.00 131.86 1.0 0.0
160.00 710.00 129.83 1.0 0.0
165.00 710.00 135.85 1.0 0.0
170.00 710.00 136.63 1.0 0.0
175.00 710.00 133.52 1.0 0.0
180.00 710.00 127.48 1.0 0.0
0.00 720.00 122.96 0.0 1.0
5.00 720.00 128.82 0.0 1.0
10.00 720.00 136.80 0.0 1.0
15.00 720.00 141.19 0.0 1.0
20.00 720.00 142.38 0.0 1.0
25.00 720.00 140.01 0.0 1.0
30.00 720.00 131.13 0.0 1.0
35.00 720.00 134.38 0.0 1.0
40.00 720.00 138.21 0.0 1.0
45.00 720.00 135.07 0.5 0.5
50.00 720.00 121.46 0.5 0.5
55.00 720.00 138.83 0.5 0.5
60.00 720.00 143.34 0.5 0.5
65.00 720.00 144.83 0.5 0.5
70.00 720.00 144.61 0.5 0.5
75.00 720.00 143.05 0.5 0.5
80.00 720.00 140.03 0.5 0.5
85.00 720.00 134.61 0.5 0.5
90.00 720.00 121.99 0.5 0.5
95.00 720.00 132.35 0.5 0.5
100.00 720.00 138.15 0.5 0.5
105.00 720.00 141.13 0.5 0.5
110.00 720.00 142.74 0.5 0.5
115.00 720.00 143.30 0.5 0.5
120.00 720.00 142.82 0.5 0.5
125.00 720.00 141.05 0.5 0.5
130.00 720.00 137.33 0.5 0.5
135.00 720.00 129.58 0.5 0.5
140.00 720.00 129.50 1.0 0.0
145.00 720.00 135.04 1.0 0.0
150.00 720.00 135.22 1.0 0.0
155.00 720.00 129.05 1.0 0.0
160.00 720.00 129.43 1.0 0.0
165.00 720.00 136.31 1.0 0.0
170.00 720.00 136.96 1.0 0.0
175.00 720.00 133.67 1.0 0.0
180.00 720.00 127.48 1.0 0.0
