# Radiation Pattern Data
# Generated from: yagi_10m_47.out
# Frequency: 28.850 MHz
# Format: Theta Phi Gain_dBi Phase_deg
# Theta: elevation angle (0-180 degrees)
# Phi: azimuth angle (0-360 degrees)
0.0 0.0 0.05 -89.6
5.0 0.0 0.04 89.5
10.0 0.0 0.04 88.7
15.0 0.0 0.03 87.9
20.0 0.0 0.03 87.2
25.0 0.0 0.02 86.4
30.0 0.0 0.02 85.6
35.0 0.0 0.01 84.9
40.0 0.0 0.01 84.1
45.0 0.0 0.01 83.3
50.0 0.0 0.01 82.5
55.0 0.0 0.01 81.7
60.0 0.0 0.01 80.7
65.0 0.0 0.02 79.7
70.0 0.0 0.03 78.5
75.0 0.0 0.05 77.1
80.0 0.0 0.07 75.5
85.0 0.0 0.11 73.8
90.0 0.0 0.00 0.0
0.0 10.0 0.05 80.4
5.0 10.0 0.04 79.5
10.0 10.0 0.04 78.7
15.0 10.0 0.04 77.8
20.0 10.0 0.03 76.9
25.0 10.0 0.03 76.0
30.0 10.0 0.03 75.0
35.0 10.0 0.03 74.0
40.0 10.0 0.03 72.9
45.0 10.0 0.04 71.8
50.0 10.0 0.04 70.5
55.0 10.0 0.06 69.1
60.0 10.0 0.07 67.6
65.0 10.0 0.09 65.8
70.0 10.0 0.12 63.7
75.0 10.0 0.15 61.3
80.0 10.0 0.20 58.3
85.0 10.0 0.27 54.7
90.0 10.0 0.00 0.0
0.0 20.0 0.05 70.4
5.0 20.0 0.04 69.6
10.0 20.0 0.04 68.7
15.0 20.0 0.04 67.8
20.0 20.0 0.04 66.8
25.0 20.0 0.04 65.7
30.0 20.0 0.04 64.6
35.0 20.0 0.04 63.4
40.0 20.0 0.05 62.1
45.0 20.0 0.06 60.7
50.0 20.0 0.07 59.1
55.0 20.0 0.09 57.4
60.0 20.0 0.11 55.4
65.0 20.0 0.13 53.0
70.0 20.0 0.16 50.3
75.0 20.0 0.20 47.1
80.0 20.0 0.25 43.0
85.0 20.0 0.30 38.0
90.0 20.0 0.00 0.0
0.0 30.0 0.05 60.4
5.0 30.0 0.04 59.6
10.0 30.0 0.04 58.7
15.0 30.0 0.04 57.8
20.0 30.0 0.04 56.8
25.0 30.0 0.04 55.7
30.0 30.0 0.05 54.5
35.0 30.0 0.05 53.2
40.0 30.0 0.06 51.8
45.0 30.0 0.07 50.2
50.0 30.0 0.09 48.5
55.0 30.0 0.10 46.5
60.0 30.0 0.12 44.3
65.0 30.0 0.15 41.8
70.0 30.0 0.17 38.8
75.0 30.0 0.20 35.4
80.0 30.0 0.23 31.2
85.0 30.0 0.27 26.3
90.0 30.0 0.00 0.0
0.0 40.0 0.05 50.4
5.0 40.0 0.04 49.7
10.0 40.0 0.04 48.9
15.0 40.0 0.04 48.0
20.0 40.0 0.05 47.0
25.0 40.0 0.05 45.9
30.0 40.0 0.05 44.7
35.0 40.0 0.06 43.4
40.0 40.0 0.07 42.0
45.0 40.0 0.08 40.4
50.0 40.0 0.09 38.7
55.0 40.0 0.11 36.8
60.0 40.0 0.12 34.6
65.0 40.0 0.14 32.1
70.0 40.0 0.16 29.4
75.0 40.0 0.18 26.2
80.0 40.0 0.20 22.6
85.0 40.0 0.22 18.6
90.0 40.0 0.00 0.0
0.0 50.0 0.05 40.4
5.0 50.0 0.05 39.8
10.0 50.0 0.04 39.1
15.0 50.0 0.05 38.3
20.0 50.0 0.05 37.4
25.0 50.0 0.05 36.4
30.0 50.0 0.06 35.3
35.0 50.0 0.06 34.1
40.0 50.0 0.07 32.8
45.0 50.0 0.08 31.3
50.0 50.0 0.09 29.8
55.0 50.0 0.10 28.0
60.0 50.0 0.11 26.1
65.0 50.0 0.12 24.0
70.0 50.0 0.14 21.6
75.0 50.0 0.15 19.0
80.0 50.0 0.16 16.2
85.0 50.0 0.17 13.1
90.0 50.0 0.00 0.0
0.0 60.0 0.05 30.4
5.0 60.0 0.05 29.9
10.0 60.0 0.05 29.3
15.0 60.0 0.05 28.6
20.0 60.0 0.05 27.9
25.0 60.0 0.05 27.1
30.0 60.0 0.06 26.1
35.0 60.0 0.06 25.1
40.0 60.0 0.07 24.0
45.0 60.0 0.07 22.8
50.0 60.0 0.08 21.5
55.0 60.0 0.09 20.1
60.0 60.0 0.10 18.6
65.0 60.0 0.10 16.9
70.0 60.0 0.11 15.1
75.0 60.0 0.12 13.1
80.0 60.0 0.12 11.1
85.0 60.0 0.12 8.8
90.0 60.0 0.00 0.0
0.0 70.0 0.05 20.4
5.0 70.0 0.05 20.0
10.0 70.0 0.05 19.6
15.0 70.0 0.05 19.1
20.0 70.0 0.05 18.6
25.0 70.0 0.05 17.9
30.0 70.0 0.05 17.3
35.0 70.0 0.06 16.5
40.0 70.0 0.06 15.7
45.0 70.0 0.06 14.8
50.0 70.0 0.07 13.9
55.0 70.0 0.07 12.9
60.0 70.0 0.08 11.8
65.0 70.0 0.08 10.7
70.0 70.0 0.08 9.4
75.0 70.0 0.08 8.1
80.0 70.0 0.09 6.7
85.0 70.0 0.09 5.3
90.0 70.0 0.00 0.0
0.0 80.0 0.05 10.4
5.0 80.0 0.05 10.2
10.0 80.0 0.05 9.9
15.0 80.0 0.05 9.7
20.0 80.0 0.05 9.3
25.0 80.0 0.05 9.0
30.0 80.0 0.05 8.6
35.0 80.0 0.05 8.2
40.0 80.0 0.05 7.7
45.0 80.0 0.05 7.2
50.0 80.0 0.05 6.7
55.0 80.0 0.05 6.1
60.0 80.0 0.05 5.5
65.0 80.0 0.05 4.9
70.0 80.0 0.05 4.3
75.0 80.0 0.05 3.6
80.0 80.0 0.05 2.9
85.0 80.0 0.05 2.2
90.0 80.0 0.00 0.0
0.0 90.0 0.05 0.4
5.0 90.0 0.05 0.3
10.0 90.0 0.05 0.3
15.0 90.0 0.05 0.2
20.0 90.0 0.05 0.2
25.0 90.0 0.05 0.1
30.0 90.0 0.04 0.0
35.0 90.0 0.04 -0.1
40.0 90.0 0.04 -0.2
45.0 90.0 0.04 -0.2
50.0 90.0 0.04 -0.3
55.0 90.0 0.04 -0.4
60.0 90.0 0.03 -0.5
65.0 90.0 0.03 -0.6
70.0 90.0 0.03 -0.6
75.0 90.0 0.02 -0.7
80.0 90.0 0.02 -0.7
85.0 90.0 0.02 -0.7
90.0 90.0 0.00 0.0
0.0 100.0 0.05 -9.6
5.0 100.0 0.05 -9.5
10.0 100.0 0.05 -9.3
15.0 100.0 0.05 -9.2
20.0 100.0 0.04 -9.0
25.0 100.0 0.04 -8.8
30.0 100.0 0.04 -8.5
35.0 100.0 0.04 -8.3
40.0 100.0 0.03 -8.0
45.0 100.0 0.03 -7.7
50.0 100.0 0.02 -7.3
55.0 100.0 0.02 -6.9
60.0 100.0 0.01 -6.5
65.0 100.0 0.00 -6.0
70.0 100.0 0.00 -5.5
75.0 100.0 0.01 -4.9
80.0 100.0 0.01 -4.3
85.0 100.0 0.02 -3.6
90.0 100.0 0.00 0.0
0.0 110.0 0.05 -19.6
5.0 110.0 0.05 -19.3
10.0 110.0 0.05 -19.0
15.0 110.0 0.05 -18.6
20.0 110.0 0.04 -18.2
25.0 110.0 0.04 -17.7
30.0 110.0 0.04 -17.2
35.0 110.0 0.03 -16.6
40.0 110.0 0.02 -15.9
45.0 110.0 0.01 -15.2
50.0 110.0 0.01 -14.4
55.0 110.0 0.00 -13.6
60.0 110.0 0.01 -12.7
65.0 110.0 0.02 -11.6
70.0 110.0 0.03 -10.5
75.0 110.0 0.04 -9.3
80.0 110.0 0.05 -8.0
85.0 110.0 0.05 -6.7
90.0 110.0 0.00 0.0
0.0 120.0 0.05 -29.6
5.0 120.0 0.05 -29.2
10.0 120.0 0.05 -28.7
15.0 120.0 0.05 -28.1
20.0 120.0 0.04 -27.5
25.0 120.0 0.04 -26.8
30.0 120.0 0.03 -25.9
35.0 120.0 0.02 -25.1
40.0 120.0 0.01 -24.1
45.0 120.0 0.00 -23.1
50.0 120.0 0.01 -21.9
55.0 120.0 0.02 -20.6
60.0 120.0 0.03 -19.3
65.0 120.0 0.04 -17.7
70.0 120.0 0.06 -16.1
75.0 120.0 0.07 -14.2
80.0 120.0 0.08 -12.3
85.0 120.0 0.09 -10.1
90.0 120.0 0.00 0.0
0.0 130.0 0.05 -39.6
5.0 130.0 0.05 -39.1
10.0 130.0 0.05 -38.4
15.0 130.0 0.05 -37.7
20.0 130.0 0.04 -36.9
25.0 130.0 0.04 -36.0
30.0 130.0 0.03 -35.0
35.0 130.0 0.02 -33.9
40.0 130.0 0.01 -32.7
45.0 130.0 0.00 -31.4
50.0 130.0 0.02 -29.9
55.0 130.0 0.03 -28.3
60.0 130.0 0.05 -26.6
65.0 130.0 0.07 -24.6
70.0 130.0 0.08 -22.4
75.0 130.0 0.10 -19.9
80.0 130.0 0.12 -17.3
85.0 130.0 0.13 -14.3
90.0 130.0 0.00 0.0
0.0 140.0 0.05 -49.6
5.0 140.0 0.05 -49.0
10.0 140.0 0.05 -48.2
15.0 140.0 0.05 -47.4
20.0 140.0 0.05 -46.4
25.0 140.0 0.04 -45.4
30.0 140.0 0.03 -44.3
35.0 140.0 0.02 -43.1
40.0 140.0 0.01 -41.7
45.0 140.0 0.00 -40.2
50.0 140.0 0.02 -38.6
55.0 140.0 0.04 -36.8
60.0 140.0 0.06 -34.8
65.0 140.0 0.08 -32.5
70.0 140.0 0.10 -29.9
75.0 140.0 0.13 -26.9
80.0 140.0 0.15 -23.5
85.0 140.0 0.18 -19.7
90.0 140.0 0.00 0.0
0.0 150.0 0.05 -59.6
5.0 150.0 0.05 -58.9
10.0 150.0 0.05 -58.0
15.0 150.0 0.05 -57.1
20.0 150.0 0.05 -56.1
25.0 150.0 0.04 -55.1
30.0 150.0 0.04 -53.9
35.0 150.0 0.03 -52.7
40.0 150.0 0.02 -51.3
45.0 150.0 0.00 -49.8
50.0 150.0 0.01 -48.1
55.0 150.0 0.03 -46.2
60.0 150.0 0.06 -44.1
65.0 150.0 0.08 -41.7
70.0 150.0 0.11 -38.9
75.0 150.0 0.14 -35.6
80.0 150.0 0.18 -31.8
85.0 150.0 0.22 -27.2
90.0 150.0 0.00 0.0
0.0 160.0 0.05 -69.6
5.0 160.0 0.05 -68.8
10.0 160.0 0.05 -68.0
15.0 160.0 0.05 -67.0
20.0 160.0 0.05 -66.1
25.0 160.0 0.05 -65.0
30.0 160.0 0.04 -63.9
35.0 160.0 0.04 -62.7
40.0 160.0 0.03 -61.4
45.0 160.0 0.02 -60.0
50.0 160.0 0.00 -58.5
55.0 160.0 0.02 -56.7
60.0 160.0 0.04 -54.7
65.0 160.0 0.07 -52.5
70.0 160.0 0.10 -49.8
75.0 160.0 0.14 -46.6
80.0 160.0 0.18 -42.9
85.0 160.0 0.24 -38.2
90.0 160.0 0.00 0.0
0.0 170.0 0.05 -79.6
5.0 170.0 0.05 -78.8
10.0 170.0 0.06 -77.9
15.0 170.0 0.06 -77.0
20.0 170.0 0.06 -76.1
25.0 170.0 0.06 -75.2
30.0 170.0 0.05 -74.2
35.0 170.0 0.05 -73.1
40.0 170.0 0.05 -72.0
45.0 170.0 0.04 -70.9
50.0 170.0 0.03 -69.6
55.0 170.0 0.02 -68.1
60.0 170.0 0.00 -66.5
65.0 170.0 0.02 -64.7
70.0 170.0 0.05 -62.5
75.0 170.0 0.08 -59.9
80.0 170.0 0.13 -56.9
85.0 170.0 0.20 -53.2
90.0 170.0 0.00 0.0
0.0 180.0 0.05 -89.6
5.0 180.0 0.05 -88.8
10.0 180.0 0.06 -88.0
15.0 180.0 0.06 -87.2
20.0 180.0 0.06 -86.3
25.0 180.0 0.07 -85.5
30.0 180.0 0.07 -84.7
35.0 180.0 0.07 -83.9
40.0 180.0 0.07 -83.1
45.0 180.0 0.07 -82.3
50.0 180.0 0.07 -81.4
55.0 180.0 0.06 -80.4
60.0 180.0 0.06 -79.3
65.0 180.0 0.05 -78.1
70.0 180.0 0.04 -76.6
75.0 180.0 0.03 -74.9
80.0 180.0 0.00 -72.8
85.0 180.0 0.03 -70.4
90.0 180.0 0.00 0.0
0.0 190.0 0.05 80.4
5.0 190.0 0.05 81.2
10.0 190.0 0.06 81.9
15.0 190.0 0.06 82.7
20.0 190.0 0.07 83.3
25.0 190.0 0.07 84.0
30.0 190.0 0.08 84.5
35.0 190.0 0.08 85.0
40.0 190.0 0.09 85.5
45.0 190.0 0.10 86.0
50.0 190.0 0.10 86.4
55.0 190.0 0.11 86.8
60.0 190.0 0.12 87.1
65.0 190.0 0.14 87.6
70.0 190.0 0.15 88.1
75.0 190.0 0.17 88.8
80.0 190.0 0.19 89.8
85.0 190.0 0.22 -88.6
90.0 190.0 0.00 0.0
0.0 200.0 0.05 70.4
5.0 200.0 0.05 71.1
10.0 200.0 0.06 71.8
15.0 200.0 0.06 72.4
20.0 200.0 0.07 72.9
25.0 200.0 0.08 73.3
30.0 200.0 0.09 73.7
35.0 200.0 0.10 73.9
40.0 200.0 0.11 74.0
45.0 200.0 0.12 74.0
50.0 200.0 0.14 73.8
55.0 200.0 0.16 73.5
60.0 200.0 0.18 73.1
65.0 200.0 0.21 72.5
70.0 200.0 0.24 71.8
75.0 200.0 0.29 70.8
80.0 200.0 0.35 69.6
85.0 200.0 0.44 68.4
90.0 200.0 0.00 0.0
0.0 210.0 0.05 60.4
5.0 210.0 0.05 61.1
10.0 210.0 0.06 61.6
15.0 210.0 0.07 62.1
20.0 210.0 0.07 62.5
25.0 210.0 0.08 62.7
30.0 210.0 0.09 62.8
35.0 210.0 0.11 62.7
40.0 210.0 0.12 62.5
45.0 210.0 0.14 62.0
50.0 210.0 0.16 61.4
55.0 210.0 0.18 60.5
60.0 210.0 0.21 59.3
65.0 210.0 0.24 57.6
70.0 210.0 0.29 55.5
75.0 210.0 0.34 52.6
80.0 210.0 0.40 48.7
85.0 210.0 0.47 42.9
90.0 210.0 0.00 0.0
0.0 220.0 0.05 50.4
5.0 220.0 0.05 51.0
10.0 220.0 0.06 51.5
15.0 220.0 0.07 51.8
20.0 220.0 0.07 52.0
25.0 220.0 0.08 52.1
30.0 220.0 0.10 52.0
35.0 220.0 0.11 51.7
40.0 220.0 0.13 51.2
45.0 220.0 0.14 50.5
50.0 220.0 0.16 49.4
55.0 220.0 0.19 48.1
60.0 220.0 0.21 46.3
65.0 220.0 0.24 44.1
70.0 220.0 0.28 41.2
75.0 220.0 0.31 37.5
80.0 220.0 0.35 32.9
85.0 220.0 0.38 26.9
90.0 220.0 0.00 0.0
0.0 230.0 0.05 40.4
5.0 230.0 0.05 40.9
10.0 230.0 0.06 41.2
15.0 230.0 0.06 41.5
20.0 230.0 0.07 41.6
25.0 230.0 0.08 41.6
30.0 230.0 0.09 41.3
35.0 230.0 0.11 40.9
40.0 230.0 0.12 40.3
45.0 230.0 0.14 39.4
50.0 230.0 0.15 38.2
55.0 230.0 0.17 36.7
60.0 230.0 0.19 34.8
65.0 230.0 0.21 32.5
70.0 230.0 0.23 29.7
75.0 230.0 0.25 26.4
80.0 230.0 0.27 22.4
85.0 230.0 0.28 17.8
90.0 230.0 0.00 0.0
0.0 240.0 0.05 30.4
5.0 240.0 0.05 30.8
10.0 240.0 0.06 31.0
15.0 240.0 0.06 31.2
20.0 240.0 0.07 31.2
25.0 240.0 0.08 31.1
30.0 240.0 0.09 30.9
35.0 240.0 0.10 30.4
40.0 240.0 0.11 29.8
45.0 240.0 0.12 28.9
50.0 240.0 0.13 27.8
55.0 240.0 0.15 26.4
60.0 240.0 0.16 24.8
65.0 240.0 0.17 22.8
70.0 240.0 0.18 20.6
75.0 240.0 0.19 17.9
80.0 240.0 0.20 15.0
85.0 240.0 0.20 11.8
90.0 240.0 0.00 0.0
0.0 250.0 0.05 20.4
5.0 250.0 0.05 20.6
10.0 250.0 0.05 20.8
15.0 250.0 0.06 20.9
20.0 250.0 0.06 20.9
25.0 250.0 0.07 20.8
30.0 250.0 0.07 20.6
35.0 250.0 0.08 20.2
40.0 250.0 0.09 19.7
45.0 250.0 0.10 19.0
50.0 250.0 0.11 18.1
55.0 250.0 0.11 17.1
60.0 250.0 0.12 15.9
65.0 250.0 0.13 14.5
70.0 250.0 0.13 12.9
75.0 250.0 0.13 11.1
80.0 250.0 0.14 9.2
85.0 250.0 0.13 7.1
90.0 250.0 0.00 0.0
0.0 260.0 0.05 10.4
5.0 260.0 0.05 10.5
10.0 260.0 0.05 10.6
15.0 260.0 0.05 10.7
20.0 260.0 0.05 10.7
25.0 260.0 0.06 10.6
30.0 260.0 0.06 10.4
35.0 260.0 0.06 10.2
40.0 260.0 0.07 9.9
45.0 260.0 0.07 9.5
50.0 260.0 0.07 9.0
55.0 260.0 0.08 8.4
60.0 260.0 0.08 7.7
65.0 260.0 0.08 7.0
70.0 260.0 0.08 6.1
75.0 260.0 0.08 5.2
80.0 260.0 0.08 4.2
85.0 260.0 0.07 3.2
90.0 260.0 0.00 0.0
0.0 270.0 0.05 0.4
5.0 270.0 0.05 0.4
10.0 270.0 0.05 0.4
15.0 270.0 0.05 0.4
20.0 270.0 0.05 0.4
25.0 270.0 0.05 0.4
30.0 270.0 0.04 0.3
35.0 270.0 0.04 0.3
40.0 270.0 0.04 0.2
45.0 270.0 0.04 0.2
50.0 270.0 0.04 0.1
55.0 270.0 0.04 0.0
60.0 270.0 0.04 -0.1
65.0 270.0 0.03 -0.1
70.0 270.0 0.03 -0.2
75.0 270.0 0.03 -0.3
80.0 270.0 0.02 -0.4
85.0 270.0 0.02 -0.5
90.0 270.0 0.00 0.0
0.0 280.0 0.05 -9.6
5.0 280.0 0.05 -9.7
10.0 280.0 0.04 -9.8
15.0 280.0 0.04 -9.8
20.0 280.0 0.04 -9.8
25.0 280.0 0.03 -9.8
30.0 280.0 0.03 -9.7
35.0 280.0 0.02 -9.6
40.0 280.0 0.02 -9.4
45.0 280.0 0.01 -9.1
50.0 280.0 0.01 -8.8
55.0 280.0 0.00 -8.3
60.0 280.0 0.01 -7.8
65.0 280.0 0.01 -7.3
70.0 280.0 0.02 -6.6
75.0 280.0 0.03 -5.9
80.0 280.0 0.03 -5.0
85.0 280.0 0.04 -4.2
90.0 280.0 0.00 0.0
0.0 290.0 0.05 -19.6
5.0 290.0 0.05 -19.9
10.0 290.0 0.04 -20.0
15.0 290.0 0.04 -20.1
20.0 290.0 0.03 -20.1
25.0 290.0 0.02 -20.0
30.0 290.0 0.02 -19.8
35.0 290.0 0.01 -19.5
40.0 290.0 0.00 -19.1
45.0 290.0 0.01 -18.5
50.0 290.0 0.03 -17.8
55.0 290.0 0.04 -17.0
60.0 290.0 0.05 -15.9
65.0 290.0 0.06 -14.7
70.0 290.0 0.07 -13.3
75.0 290.0 0.08 -11.8
80.0 290.0 0.09 -10.1
85.0 290.0 0.09 -8.2
90.0 290.0 0.00 0.0
0.0 300.0 0.05 -29.6
5.0 300.0 0.04 -30.0
10.0 300.0 0.04 -30.2
15.0 300.0 0.03 -30.4
20.0 300.0 0.02 -30.4
25.0 300.0 0.01 -30.3
30.0 300.0 0.00 -30.1
35.0 300.0 0.01 -29.7
40.0 300.0 0.02 -29.1
45.0 300.0 0.04 -28.4
50.0 300.0 0.05 -27.4
55.0 300.0 0.07 -26.2
60.0 300.0 0.09 -24.7
65.0 300.0 0.10 -22.9
70.0 300.0 0.12 -20.9
75.0 300.0 0.13 -18.6
80.0 300.0 0.15 -15.9
85.0 300.0 0.16 -12.9
90.0 300.0 0.00 0.0
0.0 310.0 0.05 -39.6
5.0 310.0 0.04 -40.1
10.0 310.0 0.04 -40.4
15.0 310.0 0.03 -40.7
20.0 310.0 0.02 -40.8
25.0 310.0 0.01 -40.7
30.0 310.0 0.00 -40.5
35.0 310.0 0.02 -40.1
40.0 310.0 0.04 -39.5
45.0 310.0 0.05 -38.7
50.0 310.0 0.07 -37.6
55.0 310.0 0.10 -36.2
60.0 310.0 0.12 -34.5
65.0 310.0 0.14 -32.4
70.0 310.0 0.17 -29.9
75.0 310.0 0.19 -26.8
80.0 310.0 0.21 -23.2
85.0 310.0 0.23 -19.1
90.0 310.0 0.00 0.0
0.0 320.0 0.05 -49.6
5.0 320.0 0.04 -50.2
10.0 320.0 0.04 -50.6
15.0 320.0 0.03 -51.0
20.0 320.0 0.02 -51.2
25.0 320.0 0.01 -51.2
30.0 320.0 0.01 -51.1
35.0 320.0 0.02 -50.8
40.0 320.0 0.04 -50.3
45.0 320.0 0.06 -49.6
50.0 320.0 0.08 -48.6
55.0 320.0 0.11 -47.3
60.0 320.0 0.14 -45.6
65.0 320.0 0.17 -43.5
70.0 320.0 0.20 -40.9
75.0 320.0 0.24 -37.6
80.0 320.0 0.27 -33.4
85.0 320.0 0.31 -28.1
90.0 320.0 0.00 0.0
0.0 330.0 0.05 -59.6
5.0 330.0 0.04 -60.3
10.0 330.0 0.04 -60.8
15.0 330.0 0.03 -61.3
20.0 330.0 0.02 -61.6
25.0 330.0 0.01 -61.8
30.0 330.0 0.01 -61.9
35.0 330.0 0.02 -61.8
40.0 330.0 0.04 -61.5
45.0 330.0 0.06 -61.0
50.0 330.0 0.08 -60.3
55.0 330.0 0.10 -59.4
60.0 330.0 0.13 -58.1
65.0 330.0 0.17 -56.5
70.0 330.0 0.21 -54.4
75.0 330.0 0.25 -51.7
80.0 330.0 0.31 -48.0
85.0 330.0 0.38 -43.0
90.0 330.0 0.00 0.0
0.0 340.0 0.05 -69.6
5.0 340.0 0.04 -70.3
10.0 340.0 0.04 -71.0
15.0 340.0 0.03 -71.6
20.0 340.0 0.02 -72.0
25.0 340.0 0.01 -72.4
30.0 340.0 0.00 -72.7
35.0 340.0 0.01 -72.9
40.0 340.0 0.03 -72.9
45.0 340.0 0.04 -72.8
50.0 340.0 0.06 -72.6
55.0 340.0 0.08 -72.2
60.0 340.0 0.10 -71.7
65.0 340.0 0.13 -70.9
70.0 340.0 0.16 -69.9
75.0 340.0 0.21 -68.7
80.0 340.0 0.26 -67.1
85.0 340.0 0.34 -65.1
90.0 340.0 0.00 0.0
0.0 350.0 0.05 -79.6
5.0 350.0 0.04 -80.4
10.0 350.0 0.04 -81.2
15.0 350.0 0.03 -81.8
20.0 350.0 0.02 -82.5
25.0 350.0 0.02 -83.1
30.0 350.0 0.01 -83.6
35.0 350.0 0.00 -84.0
40.0 350.0 0.01 -84.4
45.0 350.0 0.02 -84.8
50.0 350.0 0.03 -85.1
55.0 350.0 0.04 -85.4
60.0 350.0 0.05 -85.6
65.0 350.0 0.06 -85.8
70.0 350.0 0.08 -86.0
75.0 350.0 0.09 -86.2
80.0 350.0 0.11 -86.5
85.0 350.0 0.14 -87.1
90.0 350.0 0.00 0.0
0.0 360.0 0.05 -89.6
5.0 360.0 0.04 89.5
10.0 360.0 0.04 88.7
15.0 360.0 0.03 87.9
20.0 360.0 0.03 87.2
25.0 360.0 0.02 86.4
30.0 360.0 0.02 85.6
35.0 360.0 0.01 84.9
40.0 360.0 0.01 84.1
45.0 360.0 0.01 83.3
50.0 360.0 0.01 82.5
55.0 360.0 0.01 81.7
60.0 360.0 0.01 80.7
65.0 360.0 0.02 79.7
70.0 360.0 0.03 78.5
75.0 360.0 0.05 77.1
80.0 360.0 0.07 75.5
85.0 360.0 0.11 73.8
90.0 360.0 0.00 0.0
0.0 370.0 0.05 80.4
5.0 370.0 0.04 79.5
10.0 370.0 0.04 78.7
15.0 370.0 0.04 77.8
20.0 370.0 0.03 76.9
25.0 370.0 0.03 76.0
30.0 370.0 0.03 75.0
35.0 370.0 0.03 74.0
40.0 370.0 0.03 72.9
45.0 370.0 0.04 71.8
50.0 370.0 0.04 70.5
55.0 370.0 0.06 69.1
60.0 370.0 0.07 67.6
65.0 370.0 0.09 65.8
70.0 370.0 0.12 63.7
75.0 370.0 0.15 61.3
80.0 370.0 0.20 58.3
85.0 370.0 0.27 54.7
90.0 370.0 0.00 0.0
0.0 380.0 0.05 70.4
5.0 380.0 0.04 69.6
10.0 380.0 0.04 68.7
15.0 380.0 0.04 67.8
20.0 380.0 0.04 66.8
25.0 380.0 0.04 65.7
30.0 380.0 0.04 64.6
35.0 380.0 0.04 63.4
40.0 380.0 0.05 62.1
45.0 380.0 0.06 60.7
50.0 380.0 0.07 59.1
55.0 380.0 0.09 57.4
60.0 380.0 0.11 55.4
65.0 380.0 0.13 53.0
70.0 380.0 0.16 50.3
75.0 380.0 0.20 47.1
80.0 380.0 0.25 43.0
85.0 380.0 0.30 38.0
90.0 380.0 0.00 0.0
0.0 390.0 0.05 60.4
5.0 390.0 0.04 59.6
10.0 390.0 0.04 58.7
15.0 390.0 0.04 57.8
20.0 390.0 0.04 56.8
25.0 390.0 0.04 55.7
30.0 390.0 0.05 54.5
35.0 390.0 0.05 53.2
40.0 390.0 0.06 51.8
45.0 390.0 0.07 50.2
50.0 390.0 0.09 48.5
55.0 390.0 0.10 46.5
60.0 390.0 0.12 44.3
65.0 390.0 0.15 41.8
70.0 390.0 0.17 38.8
75.0 390.0 0.20 35.4
80.0 390.0 0.23 31.2
85.0 390.0 0.27 26.3
90.0 390.0 0.00 0.0
0.0 400.0 0.05 50.4
5.0 400.0 0.04 49.7
10.0 400.0 0.04 48.9
15.0 400.0 0.04 48.0
20.0 400.0 0.05 47.0
25.0 400.0 0.05 45.9
30.0 400.0 0.05 44.7
35.0 400.0 0.06 43.4
40.0 400.0 0.07 42.0
45.0 400.0 0.08 40.4
50.0 400.0 0.09 38.7
55.0 400.0 0.11 36.8
60.0 400.0 0.12 34.6
65.0 400.0 0.14 32.1
70.0 400.0 0.16 29.4
75.0 400.0 0.18 26.2
80.0 400.0 0.20 22.6
85.0 400.0 0.22 18.6
90.0 400.0 0.00 0.0
0.0 410.0 0.05 40.4
5.0 410.0 0.05 39.8
10.0 410.0 0.04 39.1
15.0 410.0 0.05 38.3
20.0 410.0 0.05 37.4
25.0 410.0 0.05 36.4
30.0 410.0 0.06 35.3
35.0 410.0 0.06 34.1
40.0 410.0 0.07 32.8
45.0 410.0 0.08 31.3
50.0 410.0 0.09 29.8
55.0 410.0 0.10 28.0
60.0 410.0 0.11 26.1
65.0 410.0 0.12 24.0
70.0 410.0 0.14 21.6
75.0 410.0 0.15 19.0
80.0 410.0 0.16 16.2
85.0 410.0 0.17 13.1
90.0 410.0 0.00 0.0
0.0 420.0 0.05 30.4
5.0 420.0 0.05 29.9
10.0 420.0 0.05 29.3
15.0 420.0 0.05 28.6
20.0 420.0 0.05 27.9
25.0 420.0 0.05 27.1
30.0 420.0 0.06 26.1
35.0 420.0 0.06 25.1
40.0 420.0 0.07 24.0
45.0 420.0 0.07 22.8
50.0 420.0 0.08 21.5
55.0 420.0 0.09 20.1
60.0 420.0 0.10 18.6
65.0 420.0 0.10 16.9
70.0 420.0 0.11 15.1
75.0 420.0 0.12 13.1
80.0 420.0 0.12 11.1
85.0 420.0 0.12 8.8
90.0 420.0 0.00 0.0
0.0 430.0 0.05 20.4
5.0 430.0 0.05 20.0
10.0 430.0 0.05 19.6
15.0 430.0 0.05 19.1
20.0 430.0 0.05 18.6
25.0 430.0 0.05 17.9
30.0 430.0 0.05 17.3
35.0 430.0 0.06 16.5
40.0 430.0 0.06 15.7
45.0 430.0 0.06 14.8
50.0 430.0 0.07 13.9
55.0 430.0 0.07 12.9
60.0 430.0 0.08 11.8
65.0 430.0 0.08 10.7
70.0 430.0 0.08 9.4
75.0 430.0 0.08 8.1
80.0 430.0 0.09 6.7
85.0 430.0 0.09 5.3
90.0 430.0 0.00 0.0
0.0 440.0 0.05 10.4
5.0 440.0 0.05 10.2
10.0 440.0 0.05 9.9
15.0 440.0 0.05 9.7
20.0 440.0 0.05 9.3
25.0 440.0 0.05 9.0
30.0 440.0 0.05 8.6
35.0 440.0 0.05 8.2
40.0 440.0 0.05 7.7
45.0 440.0 0.05 7.2
50.0 440.0 0.05 6.7
55.0 440.0 0.05 6.1
60.0 440.0 0.05 5.5
65.0 440.0 0.05 4.9
70.0 440.0 0.05 4.3
75.0 440.0 0.05 3.6
80.0 440.0 0.05 2.9
85.0 440.0 0.05 2.2
90.0 440.0 0.00 0.0
0.0 450.0 0.05 0.4
5.0 450.0 0.05 0.3
10.0 450.0 0.05 0.3
15.0 450.0 0.05 0.2
20.0 450.0 0.05 0.2
25.0 450.0 0.05 0.1
30.0 450.0 0.04 0.0
35.0 450.0 0.04 -0.1
40.0 450.0 0.04 -0.2
45.0 450.0 0.04 -0.2
50.0 450.0 0.04 -0.3
55.0 450.0 0.04 -0.4
60.0 450.0 0.03 -0.5
65.0 450.0 0.03 -0.6
70.0 450.0 0.03 -0.6
75.0 450.0 0.02 -0.7
80.0 450.0 0.02 -0.7
85.0 450.0 0.02 -0.7
90.0 450.0 0.00 0.0
0.0 460.0 0.05 -9.6
5.0 460.0 0.05 -9.5
10.0 460.0 0.05 -9.3
15.0 460.0 0.05 -9.2
20.0 460.0 0.04 -9.0
25.0 460.0 0.04 -8.8
30.0 460.0 0.04 -8.5
35.0 460.0 0.04 -8.3
40.0 460.0 0.03 -8.0
45.0 460.0 0.03 -7.7
50.0 460.0 0.02 -7.3
55.0 460.0 0.02 -6.9
60.0 460.0 0.01 -6.5
65.0 460.0 0.00 -6.0
70.0 460.0 0.00 -5.5
75.0 460.0 0.01 -4.9
80.0 460.0 0.01 -4.3
85.0 460.0 0.02 -3.6
90.0 460.0 0.00 0.0
0.0 470.0 0.05 -19.6
5.0 470.0 0.05 -19.3
10.0 470.0 0.05 -19.0
15.0 470.0 0.05 -18.6
20.0 470.0 0.04 -18.2
25.0 470.0 0.04 -17.7
30.0 470.0 0.04 -17.2
35.0 470.0 0.03 -16.6
40.0 470.0 0.02 -15.9
45.0 470.0 0.01 -15.2
50.0 470.0 0.01 -14.4
55.0 470.0 0.00 -13.6
60.0 470.0 0.01 -12.7
65.0 470.0 0.02 -11.6
70.0 470.0 0.03 -10.5
75.0 470.0 0.04 -9.3
80.0 470.0 0.05 -8.0
85.0 470.0 0.05 -6.7
90.0 470.0 0.00 0.0
0.0 480.0 0.05 -29.6
5.0 480.0 0.05 -29.2
10.0 480.0 0.05 -28.7
15.0 480.0 0.05 -28.1
20.0 480.0 0.04 -27.5
25.0 480.0 0.04 -26.8
30.0 480.0 0.03 -25.9
35.0 480.0 0.02 -25.1
40.0 480.0 0.01 -24.1
45.0 480.0 0.00 -23.1
50.0 480.0 0.01 -21.9
55.0 480.0 0.02 -20.6
60.0 480.0 0.03 -19.3
65.0 480.0 0.04 -17.7
70.0 480.0 0.06 -16.1
75.0 480.0 0.07 -14.2
80.0 480.0 0.08 -12.3
85.0 480.0 0.09 -10.1
90.0 480.0 0.00 0.0
0.0 490.0 0.05 -39.6
5.0 490.0 0.05 -39.1
10.0 490.0 0.05 -38.4
15.0 490.0 0.05 -37.7
20.0 490.0 0.04 -36.9
25.0 490.0 0.04 -36.0
30.0 490.0 0.03 -35.0
35.0 490.0 0.02 -33.9
40.0 490.0 0.01 -32.7
45.0 490.0 0.00 -31.4
50.0 490.0 0.02 -29.9
55.0 490.0 0.03 -28.3
60.0 490.0 0.05 -26.6
65.0 490.0 0.07 -24.6
70.0 490.0 0.08 -22.4
75.0 490.0 0.10 -19.9
80.0 490.0 0.12 -17.3
85.0 490.0 0.13 -14.3
90.0 490.0 0.00 0.0
0.0 500.0 0.05 -49.6
5.0 500.0 0.05 -49.0
10.0 500.0 0.05 -48.2
15.0 500.0 0.05 -47.4
20.0 500.0 0.05 -46.4
25.0 500.0 0.04 -45.4
30.0 500.0 0.03 -44.3
35.0 500.0 0.02 -43.1
40.0 500.0 0.01 -41.7
45.0 500.0 0.00 -40.2
50.0 500.0 0.02 -38.6
55.0 500.0 0.04 -36.8
60.0 500.0 0.06 -34.8
65.0 500.0 0.08 -32.5
70.0 500.0 0.10 -29.9
75.0 500.0 0.13 -26.9
80.0 500.0 0.15 -23.5
85.0 500.0 0.18 -19.7
90.0 500.0 0.00 0.0
0.0 510.0 0.05 -59.6
5.0 510.0 0.05 -58.9
10.0 510.0 0.05 -58.0
15.0 510.0 0.05 -57.1
20.0 510.0 0.05 -56.1
25.0 510.0 0.04 -55.1
30.0 510.0 0.04 -53.9
35.0 510.0 0.03 -52.7
40.0 510.0 0.02 -51.3
45.0 510.0 0.00 -49.8
50.0 510.0 0.01 -48.1
55.0 510.0 0.03 -46.2
60.0 510.0 0.06 -44.1
65.0 510.0 0.08 -41.7
70.0 510.0 0.11 -38.9
75.0 510.0 0.14 -35.6
80.0 510.0 0.18 -31.8
85.0 510.0 0.22 -27.2
90.0 510.0 0.00 0.0
0.0 520.0 0.05 -69.6
5.0 520.0 0.05 -68.8
10.0 520.0 0.05 -68.0
15.0 520.0 0.05 -67.0
20.0 520.0 0.05 -66.1
25.0 520.0 0.05 -65.0
30.0 520.0 0.04 -63.9
35.0 520.0 0.04 -62.7
40.0 520.0 0.03 -61.4
45.0 520.0 0.02 -60.0
50.0 520.0 0.00 -58.5
55.0 520.0 0.02 -56.7
60.0 520.0 0.04 -54.7
65.0 520.0 0.07 -52.5
70.0 520.0 0.10 -49.8
75.0 520.0 0.14 -46.6
80.0 520.0 0.18 -42.9
85.0 520.0 0.24 -38.2
90.0 520.0 0.00 0.0
0.0 530.0 0.05 -79.6
5.0 530.0 0.05 -78.8
10.0 530.0 0.06 -77.9
15.0 530.0 0.06 -77.0
20.0 530.0 0.06 -76.1
25.0 530.0 0.06 -75.2
30.0 530.0 0.05 -74.2
35.0 530.0 0.05 -73.1
40.0 530.0 0.05 -72.0
45.0 530.0 0.04 -70.9
50.0 530.0 0.03 -69.6
55.0 530.0 0.02 -68.1
60.0 530.0 0.00 -66.5
65.0 530.0 0.02 -64.7
70.0 530.0 0.05 -62.5
75.0 530.0 0.08 -59.9
80.0 530.0 0.13 -56.9
85.0 530.0 0.20 -53.2
90.0 530.0 0.00 0.0
0.0 540.0 0.05 -89.6
5.0 540.0 0.05 -88.8
10.0 540.0 0.06 -88.0
15.0 540.0 0.06 -87.2
20.0 540.0 0.06 -86.3
25.0 540.0 0.07 -85.5
30.0 540.0 0.07 -84.7
35.0 540.0 0.07 -83.9
40.0 540.0 0.07 -83.1
45.0 540.0 0.07 -82.3
50.0 540.0 0.07 -81.4
55.0 540.0 0.06 -80.4
60.0 540.0 0.06 -79.3
65.0 540.0 0.05 -78.1
70.0 540.0 0.04 -76.6
75.0 540.0 0.03 -74.9
80.0 540.0 0.00 -72.8
85.0 540.0 0.03 -70.4
90.0 540.0 0.00 0.0
0.0 550.0 0.05 80.4
5.0 550.0 0.05 81.2
10.0 550.0 0.06 81.9
15.0 550.0 0.06 82.7
20.0 550.0 0.07 83.3
25.0 550.0 0.07 84.0
30.0 550.0 0.08 84.5
35.0 550.0 0.08 85.0
40.0 550.0 0.09 85.5
45.0 550.0 0.10 86.0
50.0 550.0 0.10 86.4
55.0 550.0 0.11 86.8
60.0 550.0 0.12 87.1
65.0 550.0 0.14 87.6
70.0 550.0 0.15 88.1
75.0 550.0 0.17 88.8
80.0 550.0 0.19 89.8
85.0 550.0 0.22 -88.6
90.0 550.0 0.00 0.0
0.0 560.0 0.05 70.4
5.0 560.0 0.05 71.1
10.0 560.0 0.06 71.8
15.0 560.0 0.06 72.4
20.0 560.0 0.07 72.9
25.0 560.0 0.08 73.3
30.0 560.0 0.09 73.7
35.0 560.0 0.10 73.9
40.0 560.0 0.11 74.0
45.0 560.0 0.12 74.0
50.0 560.0 0.14 73.8
55.0 560.0 0.16 73.5
60.0 560.0 0.18 73.1
65.0 560.0 0.21 72.5
70.0 560.0 0.24 71.8
75.0 560.0 0.29 70.8
80.0 560.0 0.35 69.6
85.0 560.0 0.44 68.4
90.0 560.0 0.00 0.0
0.0 570.0 0.05 60.4
5.0 570.0 0.05 61.1
10.0 570.0 0.06 61.6
15.0 570.0 0.07 62.1
20.0 570.0 0.07 62.5
25.0 570.0 0.08 62.7
30.0 570.0 0.09 62.8
35.0 570.0 0.11 62.7
40.0 570.0 0.12 62.5
45.0 570.0 0.14 62.0
50.0 570.0 0.16 61.4
55.0 570.0 0.18 60.5
60.0 570.0 0.21 59.3
65.0 570.0 0.24 57.6
70.0 570.0 0.29 55.5
75.0 570.0 0.34 52.6
80.0 570.0 0.40 48.7
85.0 570.0 0.47 42.9
90.0 570.0 0.00 0.0
0.0 580.0 0.05 50.4
5.0 580.0 0.05 51.0
10.0 580.0 0.06 51.5
15.0 580.0 0.07 51.8
20.0 580.0 0.07 52.0
25.0 580.0 0.08 52.1
30.0 580.0 0.10 52.0
35.0 580.0 0.11 51.7
40.0 580.0 0.13 51.2
45.0 580.0 0.14 50.5
50.0 580.0 0.16 49.4
55.0 580.0 0.19 48.1
60.0 580.0 0.21 46.3
65.0 580.0 0.24 44.1
70.0 580.0 0.28 41.2
75.0 580.0 0.31 37.5
80.0 580.0 0.35 32.9
85.0 580.0 0.38 26.9
90.0 580.0 0.00 0.0
0.0 590.0 0.05 40.4
5.0 590.0 0.05 40.9
10.0 590.0 0.06 41.2
15.0 590.0 0.06 41.5
20.0 590.0 0.07 41.6
25.0 590.0 0.08 41.6
30.0 590.0 0.09 41.3
35.0 590.0 0.11 40.9
40.0 590.0 0.12 40.3
45.0 590.0 0.14 39.4
50.0 590.0 0.15 38.2
55.0 590.0 0.17 36.7
60.0 590.0 0.19 34.8
65.0 590.0 0.21 32.5
70.0 590.0 0.23 29.7
75.0 590.0 0.25 26.4
80.0 590.0 0.27 22.4
85.0 590.0 0.28 17.8
90.0 590.0 0.00 0.0
0.0 600.0 0.05 30.4
5.0 600.0 0.05 30.8
10.0 600.0 0.06 31.0
15.0 600.0 0.06 31.2
20.0 600.0 0.07 31.2
25.0 600.0 0.08 31.1
30.0 600.0 0.09 30.9
35.0 600.0 0.10 30.4
40.0 600.0 0.11 29.8
45.0 600.0 0.12 28.9
50.0 600.0 0.13 27.8
55.0 600.0 0.15 26.4
60.0 600.0 0.16 24.8
65.0 600.0 0.17 22.8
70.0 600.0 0.18 20.6
75.0 600.0 0.19 17.9
80.0 600.0 0.20 15.0
85.0 600.0 0.20 11.8
90.0 600.0 0.00 0.0
0.0 610.0 0.05 20.4
5.0 610.0 0.05 20.6
10.0 610.0 0.05 20.8
15.0 610.0 0.06 20.9
20.0 610.0 0.06 20.9
25.0 610.0 0.07 20.8
30.0 610.0 0.07 20.6
35.0 610.0 0.08 20.2
40.0 610.0 0.09 19.7
45.0 610.0 0.10 19.0
50.0 610.0 0.11 18.1
55.0 610.0 0.11 17.1
60.0 610.0 0.12 15.9
65.0 610.0 0.13 14.5
70.0 610.0 0.13 12.9
75.0 610.0 0.13 11.1
80.0 610.0 0.14 9.2
85.0 610.0 0.13 7.1
90.0 610.0 0.00 0.0
0.0 620.0 0.05 10.4
5.0 620.0 0.05 10.5
10.0 620.0 0.05 10.6
15.0 620.0 0.05 10.7
20.0 620.0 0.05 10.7
25.0 620.0 0.06 10.6
30.0 620.0 0.06 10.4
35.0 620.0 0.06 10.2
40.0 620.0 0.07 9.9
45.0 620.0 0.07 9.5
50.0 620.0 0.07 9.0
55.0 620.0 0.08 8.4
60.0 620.0 0.08 7.7
65.0 620.0 0.08 7.0
70.0 620.0 0.08 6.1
75.0 620.0 0.08 5.2
80.0 620.0 0.08 4.2
85.0 620.0 0.07 3.2
90.0 620.0 0.00 0.0
0.0 630.0 0.05 0.4
5.0 630.0 0.05 0.4
10.0 630.0 0.05 0.4
15.0 630.0 0.05 0.4
20.0 630.0 0.05 0.4
25.0 630.0 0.05 0.4
30.0 630.0 0.04 0.3
35.0 630.0 0.04 0.3
40.0 630.0 0.04 0.2
45.0 630.0 0.04 0.2
50.0 630.0 0.04 0.1
55.0 630.0 0.04 0.0
60.0 630.0 0.04 -0.1
65.0 630.0 0.03 -0.1
70.0 630.0 0.03 -0.2
75.0 630.0 0.03 -0.3
80.0 630.0 0.02 -0.4
85.0 630.0 0.02 -0.5
90.0 630.0 0.00 0.0
0.0 640.0 0.05 -9.6
5.0 640.0 0.05 -9.7
10.0 640.0 0.04 -9.8
15.0 640.0 0.04 -9.8
20.0 640.0 0.04 -9.8
25.0 640.0 0.03 -9.8
30.0 640.0 0.03 -9.7
35.0 640.0 0.02 -9.6
40.0 640.0 0.02 -9.4
45.0 640.0 0.01 -9.1
50.0 640.0 0.01 -8.8
55.0 640.0 0.00 -8.3
60.0 640.0 0.01 -7.8
65.0 640.0 0.01 -7.3
70.0 640.0 0.02 -6.6
75.0 640.0 0.03 -5.9
80.0 640.0 0.03 -5.0
85.0 640.0 0.04 -4.2
90.0 640.0 0.00 0.0
0.0 650.0 0.05 -19.6
5.0 650.0 0.05 -19.9
10.0 650.0 0.04 -20.0
15.0 650.0 0.04 -20.1
20.0 650.0 0.03 -20.1
25.0 650.0 0.02 -20.0
30.0 650.0 0.02 -19.8
35.0 650.0 0.01 -19.5
40.0 650.0 0.00 -19.1
45.0 650.0 0.01 -18.5
50.0 650.0 0.03 -17.8
55.0 650.0 0.04 -17.0
60.0 650.0 0.05 -15.9
65.0 650.0 0.06 -14.7
70.0 650.0 0.07 -13.3
75.0 650.0 0.08 -11.8
80.0 650.0 0.09 -10.1
85.0 650.0 0.09 -8.2
90.0 650.0 0.00 0.0
0.0 660.0 0.05 -29.6
5.0 660.0 0.04 -30.0
10.0 660.0 0.04 -30.2
15.0 660.0 0.03 -30.4
20.0 660.0 0.02 -30.4
25.0 660.0 0.01 -30.3
30.0 660.0 0.00 -30.1
35.0 660.0 0.01 -29.7
40.0 660.0 0.02 -29.1
45.0 660.0 0.04 -28.4
50.0 660.0 0.05 -27.4
55.0 660.0 0.07 -26.2
60.0 660.0 0.09 -24.7
65.0 660.0 0.10 -22.9
70.0 660.0 0.12 -20.9
75.0 660.0 0.13 -18.6
80.0 660.0 0.15 -15.9
85.0 660.0 0.16 -12.9
90.0 660.0 0.00 0.0
0.0 670.0 0.05 -39.6
5.0 670.0 0.04 -40.1
10.0 670.0 0.04 -40.4
15.0 670.0 0.03 -40.7
20.0 670.0 0.02 -40.8
25.0 670.0 0.01 -40.7
30.0 670.0 0.00 -40.5
35.0 670.0 0.02 -40.1
40.0 670.0 0.04 -39.5
45.0 670.0 0.05 -38.7
50.0 670.0 0.07 -37.6
55.0 670.0 0.10 -36.2
60.0 670.0 0.12 -34.5
65.0 670.0 0.14 -32.4
70.0 670.0 0.17 -29.9
75.0 670.0 0.19 -26.8
80.0 670.0 0.21 -23.2
85.0 670.0 0.23 -19.1
90.0 670.0 0.00 0.0
0.0 680.0 0.05 -49.6
5.0 680.0 0.04 -50.2
10.0 680.0 0.04 -50.6
15.0 680.0 0.03 -51.0
20.0 680.0 0.02 -51.2
25.0 680.0 0.01 -51.2
30.0 680.0 0.01 -51.1
35.0 680.0 0.02 -50.8
40.0 680.0 0.04 -50.3
45.0 680.0 0.06 -49.6
50.0 680.0 0.08 -48.6
55.0 680.0 0.11 -47.3
60.0 680.0 0.14 -45.6
65.0 680.0 0.17 -43.5
70.0 680.0 0.20 -40.9
75.0 680.0 0.24 -37.6
80.0 680.0 0.27 -33.4
85.0 680.0 0.31 -28.1
90.0 680.0 0.00 0.0
0.0 690.0 0.05 -59.6
5.0 690.0 0.04 -60.3
10.0 690.0 0.04 -60.8
15.0 690.0 0.03 -61.3
20.0 690.0 0.02 -61.6
25.0 690.0 0.01 -61.8
30.0 690.0 0.01 -61.9
35.0 690.0 0.02 -61.8
40.0 690.0 0.04 -61.5
45.0 690.0 0.06 -61.0
50.0 690.0 0.08 -60.3
55.0 690.0 0.10 -59.4
60.0 690.0 0.13 -58.1
65.0 690.0 0.17 -56.5
70.0 690.0 0.21 -54.4
75.0 690.0 0.25 -51.7
80.0 690.0 0.31 -48.0
85.0 690.0 0.38 -43.0
90.0 690.0 0.00 0.0
0.0 700.0 0.05 -69.6
5.0 700.0 0.04 -70.3
10.0 700.0 0.04 -71.0
15.0 700.0 0.03 -71.6
20.0 700.0 0.02 -72.0
25.0 700.0 0.01 -72.4
30.0 700.0 0.00 -72.7
35.0 700.0 0.01 -72.9
40.0 700.0 0.03 -72.9
45.0 700.0 0.04 -72.8
50.0 700.0 0.06 -72.6
55.0 700.0 0.08 -72.2
60.0 700.0 0.10 -71.7
65.0 700.0 0.13 -70.9
70.0 700.0 0.16 -69.9
75.0 700.0 0.21 -68.7
80.0 700.0 0.26 -67.1
85.0 700.0 0.34 -65.1
90.0 700.0 0.00 0.0
0.0 710.0 0.05 -79.6
5.0 710.0 0.04 -80.4
10.0 710.0 0.04 -81.2
15.0 710.0 0.03 -81.8
20.0 710.0 0.02 -82.5
25.0 710.0 0.02 -83.1
30.0 710.0 0.01 -83.6
35.0 710.0 0.00 -84.0
40.0 710.0 0.01 -84.4
45.0 710.0 0.02 -84.8
50.0 710.0 0.03 -85.1
55.0 710.0 0.04 -85.4
60.0 710.0 0.05 -85.6
65.0 710.0 0.06 -85.8
70.0 710.0 0.08 -86.0
75.0 710.0 0.09 -86.2
80.0 710.0 0.11 -86.5
85.0 710.0 0.14 -87.1
90.0 710.0 0.00 0.0
0.0 720.0 0.05 -89.6
5.0 720.0 0.04 89.5
10.0 720.0 0.04 88.7
15.0 720.0 0.03 87.9
20.0 720.0 0.03 87.2
25.0 720.0 0.02 86.4
30.0 720.0 0.02 85.6
35.0 720.0 0.01 84.9
40.0 720.0 0.01 84.1
45.0 720.0 0.01 83.3
50.0 720.0 0.01 82.5
55.0 720.0 0.01 81.7
60.0 720.0 0.01 80.7
65.0 720.0 0.02 79.7
70.0 720.0 0.03 78.5
75.0 720.0 0.05 77.1
80.0 720.0 0.07 75.5
85.0 720.0 0.11 73.8
90.0 720.0 0.00 0.0
