# FGCom-mumble Far-Field Radiation Pattern
# Frequency: 432.0 MHz
# Altitude: 0 m
# Format: Theta Phi Gain_dBi H_Polarization V_Polarization
# Theta: Elevation angle (0-180 degrees)
# Phi: Azimuth angle (0-360 degrees)
# Gain: Antenna gain in dBi
# H_Polarization: Horizontal polarization component
# V_Polarization: Vertical polarization component
0.00 0.00 50.91 0.0 1.0
5.00 0.00 56.60 0.0 1.0
10.00 0.00 55.73 0.0 1.0
15.00 0.00 53.94 0.0 1.0
20.00 0.00 52.19 0.0 1.0
25.00 0.00 47.84 0.0 1.0
30.00 0.00 49.97 0.0 1.0
35.00 0.00 41.44 0.0 1.0
40.00 0.00 51.58 0.0 1.0
45.00 0.00 50.64 0.5 0.5
50.00 0.00 45.70 0.5 0.5
55.00 0.00 50.07 0.5 0.5
60.00 0.00 50.32 0.5 0.5
65.00 0.00 45.82 0.5 0.5
70.00 0.00 37.11 0.5 0.5
75.00 0.00 39.55 0.5 0.5
80.00 0.00 40.90 0.5 0.5
85.00 0.00 39.84 0.5 0.5
90.00 0.00 41.15 0.5 0.5
95.00 0.00 45.25 0.5 0.5
100.00 0.00 48.90 0.5 0.5
105.00 0.00 51.51 0.5 0.5
110.00 0.00 53.03 0.5 0.5
115.00 0.00 53.32 0.5 0.5
120.00 0.00 52.17 0.5 0.5
125.00 0.00 49.61 0.5 0.5
130.00 0.00 47.07 0.5 0.5
135.00 0.00 47.24 0.5 0.5
140.00 0.00 46.63 1.0 0.0
145.00 0.00 36.89 1.0 0.0
150.00 0.00 45.54 1.0 0.0
155.00 0.00 50.95 1.0 0.0
160.00 0.00 47.66 1.0 0.0
165.00 0.00 52.33 1.0 0.0
170.00 0.00 56.76 1.0 0.0
175.00 0.00 58.77 1.0 0.0
180.00 0.00 59.38 1.0 0.0
0.00 10.00 50.91 0.0 1.0
5.00 10.00 56.85 0.0 1.0
10.00 10.00 56.08 0.0 1.0
15.00 10.00 53.92 0.0 1.0
20.00 10.00 53.36 0.0 1.0
25.00 10.00 46.27 0.0 1.0
30.00 10.00 50.27 0.0 1.0
35.00 10.00 42.20 0.0 1.0
40.00 10.00 51.10 0.0 1.0
45.00 10.00 51.23 0.5 0.5
50.00 10.00 44.79 0.5 0.5
55.00 10.00 48.91 0.5 0.5
60.00 10.00 51.00 0.5 0.5
65.00 10.00 48.57 0.5 0.5
70.00 10.00 42.12 0.5 0.5
75.00 10.00 35.99 0.5 0.5
80.00 10.00 38.14 0.5 0.5
85.00 10.00 38.48 0.5 0.5
90.00 10.00 40.59 0.5 0.5
95.00 10.00 44.58 0.5 0.5
100.00 10.00 47.83 0.5 0.5
105.00 10.00 49.95 0.5 0.5
110.00 10.00 50.93 0.5 0.5
115.00 10.00 50.61 0.5 0.5
120.00 10.00 48.92 0.5 0.5
125.00 10.00 46.75 0.5 0.5
130.00 10.00 45.42 0.5 0.5
135.00 10.00 45.30 0.5 0.5
140.00 10.00 43.70 1.0 0.0
145.00 10.00 34.68 1.0 0.0
150.00 10.00 45.43 1.0 0.0
155.00 10.00 49.37 1.0 0.0
160.00 10.00 47.50 1.0 0.0
165.00 10.00 52.49 1.0 0.0
170.00 10.00 56.37 1.0 0.0
175.00 10.00 58.53 1.0 0.0
180.00 10.00 59.38 1.0 0.0
0.00 20.00 50.91 0.0 1.0
5.00 20.00 56.92 0.0 1.0
10.00 20.00 56.84 0.0 1.0
15.00 20.00 53.29 0.0 1.0
20.00 20.00 54.88 0.0 1.0
25.00 20.00 45.34 0.0 1.0
30.00 20.00 49.82 0.0 1.0
35.00 20.00 45.51 0.0 1.0
40.00 20.00 48.35 0.0 1.0
45.00 20.00 51.46 0.5 0.5
50.00 20.00 47.79 0.5 0.5
55.00 20.00 41.58 0.5 0.5
60.00 20.00 47.67 0.5 0.5
65.00 20.00 48.48 0.5 0.5
70.00 20.00 46.57 0.5 0.5
75.00 20.00 45.87 0.5 0.5
80.00 20.00 47.20 0.5 0.5
85.00 20.00 48.21 0.5 0.5
90.00 20.00 48.73 0.5 0.5
95.00 20.00 49.19 0.5 0.5
100.00 20.00 49.59 0.5 0.5
105.00 20.00 49.56 0.5 0.5
110.00 20.00 48.52 0.5 0.5
115.00 20.00 45.75 0.5 0.5
120.00 20.00 42.02 0.5 0.5
125.00 20.00 41.85 0.5 0.5
130.00 20.00 40.57 0.5 0.5
135.00 20.00 40.33 0.5 0.5
140.00 20.00 36.83 1.0 0.0
145.00 20.00 41.17 1.0 0.0
150.00 20.00 45.58 1.0 0.0
155.00 20.00 47.18 1.0 0.0
160.00 20.00 48.18 1.0 0.0
165.00 20.00 52.91 1.0 0.0
170.00 20.00 56.06 1.0 0.0
175.00 20.00 58.34 1.0 0.0
180.00 20.00 59.38 1.0 0.0
0.00 30.00 50.91 0.0 1.0
5.00 30.00 56.76 0.0 1.0
10.00 30.00 57.87 0.0 1.0
15.00 30.00 52.40 0.0 1.0
20.00 30.00 55.68 0.0 1.0
25.00 30.00 51.30 0.0 1.0
30.00 30.00 45.35 0.0 1.0
35.00 30.00 48.17 0.0 1.0
40.00 30.00 44.59 0.0 1.0
45.00 30.00 48.97 0.5 0.5
50.00 30.00 49.86 0.5 0.5
55.00 30.00 45.75 0.5 0.5
60.00 30.00 34.24 0.5 0.5
65.00 30.00 39.46 0.5 0.5
70.00 30.00 40.52 0.5 0.5
75.00 30.00 41.77 0.5 0.5
80.00 30.00 46.62 0.5 0.5
85.00 30.00 49.96 0.5 0.5
90.00 30.00 51.71 0.5 0.5
95.00 30.00 52.36 0.5 0.5
100.00 30.00 52.04 0.5 0.5
105.00 30.00 50.59 0.5 0.5
110.00 30.00 47.50 0.5 0.5
115.00 30.00 43.18 0.5 0.5
120.00 30.00 41.95 0.5 0.5
125.00 30.00 39.94 0.5 0.5
130.00 30.00 35.20 0.5 0.5
135.00 30.00 34.54 0.5 0.5
140.00 30.00 41.06 1.0 0.0
145.00 30.00 44.77 1.0 0.0
150.00 30.00 43.22 1.0 0.0
155.00 30.00 45.85 1.0 0.0
160.00 30.00 49.84 1.0 0.0
165.00 30.00 53.26 1.0 0.0
170.00 30.00 55.79 1.0 0.0
175.00 30.00 58.21 1.0 0.0
180.00 30.00 59.38 1.0 0.0
0.00 40.00 50.91 0.0 1.0
5.00 40.00 56.32 0.0 1.0
10.00 40.00 58.86 0.0 1.0
15.00 40.00 53.82 0.0 1.0
20.00 40.00 54.31 0.0 1.0
25.00 40.00 55.45 0.0 1.0
30.00 40.00 49.53 0.0 1.0
35.00 40.00 43.16 0.0 1.0
40.00 40.00 44.95 0.0 1.0
45.00 40.00 44.28 0.5 0.5
50.00 40.00 47.35 0.5 0.5
55.00 40.00 48.22 0.5 0.5
60.00 40.00 45.89 0.5 0.5
65.00 40.00 39.75 0.5 0.5
70.00 40.00 32.90 0.5 0.5
75.00 40.00 36.48 0.5 0.5
80.00 40.00 37.21 0.5 0.5
85.00 40.00 39.02 0.5 0.5
90.00 40.00 42.36 0.5 0.5
95.00 40.00 44.78 0.5 0.5
100.00 40.00 46.29 0.5 0.5
105.00 40.00 47.43 0.5 0.5
110.00 40.00 48.13 0.5 0.5
115.00 40.00 47.59 0.5 0.5
120.00 40.00 44.91 0.5 0.5
125.00 40.00 40.38 0.5 0.5
130.00 40.00 37.50 0.5 0.5
135.00 40.00 42.18 0.5 0.5
140.00 40.00 45.31 1.0 0.0
145.00 40.00 41.56 1.0 0.0
150.00 40.00 41.17 1.0 0.0
155.00 40.00 48.34 1.0 0.0
160.00 40.00 51.10 1.0 0.0
165.00 40.00 53.26 1.0 0.0
170.00 40.00 55.55 1.0 0.0
175.00 40.00 58.13 1.0 0.0
180.00 40.00 59.38 1.0 0.0
0.00 50.00 50.91 0.0 1.0
5.00 50.00 55.53 0.0 1.0
10.00 50.00 59.43 0.0 1.0
15.00 50.00 57.46 0.0 1.0
20.00 50.00 51.66 0.0 1.0
25.00 50.00 54.59 0.0 1.0
30.00 50.00 55.52 0.0 1.0
35.00 50.00 52.52 0.0 1.0
40.00 50.00 46.82 0.0 1.0
45.00 50.00 40.65 0.5 0.5
50.00 50.00 38.47 0.5 0.5
55.00 50.00 43.32 0.5 0.5
60.00 50.00 45.99 0.5 0.5
65.00 50.00 46.20 0.5 0.5
70.00 50.00 44.36 0.5 0.5
75.00 50.00 40.24 0.5 0.5
80.00 50.00 33.86 0.5 0.5
85.00 50.00 36.84 0.5 0.5
90.00 50.00 41.46 0.5 0.5
95.00 50.00 43.74 0.5 0.5
100.00 50.00 44.29 0.5 0.5
105.00 50.00 43.01 0.5 0.5
110.00 50.00 39.56 0.5 0.5
115.00 50.00 36.22 0.5 0.5
120.00 50.00 36.50 0.5 0.5
125.00 50.00 36.87 0.5 0.5
130.00 50.00 41.35 0.5 0.5
135.00 50.00 43.26 0.5 0.5
140.00 50.00 39.24 1.0 0.0
145.00 50.00 40.91 1.0 0.0
150.00 50.00 47.66 1.0 0.0
155.00 50.00 50.00 1.0 0.0
160.00 50.00 51.00 1.0 0.0
165.00 50.00 52.92 1.0 0.0
170.00 50.00 55.43 1.0 0.0
175.00 50.00 58.10 1.0 0.0
180.00 50.00 59.38 1.0 0.0
0.00 60.00 50.91 0.0 1.0
5.00 60.00 54.33 0.0 1.0
10.00 60.00 59.18 0.0 1.0
15.00 60.00 59.96 0.0 1.0
20.00 60.00 57.53 0.0 1.0
25.00 60.00 52.24 0.0 1.0
30.00 60.00 51.41 0.0 1.0
35.00 60.00 54.09 0.0 1.0
40.00 60.00 54.62 0.0 1.0
45.00 60.00 53.79 0.5 0.5
50.00 60.00 52.49 0.5 0.5
55.00 60.00 51.31 0.5 0.5
60.00 60.00 50.64 0.5 0.5
65.00 60.00 50.68 0.5 0.5
70.00 60.00 51.19 0.5 0.5
75.00 60.00 51.74 0.5 0.5
80.00 60.00 52.09 0.5 0.5
85.00 60.00 52.24 0.5 0.5
90.00 60.00 52.25 0.5 0.5
95.00 60.00 52.16 0.5 0.5
100.00 60.00 51.87 0.5 0.5
105.00 60.00 51.11 0.5 0.5
110.00 60.00 49.43 0.5 0.5
115.00 60.00 46.09 0.5 0.5
120.00 60.00 39.66 0.5 0.5
125.00 60.00 32.85 0.5 0.5
130.00 60.00 36.74 0.5 0.5
135.00 60.00 39.14 0.5 0.5
140.00 60.00 43.49 1.0 0.0
145.00 60.00 46.80 1.0 0.0
150.00 60.00 48.00 1.0 0.0
155.00 60.00 48.20 1.0 0.0
160.00 60.00 49.78 1.0 0.0
165.00 60.00 52.54 1.0 0.0
170.00 60.00 55.49 1.0 0.0
175.00 60.00 58.08 1.0 0.0
180.00 60.00 59.38 1.0 0.0
0.00 70.00 50.91 0.0 1.0
5.00 70.00 52.89 0.0 1.0
10.00 70.00 57.79 0.0 1.0
15.00 70.00 60.24 0.0 1.0
20.00 70.00 60.90 0.0 1.0
25.00 70.00 60.20 0.0 1.0
30.00 70.00 58.38 0.0 1.0
35.00 70.00 55.58 0.0 1.0
40.00 70.00 51.96 0.0 1.0
45.00 70.00 47.97 0.5 0.5
50.00 70.00 44.83 0.5 0.5
55.00 70.00 44.22 0.5 0.5
60.00 70.00 45.38 0.5 0.5
65.00 70.00 46.62 0.5 0.5
70.00 70.00 47.28 0.5 0.5
75.00 70.00 47.26 0.5 0.5
80.00 70.00 46.63 0.5 0.5
85.00 70.00 45.60 0.5 0.5
90.00 70.00 44.57 0.5 0.5
95.00 70.00 44.13 0.5 0.5
100.00 70.00 44.53 0.5 0.5
105.00 70.00 45.31 0.5 0.5
110.00 70.00 45.82 0.5 0.5
115.00 70.00 45.58 0.5 0.5
120.00 70.00 44.14 0.5 0.5
125.00 70.00 40.85 0.5 0.5
130.00 70.00 35.57 0.5 0.5
135.00 70.00 37.09 0.5 0.5
140.00 70.00 40.31 1.0 0.0
145.00 70.00 40.57 1.0 0.0
150.00 70.00 40.78 1.0 0.0
155.00 70.00 44.86 1.0 0.0
160.00 70.00 49.12 1.0 0.0
165.00 70.00 52.66 1.0 0.0
170.00 70.00 55.72 1.0 0.0
175.00 70.00 58.05 1.0 0.0
180.00 70.00 59.38 1.0 0.0
0.00 80.00 50.91 0.0 1.0
5.00 80.00 51.91 0.0 1.0
10.00 80.00 55.30 0.0 1.0
15.00 80.00 58.02 0.0 1.0
20.00 80.00 59.81 0.0 1.0
25.00 80.00 60.90 0.0 1.0
30.00 80.00 61.47 0.0 1.0
35.00 80.00 61.66 0.0 1.0
40.00 80.00 61.59 0.0 1.0
45.00 80.00 61.31 0.5 0.5
50.00 80.00 60.87 0.5 0.5
55.00 80.00 60.28 0.5 0.5
60.00 80.00 59.53 0.5 0.5
65.00 80.00 58.58 0.5 0.5
70.00 80.00 57.37 0.5 0.5
75.00 80.00 55.83 0.5 0.5
80.00 80.00 53.87 0.5 0.5
85.00 80.00 51.37 0.5 0.5
90.00 80.00 48.21 0.5 0.5
95.00 80.00 44.43 0.5 0.5
100.00 80.00 40.95 0.5 0.5
105.00 80.00 39.75 0.5 0.5
110.00 80.00 40.21 0.5 0.5
115.00 80.00 40.87 0.5 0.5
120.00 80.00 41.44 0.5 0.5
125.00 80.00 41.57 0.5 0.5
130.00 80.00 40.66 0.5 0.5
135.00 80.00 38.42 0.5 0.5
140.00 80.00 37.67 1.0 0.0
145.00 80.00 41.24 1.0 0.0
150.00 80.00 44.64 1.0 0.0
155.00 80.00 47.37 1.0 0.0
160.00 80.00 50.23 1.0 0.0
165.00 80.00 53.24 1.0 0.0
170.00 80.00 55.91 1.0 0.0
175.00 80.00 57.97 1.0 0.0
180.00 80.00 59.38 1.0 0.0
0.00 90.00 50.91 0.0 1.0
5.00 90.00 52.41 0.0 1.0
10.00 90.00 54.24 0.0 1.0
15.00 90.00 55.88 0.0 1.0
20.00 90.00 57.23 0.0 1.0
25.00 90.00 58.33 0.0 1.0
30.00 90.00 59.23 0.0 1.0
35.00 90.00 59.97 0.0 1.0
40.00 90.00 60.58 0.0 1.0
45.00 90.00 61.04 0.5 0.5
50.00 90.00 61.36 0.5 0.5
55.00 90.00 61.51 0.5 0.5
60.00 90.00 61.44 0.5 0.5
65.00 90.00 61.13 0.5 0.5
70.00 90.00 60.52 0.5 0.5
75.00 90.00 59.54 0.5 0.5
80.00 90.00 58.11 0.5 0.5
85.00 90.00 56.14 0.5 0.5
90.00 90.00 53.45 0.5 0.5
95.00 90.00 49.80 0.5 0.5
100.00 90.00 44.73 0.5 0.5
105.00 90.00 37.97 0.5 0.5
110.00 90.00 36.00 0.5 0.5
115.00 90.00 39.57 0.5 0.5
120.00 90.00 42.63 0.5 0.5
125.00 90.00 45.38 0.5 0.5
130.00 90.00 47.67 0.5 0.5
135.00 90.00 49.27 0.5 0.5
140.00 90.00 50.10 1.0 0.0
145.00 90.00 50.22 1.0 0.0
150.00 90.00 49.91 1.0 0.0
155.00 90.00 49.91 1.0 0.0
160.00 90.00 51.17 1.0 0.0
165.00 90.00 53.43 1.0 0.0
170.00 90.00 55.78 1.0 0.0
175.00 90.00 57.79 1.0 0.0
180.00 90.00 59.38 1.0 0.0
0.00 100.00 50.91 0.0 1.0
5.00 100.00 54.02 0.0 1.0
10.00 100.00 56.59 0.0 1.0
15.00 100.00 58.59 0.0 1.0
20.00 100.00 60.06 0.0 1.0
25.00 100.00 61.04 0.0 1.0
30.00 100.00 61.55 0.0 1.0
35.00 100.00 61.61 0.0 1.0
40.00 100.00 61.24 0.0 1.0
45.00 100.00 60.43 0.5 0.5
50.00 100.00 59.24 0.5 0.5
55.00 100.00 57.85 0.5 0.5
60.00 100.00 56.64 0.5 0.5
65.00 100.00 56.13 0.5 0.5
70.00 100.00 56.40 0.5 0.5
75.00 100.00 56.99 0.5 0.5
80.00 100.00 57.50 0.5 0.5
85.00 100.00 57.78 0.5 0.5
90.00 100.00 57.82 0.5 0.5
95.00 100.00 57.66 0.5 0.5
100.00 100.00 57.35 0.5 0.5
105.00 100.00 56.87 0.5 0.5
110.00 100.00 56.20 0.5 0.5
115.00 100.00 55.27 0.5 0.5
120.00 100.00 54.05 0.5 0.5
125.00 100.00 52.53 0.5 0.5
130.00 100.00 50.75 0.5 0.5
135.00 100.00 48.92 0.5 0.5
140.00 100.00 47.41 1.0 0.0
145.00 100.00 46.69 1.0 0.0
150.00 100.00 46.87 1.0 0.0
155.00 100.00 47.87 1.0 0.0
160.00 100.00 49.76 1.0 0.0
165.00 100.00 52.37 1.0 0.0
170.00 100.00 55.09 1.0 0.0
175.00 100.00 57.48 1.0 0.0
180.00 100.00 59.38 1.0 0.0
0.00 110.00 50.91 0.0 1.0
5.00 110.00 55.72 0.0 1.0
10.00 110.00 58.84 0.0 1.0
15.00 110.00 60.54 0.0 1.0
20.00 110.00 61.07 0.0 1.0
25.00 110.00 60.56 0.0 1.0
30.00 110.00 59.11 0.0 1.0
35.00 110.00 57.02 0.0 1.0
40.00 110.00 55.33 0.0 1.0
45.00 110.00 55.25 0.5 0.5
50.00 110.00 55.93 0.5 0.5
55.00 110.00 56.14 0.5 0.5
60.00 110.00 55.46 0.5 0.5
65.00 110.00 53.77 0.5 0.5
70.00 110.00 50.85 0.5 0.5
75.00 110.00 46.10 0.5 0.5
80.00 110.00 38.30 0.5 0.5
85.00 110.00 39.63 0.5 0.5
90.00 110.00 44.96 0.5 0.5
95.00 110.00 47.84 0.5 0.5
100.00 110.00 49.62 0.5 0.5
105.00 110.00 50.84 0.5 0.5
110.00 110.00 51.65 0.5 0.5
115.00 110.00 52.02 0.5 0.5
120.00 110.00 51.87 0.5 0.5
125.00 110.00 51.16 0.5 0.5
130.00 110.00 49.95 0.5 0.5
135.00 110.00 48.38 0.5 0.5
140.00 110.00 46.52 1.0 0.0
145.00 110.00 44.17 1.0 0.0
150.00 110.00 41.64 1.0 0.0
155.00 110.00 41.79 1.0 0.0
160.00 110.00 45.14 1.0 0.0
165.00 110.00 49.45 1.0 0.0
170.00 110.00 53.66 1.0 0.0
175.00 110.00 57.04 1.0 0.0
180.00 110.00 59.38 1.0 0.0
0.00 120.00 50.91 0.0 1.0
5.00 120.00 57.03 0.0 1.0
10.00 120.00 59.91 0.0 1.0
15.00 120.00 60.41 0.0 1.0
20.00 120.00 58.88 0.0 1.0
25.00 120.00 55.37 0.0 1.0
30.00 120.00 51.25 0.0 1.0
35.00 120.00 51.22 0.0 1.0
40.00 120.00 51.73 0.0 1.0
45.00 120.00 49.66 0.5 0.5
50.00 120.00 45.39 0.5 0.5
55.00 120.00 47.93 0.5 0.5
60.00 120.00 52.09 0.5 0.5
65.00 120.00 54.07 0.5 0.5
70.00 120.00 54.56 0.5 0.5
75.00 120.00 54.02 0.5 0.5
80.00 120.00 52.74 0.5 0.5
85.00 120.00 50.90 0.5 0.5
90.00 120.00 48.72 0.5 0.5
95.00 120.00 46.60 0.5 0.5
100.00 120.00 45.27 0.5 0.5
105.00 120.00 45.00 0.5 0.5
110.00 120.00 45.00 0.5 0.5
115.00 120.00 44.23 0.5 0.5
120.00 120.00 41.89 0.5 0.5
125.00 120.00 38.02 0.5 0.5
130.00 120.00 38.85 0.5 0.5
135.00 120.00 42.85 0.5 0.5
140.00 120.00 45.33 1.0 0.0
145.00 120.00 46.29 1.0 0.0
150.00 120.00 45.48 1.0 0.0
155.00 120.00 42.51 1.0 0.0
160.00 120.00 38.76 1.0 0.0
165.00 120.00 43.66 1.0 0.0
170.00 120.00 51.33 1.0 0.0
175.00 120.00 56.46 1.0 0.0
180.00 120.00 59.38 1.0 0.0
0.00 130.00 50.91 0.0 1.0
5.00 130.00 57.93 0.0 1.0
10.00 130.00 60.03 0.0 1.0
15.00 130.00 58.62 0.0 1.0
20.00 130.00 53.52 0.0 1.0
25.00 130.00 45.64 0.0 1.0
30.00 130.00 48.67 0.0 1.0
35.00 130.00 47.67 0.0 1.0
40.00 130.00 41.87 0.0 1.0
45.00 130.00 48.57 0.5 0.5
50.00 130.00 52.25 0.5 0.5
55.00 130.00 52.54 0.5 0.5
60.00 130.00 50.55 0.5 0.5
65.00 130.00 47.08 0.5 0.5
70.00 130.00 44.62 0.5 0.5
75.00 130.00 45.27 0.5 0.5
80.00 130.00 46.58 0.5 0.5
85.00 130.00 47.55 0.5 0.5
90.00 130.00 48.14 0.5 0.5
95.00 130.00 48.30 0.5 0.5
100.00 130.00 47.87 0.5 0.5
105.00 130.00 46.54 0.5 0.5
110.00 130.00 43.61 0.5 0.5
115.00 130.00 37.72 0.5 0.5
120.00 130.00 37.67 0.5 0.5
125.00 130.00 42.53 0.5 0.5
130.00 130.00 43.21 0.5 0.5
135.00 130.00 40.44 0.5 0.5
140.00 130.00 36.93 1.0 0.0
145.00 130.00 38.68 1.0 0.0
150.00 130.00 40.93 1.0 0.0
155.00 130.00 41.22 1.0 0.0
160.00 130.00 40.00 1.0 0.0
165.00 130.00 34.59 1.0 0.0
170.00 130.00 47.87 1.0 0.0
175.00 130.00 55.80 1.0 0.0
180.00 130.00 59.38 1.0 0.0
0.00 140.00 50.91 0.0 1.0
5.00 140.00 58.48 0.0 1.0
10.00 140.00 59.48 0.0 1.0
15.00 140.00 55.51 0.0 1.0
20.00 140.00 42.77 0.0 1.0
25.00 140.00 46.41 0.0 1.0
30.00 140.00 45.59 0.0 1.0
35.00 140.00 38.41 0.0 1.0
40.00 140.00 49.07 0.0 1.0
45.00 140.00 50.66 0.5 0.5
50.00 140.00 47.49 0.5 0.5
55.00 140.00 39.85 0.5 0.5
60.00 140.00 38.03 0.5 0.5
65.00 140.00 39.70 0.5 0.5
70.00 140.00 39.56 0.5 0.5
75.00 140.00 39.94 0.5 0.5
80.00 140.00 41.15 0.5 0.5
85.00 140.00 42.79 0.5 0.5
90.00 140.00 43.99 0.5 0.5
95.00 140.00 44.03 0.5 0.5
100.00 140.00 42.49 0.5 0.5
105.00 140.00 39.01 0.5 0.5
110.00 140.00 36.11 0.5 0.5
115.00 140.00 38.29 0.5 0.5
120.00 140.00 38.37 0.5 0.5
125.00 140.00 36.50 0.5 0.5
130.00 140.00 39.43 0.5 0.5
135.00 140.00 39.14 0.5 0.5
140.00 140.00 35.49 1.0 0.0
145.00 140.00 39.86 1.0 0.0
150.00 140.00 39.72 1.0 0.0
155.00 140.00 38.86 1.0 0.0
160.00 140.00 42.79 1.0 0.0
165.00 140.00 42.26 1.0 0.0
170.00 140.00 42.94 1.0 0.0
175.00 140.00 55.11 1.0 0.0
180.00 140.00 59.38 1.0 0.0
0.00 150.00 50.91 0.0 1.0
5.00 150.00 58.75 0.0 1.0
10.00 150.00 58.53 0.0 1.0
15.00 150.00 51.36 0.0 1.0
20.00 150.00 39.04 0.0 1.0
25.00 150.00 45.95 0.0 1.0
30.00 150.00 28.40 0.0 1.0
35.00 150.00 47.30 0.0 1.0
40.00 150.00 49.21 0.0 1.0
45.00 150.00 46.67 0.5 0.5
50.00 150.00 45.08 0.5 0.5
55.00 150.00 41.99 0.5 0.5
60.00 150.00 32.28 0.5 0.5
65.00 150.00 32.04 0.5 0.5
70.00 150.00 39.30 0.5 0.5
75.00 150.00 45.94 0.5 0.5
80.00 150.00 50.02 0.5 0.5
85.00 150.00 52.23 0.5 0.5
90.00 150.00 53.14 0.5 0.5
95.00 150.00 53.04 0.5 0.5
100.00 150.00 52.08 0.5 0.5
105.00 150.00 50.39 0.5 0.5
110.00 150.00 48.36 0.5 0.5
115.00 150.00 46.78 0.5 0.5
120.00 150.00 45.85 0.5 0.5
125.00 150.00 43.52 0.5 0.5
130.00 150.00 41.91 0.5 0.5
135.00 150.00 44.02 0.5 0.5
140.00 150.00 37.56 1.0 0.0
145.00 150.00 40.86 1.0 0.0
150.00 150.00 44.81 1.0 0.0
155.00 150.00 39.47 1.0 0.0
160.00 150.00 43.76 1.0 0.0
165.00 150.00 46.63 1.0 0.0
170.00 150.00 38.89 1.0 0.0
175.00 150.00 54.47 1.0 0.0
180.00 150.00 59.38 1.0 0.0
0.00 160.00 50.91 0.0 1.0
5.00 160.00 58.84 0.0 1.0
10.00 160.00 57.46 0.0 1.0
15.00 160.00 46.94 0.0 1.0
20.00 160.00 44.21 0.0 1.0
25.00 160.00 41.20 0.0 1.0
30.00 160.00 42.68 0.0 1.0
35.00 160.00 48.18 0.0 1.0
40.00 160.00 47.87 0.0 1.0
45.00 160.00 47.96 0.5 0.5
50.00 160.00 43.36 0.5 0.5
55.00 160.00 36.32 0.5 0.5
60.00 160.00 42.53 0.5 0.5
65.00 160.00 42.80 0.5 0.5
70.00 160.00 45.21 0.5 0.5
75.00 160.00 48.13 0.5 0.5
80.00 160.00 49.65 0.5 0.5
85.00 160.00 50.20 0.5 0.5
90.00 160.00 50.19 0.5 0.5
95.00 160.00 49.79 0.5 0.5
100.00 160.00 49.06 0.5 0.5
105.00 160.00 48.29 0.5 0.5
110.00 160.00 47.91 0.5 0.5
115.00 160.00 48.24 0.5 0.5
120.00 160.00 49.55 0.5 0.5
125.00 160.00 50.06 0.5 0.5
130.00 160.00 47.42 0.5 0.5
135.00 160.00 46.70 0.5 0.5
140.00 160.00 45.99 1.0 0.0
145.00 160.00 32.92 1.0 0.0
150.00 160.00 47.60 1.0 0.0
155.00 160.00 44.27 1.0 0.0
160.00 160.00 43.24 1.0 0.0
165.00 160.00 48.88 1.0 0.0
170.00 160.00 41.81 1.0 0.0
175.00 160.00 53.98 1.0 0.0
180.00 160.00 59.38 1.0 0.0
0.00 170.00 50.91 0.0 1.0
5.00 170.00 58.80 0.0 1.0
10.00 170.00 56.50 0.0 1.0
15.00 170.00 44.77 0.0 1.0
20.00 170.00 44.94 0.0 1.0
25.00 170.00 34.51 0.0 1.0
30.00 170.00 45.91 0.0 1.0
35.00 170.00 47.10 0.0 1.0
40.00 170.00 48.66 0.0 1.0
45.00 170.00 47.31 0.5 0.5
50.00 170.00 37.91 0.5 0.5
55.00 170.00 45.39 0.5 0.5
60.00 170.00 46.58 0.5 0.5
65.00 170.00 45.65 0.5 0.5
70.00 170.00 45.43 0.5 0.5
75.00 170.00 45.03 0.5 0.5
80.00 170.00 44.21 0.5 0.5
85.00 170.00 43.61 0.5 0.5
90.00 170.00 43.78 0.5 0.5
95.00 170.00 44.90 0.5 0.5
100.00 170.00 46.88 0.5 0.5
105.00 170.00 49.15 0.5 0.5
110.00 170.00 50.76 0.5 0.5
115.00 170.00 51.11 0.5 0.5
120.00 170.00 51.21 0.5 0.5
125.00 170.00 52.17 0.5 0.5
130.00 170.00 50.68 0.5 0.5
135.00 170.00 47.26 0.5 0.5
140.00 170.00 48.71 1.0 0.0
145.00 170.00 34.35 1.0 0.0
150.00 170.00 48.57 1.0 0.0
155.00 170.00 47.55 1.0 0.0
160.00 170.00 42.37 1.0 0.0
165.00 170.00 50.30 1.0 0.0
170.00 170.00 44.90 1.0 0.0
175.00 170.00 53.73 1.0 0.0
180.00 170.00 59.38 1.0 0.0
0.00 180.00 50.91 0.0 1.0
5.00 180.00 58.68 0.0 1.0
10.00 180.00 55.85 0.0 1.0
15.00 180.00 45.74 0.0 1.0
20.00 180.00 44.86 0.0 1.0
25.00 180.00 36.23 0.0 1.0
30.00 180.00 46.74 0.0 1.0
35.00 180.00 45.74 0.0 1.0
40.00 180.00 48.64 0.0 1.0
45.00 180.00 45.82 0.5 0.5
50.00 180.00 39.39 0.5 0.5
55.00 180.00 46.20 0.5 0.5
60.00 180.00 45.83 0.5 0.5
65.00 180.00 44.08 0.5 0.5
70.00 180.00 42.86 0.5 0.5
75.00 180.00 41.34 0.5 0.5
80.00 180.00 39.88 0.5 0.5
85.00 180.00 39.44 0.5 0.5
90.00 180.00 40.81 0.5 0.5
95.00 180.00 43.77 0.5 0.5
100.00 180.00 47.24 0.5 0.5
105.00 180.00 50.24 0.5 0.5
110.00 180.00 52.05 0.5 0.5
115.00 180.00 52.27 0.5 0.5
120.00 180.00 52.08 0.5 0.5
125.00 180.00 53.14 0.5 0.5
130.00 180.00 51.81 0.5 0.5
135.00 180.00 47.39 0.5 0.5
140.00 180.00 49.39 1.0 0.0
145.00 180.00 37.11 1.0 0.0
150.00 180.00 49.53 1.0 0.0
155.00 180.00 49.00 1.0 0.0
160.00 180.00 42.55 1.0 0.0
165.00 180.00 51.43 1.0 0.0
170.00 180.00 46.64 1.0 0.0
175.00 180.00 53.80 1.0 0.0
180.00 180.00 59.38 1.0 0.0
0.00 190.00 50.91 0.0 1.0
5.00 190.00 58.50 0.0 1.0
10.00 190.00 55.58 0.0 1.0
15.00 190.00 47.48 0.0 1.0
20.00 190.00 45.58 0.0 1.0
25.00 190.00 36.85 0.0 1.0
30.00 190.00 47.26 0.0 1.0
35.00 190.00 44.10 0.0 1.0
40.00 190.00 47.19 0.0 1.0
45.00 190.00 45.37 0.5 0.5
50.00 190.00 34.68 0.5 0.5
55.00 190.00 42.98 0.5 0.5
60.00 190.00 42.51 0.5 0.5
65.00 190.00 42.96 0.5 0.5
70.00 190.00 44.22 0.5 0.5
75.00 190.00 44.25 0.5 0.5
80.00 190.00 43.90 0.5 0.5
85.00 190.00 43.94 0.5 0.5
90.00 190.00 44.77 0.5 0.5
95.00 190.00 46.54 0.5 0.5
100.00 190.00 48.82 0.5 0.5
105.00 190.00 50.73 0.5 0.5
110.00 190.00 51.47 0.5 0.5
115.00 190.00 51.09 0.5 0.5
120.00 190.00 52.01 0.5 0.5
125.00 190.00 53.35 0.5 0.5
130.00 190.00 50.80 0.5 0.5
135.00 190.00 47.49 0.5 0.5
140.00 190.00 48.96 1.0 0.0
145.00 190.00 34.47 1.0 0.0
150.00 190.00 51.02 1.0 0.0
155.00 190.00 48.85 1.0 0.0
160.00 190.00 44.69 1.0 0.0
165.00 190.00 52.49 1.0 0.0
170.00 190.00 47.38 1.0 0.0
175.00 190.00 54.20 1.0 0.0
180.00 190.00 59.38 1.0 0.0
0.00 200.00 50.91 0.0 1.0
5.00 200.00 58.28 0.0 1.0
10.00 200.00 55.66 0.0 1.0
15.00 200.00 49.05 0.0 1.0
20.00 200.00 47.50 0.0 1.0
25.00 200.00 33.53 0.0 1.0
30.00 200.00 47.42 0.0 1.0
35.00 200.00 45.13 0.0 1.0
40.00 200.00 42.67 0.0 1.0
45.00 200.00 44.62 0.5 0.5
50.00 200.00 34.37 0.5 0.5
55.00 200.00 37.17 0.5 0.5
60.00 200.00 41.98 0.5 0.5
65.00 200.00 46.47 0.5 0.5
70.00 200.00 48.88 0.5 0.5
75.00 200.00 49.14 0.5 0.5
80.00 200.00 48.07 0.5 0.5
85.00 200.00 46.49 0.5 0.5
90.00 200.00 45.52 0.5 0.5
95.00 200.00 46.09 0.5 0.5
100.00 200.00 47.34 0.5 0.5
105.00 200.00 47.89 0.5 0.5
110.00 200.00 47.85 0.5 0.5
115.00 200.00 49.84 0.5 0.5
120.00 200.00 52.36 0.5 0.5
125.00 200.00 51.75 0.5 0.5
130.00 200.00 47.22 0.5 0.5
135.00 200.00 48.61 0.5 0.5
140.00 200.00 44.92 1.0 0.0
145.00 200.00 45.96 1.0 0.0
150.00 200.00 52.04 1.0 0.0
155.00 200.00 46.08 1.0 0.0
160.00 200.00 48.42 1.0 0.0
165.00 200.00 53.39 1.0 0.0
170.00 200.00 47.38 1.0 0.0
175.00 200.00 54.89 1.0 0.0
180.00 200.00 59.38 1.0 0.0
0.00 210.00 50.91 0.0 1.0
5.00 210.00 57.99 0.0 1.0
10.00 210.00 55.98 0.0 1.0
15.00 210.00 50.31 0.0 1.0
20.00 210.00 49.73 0.0 1.0
25.00 210.00 41.81 0.0 1.0
30.00 210.00 45.41 0.0 1.0
35.00 210.00 47.77 0.0 1.0
40.00 210.00 41.07 0.0 1.0
45.00 210.00 38.98 0.5 0.5
50.00 210.00 37.46 0.5 0.5
55.00 210.00 36.28 0.5 0.5
60.00 210.00 40.83 0.5 0.5
65.00 210.00 45.53 0.5 0.5
70.00 210.00 49.37 0.5 0.5
75.00 210.00 50.96 0.5 0.5
80.00 210.00 50.72 0.5 0.5
85.00 210.00 49.14 0.5 0.5
90.00 210.00 46.75 0.5 0.5
95.00 210.00 44.56 0.5 0.5
100.00 210.00 43.95 0.5 0.5
105.00 210.00 45.94 0.5 0.5
110.00 210.00 49.13 0.5 0.5
115.00 210.00 50.96 0.5 0.5
120.00 210.00 50.05 0.5 0.5
125.00 210.00 46.67 0.5 0.5
130.00 210.00 47.41 0.5 0.5
135.00 210.00 45.44 0.5 0.5
140.00 210.00 41.92 1.0 0.0
145.00 210.00 51.26 1.0 0.0
150.00 210.00 50.61 1.0 0.0
155.00 210.00 39.57 1.0 0.0
160.00 210.00 52.08 1.0 0.0
165.00 210.00 53.81 1.0 0.0
170.00 210.00 47.31 1.0 0.0
175.00 210.00 55.80 1.0 0.0
180.00 210.00 59.38 1.0 0.0
0.00 220.00 50.91 0.0 1.0
5.00 220.00 57.59 0.0 1.0
10.00 220.00 56.41 0.0 1.0
15.00 220.00 51.33 0.0 1.0
20.00 220.00 51.20 0.0 1.0
25.00 220.00 48.77 0.0 1.0
30.00 220.00 42.15 0.0 1.0
35.00 220.00 46.93 0.0 1.0
40.00 220.00 46.53 0.0 1.0
45.00 220.00 40.63 0.5 0.5
50.00 220.00 35.85 0.5 0.5
55.00 220.00 39.48 0.5 0.5
60.00 220.00 43.78 0.5 0.5
65.00 220.00 44.42 0.5 0.5
70.00 220.00 41.41 0.5 0.5
75.00 220.00 39.20 0.5 0.5
80.00 220.00 42.70 0.5 0.5
85.00 220.00 44.88 0.5 0.5
90.00 220.00 45.85 0.5 0.5
95.00 220.00 46.80 0.5 0.5
100.00 220.00 48.07 0.5 0.5
105.00 220.00 48.93 0.5 0.5
110.00 220.00 48.56 0.5 0.5
115.00 220.00 46.84 0.5 0.5
120.00 220.00 45.88 0.5 0.5
125.00 220.00 45.81 0.5 0.5
130.00 220.00 41.79 0.5 0.5
135.00 220.00 44.85 0.5 0.5
140.00 220.00 50.48 1.0 0.0
145.00 220.00 50.28 1.0 0.0
150.00 220.00 41.70 1.0 0.0
155.00 220.00 49.26 1.0 0.0
160.00 220.00 54.54 1.0 0.0
165.00 220.00 53.24 1.0 0.0
170.00 220.00 48.92 1.0 0.0
175.00 220.00 56.81 1.0 0.0
180.00 220.00 59.38 1.0 0.0
0.00 230.00 50.91 0.0 1.0
5.00 230.00 57.01 0.0 1.0
10.00 230.00 56.78 0.0 1.0
15.00 230.00 52.46 0.0 1.0
20.00 230.00 51.13 0.0 1.0
25.00 230.00 51.76 0.0 1.0
30.00 230.00 48.94 0.0 1.0
35.00 230.00 45.58 0.0 1.0
40.00 230.00 46.24 0.0 1.0
45.00 230.00 44.57 0.5 0.5
50.00 230.00 39.04 0.5 0.5
55.00 230.00 34.87 0.5 0.5
60.00 230.00 32.89 0.5 0.5
65.00 230.00 40.20 0.5 0.5
70.00 230.00 45.49 0.5 0.5
75.00 230.00 47.65 0.5 0.5
80.00 230.00 47.97 0.5 0.5
85.00 230.00 47.20 0.5 0.5
90.00 230.00 45.87 0.5 0.5
95.00 230.00 44.28 0.5 0.5
100.00 230.00 42.70 0.5 0.5
105.00 230.00 42.06 0.5 0.5
110.00 230.00 42.63 0.5 0.5
115.00 230.00 42.48 0.5 0.5
120.00 230.00 40.47 0.5 0.5
125.00 230.00 41.87 0.5 0.5
130.00 230.00 46.27 0.5 0.5
135.00 230.00 47.86 0.5 0.5
140.00 230.00 45.53 1.0 0.0
145.00 230.00 39.19 1.0 0.0
150.00 230.00 49.65 1.0 0.0
155.00 230.00 54.52 1.0 0.0
160.00 230.00 55.10 1.0 0.0
165.00 230.00 51.48 1.0 0.0
170.00 230.00 52.43 1.0 0.0
175.00 230.00 57.84 1.0 0.0
180.00 230.00 59.38 1.0 0.0
0.00 240.00 50.91 0.0 1.0
5.00 240.00 56.16 0.0 1.0
10.00 240.00 56.88 0.0 1.0
15.00 240.00 53.96 0.0 1.0
20.00 240.00 49.87 0.0 1.0
25.00 240.00 50.87 0.0 1.0
30.00 240.00 51.32 0.0 1.0
35.00 240.00 49.58 0.0 1.0
40.00 240.00 48.10 0.0 1.0
45.00 240.00 48.04 0.5 0.5
50.00 240.00 46.55 0.5 0.5
55.00 240.00 41.90 0.5 0.5
60.00 240.00 41.89 0.5 0.5
65.00 240.00 47.18 0.5 0.5
70.00 240.00 49.83 0.5 0.5
75.00 240.00 50.87 0.5 0.5
80.00 240.00 51.07 0.5 0.5
85.00 240.00 50.88 0.5 0.5
90.00 240.00 50.52 0.5 0.5
95.00 240.00 49.99 0.5 0.5
100.00 240.00 49.13 0.5 0.5
105.00 240.00 47.68 0.5 0.5
110.00 240.00 45.35 0.5 0.5
115.00 240.00 41.91 0.5 0.5
120.00 240.00 38.06 0.5 0.5
125.00 240.00 36.62 0.5 0.5
130.00 240.00 36.91 0.5 0.5
135.00 240.00 41.59 0.5 0.5
140.00 240.00 48.29 1.0 0.0
145.00 240.00 52.91 1.0 0.0
150.00 240.00 55.32 1.0 0.0
155.00 240.00 55.55 1.0 0.0
160.00 240.00 53.50 1.0 0.0
165.00 240.00 52.14 1.0 0.0
170.00 240.00 55.96 1.0 0.0
175.00 240.00 58.79 1.0 0.0
180.00 240.00 59.38 1.0 0.0
0.00 250.00 50.91 0.0 1.0
5.00 250.00 54.93 0.0 1.0
10.00 250.00 56.41 0.0 1.0
15.00 250.00 55.28 0.0 1.0
20.00 250.00 51.61 0.0 1.0
25.00 250.00 46.46 0.0 1.0
30.00 250.00 46.58 0.0 1.0
35.00 250.00 47.40 0.0 1.0
40.00 250.00 46.27 0.0 1.0
45.00 250.00 47.64 0.5 0.5
50.00 250.00 51.25 0.5 0.5
55.00 250.00 53.64 0.5 0.5
60.00 250.00 54.63 0.5 0.5
65.00 250.00 54.52 0.5 0.5
70.00 250.00 53.57 0.5 0.5
75.00 250.00 52.02 0.5 0.5
80.00 250.00 50.14 0.5 0.5
85.00 250.00 48.39 0.5 0.5
90.00 250.00 47.29 0.5 0.5
95.00 250.00 47.19 0.5 0.5
100.00 250.00 47.91 0.5 0.5
105.00 250.00 49.05 0.5 0.5
110.00 250.00 50.23 0.5 0.5
115.00 250.00 51.31 0.5 0.5
120.00 250.00 52.33 0.5 0.5
125.00 250.00 53.41 0.5 0.5
130.00 250.00 54.60 0.5 0.5
135.00 250.00 55.70 0.5 0.5
140.00 250.00 56.42 1.0 0.0
145.00 250.00 56.49 1.0 0.0
150.00 250.00 55.83 1.0 0.0
155.00 250.00 54.86 1.0 0.0
160.00 250.00 55.07 1.0 0.0
165.00 250.00 56.88 1.0 0.0
170.00 250.00 58.69 1.0 0.0
175.00 250.00 59.59 1.0 0.0
180.00 250.00 59.38 1.0 0.0
0.00 260.00 50.91 0.0 1.0
5.00 260.00 53.15 0.0 1.0
10.00 260.00 54.91 0.0 1.0
15.00 260.00 55.32 0.0 1.0
20.00 260.00 54.35 0.0 1.0
25.00 260.00 51.94 0.0 1.0
30.00 260.00 48.20 0.0 1.0
35.00 260.00 45.67 0.0 1.0
40.00 260.00 46.69 0.0 1.0
45.00 260.00 47.25 0.5 0.5
50.00 260.00 45.78 0.5 0.5
55.00 260.00 42.50 0.5 0.5
60.00 260.00 43.69 0.5 0.5
65.00 260.00 48.64 0.5 0.5
70.00 260.00 52.24 0.5 0.5
75.00 260.00 54.74 0.5 0.5
80.00 260.00 56.57 0.5 0.5
85.00 260.00 57.97 0.5 0.5
90.00 260.00 59.04 0.5 0.5
95.00 260.00 59.80 0.5 0.5
100.00 260.00 60.28 0.5 0.5
105.00 260.00 60.52 0.5 0.5
110.00 260.00 60.53 0.5 0.5
115.00 260.00 60.37 0.5 0.5
120.00 260.00 60.08 0.5 0.5
125.00 260.00 59.71 0.5 0.5
130.00 260.00 59.31 0.5 0.5
135.00 260.00 58.96 0.5 0.5
140.00 260.00 58.76 1.0 0.0
145.00 260.00 58.79 1.0 0.0
150.00 260.00 59.08 1.0 0.0
155.00 260.00 59.55 1.0 0.0
160.00 260.00 60.06 1.0 0.0
165.00 260.00 60.43 1.0 0.0
170.00 260.00 60.52 1.0 0.0
175.00 260.00 60.20 1.0 0.0
180.00 260.00 59.38 1.0 0.0
0.00 270.00 50.91 0.0 1.0
5.00 270.00 50.65 0.0 1.0
10.00 270.00 51.60 0.0 1.0
15.00 270.00 52.76 0.0 1.0
20.00 270.00 53.47 0.0 1.0
25.00 270.00 53.49 0.0 1.0
30.00 270.00 52.75 0.0 1.0
35.00 270.00 51.31 0.0 1.0
40.00 270.00 49.73 0.0 1.0
45.00 270.00 49.61 0.5 0.5
50.00 270.00 51.33 0.5 0.5
55.00 270.00 53.35 0.5 0.5
60.00 270.00 54.94 0.5 0.5
65.00 270.00 56.13 0.5 0.5
70.00 270.00 57.08 0.5 0.5
75.00 270.00 57.93 0.5 0.5
80.00 270.00 58.69 0.5 0.5
85.00 270.00 59.34 0.5 0.5
90.00 270.00 59.82 0.5 0.5
95.00 270.00 60.11 0.5 0.5
100.00 270.00 60.25 0.5 0.5
105.00 270.00 60.32 0.5 0.5
110.00 270.00 60.41 0.5 0.5
115.00 270.00 60.62 0.5 0.5
120.00 270.00 60.95 0.5 0.5
125.00 270.00 61.37 0.5 0.5
130.00 270.00 61.82 0.5 0.5
135.00 270.00 62.23 0.5 0.5
140.00 270.00 62.56 1.0 0.0
145.00 270.00 62.77 1.0 0.0
150.00 270.00 62.86 1.0 0.0
155.00 270.00 62.79 1.0 0.0
160.00 270.00 62.56 1.0 0.0
165.00 270.00 62.15 1.0 0.0
170.00 270.00 61.50 1.0 0.0
175.00 270.00 60.60 1.0 0.0
180.00 270.00 59.38 1.0 0.0
0.00 280.00 50.91 0.0 1.0
5.00 280.00 47.56 0.0 1.0
10.00 280.00 45.23 0.0 1.0
15.00 280.00 45.17 0.0 1.0
20.00 280.00 46.36 0.0 1.0
25.00 280.00 47.52 0.0 1.0
30.00 280.00 48.22 0.0 1.0
35.00 280.00 48.41 0.0 1.0
40.00 280.00 48.23 0.0 1.0
45.00 280.00 47.96 0.5 0.5
50.00 280.00 47.93 0.5 0.5
55.00 280.00 48.18 0.5 0.5
60.00 280.00 48.52 0.5 0.5
65.00 280.00 48.74 0.5 0.5
70.00 280.00 48.77 0.5 0.5
75.00 280.00 48.60 0.5 0.5
80.00 280.00 48.15 0.5 0.5
85.00 280.00 47.38 0.5 0.5
90.00 280.00 46.52 0.5 0.5
95.00 280.00 46.76 0.5 0.5
100.00 280.00 49.10 0.5 0.5
105.00 280.00 52.27 0.5 0.5
110.00 280.00 55.13 0.5 0.5
115.00 280.00 57.46 0.5 0.5
120.00 280.00 59.27 0.5 0.5
125.00 280.00 60.63 0.5 0.5
130.00 280.00 61.62 0.5 0.5
135.00 280.00 62.29 0.5 0.5
140.00 280.00 62.71 1.0 0.0
145.00 280.00 62.93 1.0 0.0
150.00 280.00 63.01 1.0 0.0
155.00 280.00 62.97 1.0 0.0
160.00 280.00 62.78 1.0 0.0
165.00 280.00 62.41 1.0 0.0
170.00 280.00 61.78 1.0 0.0
175.00 280.00 60.79 1.0 0.0
180.00 280.00 59.38 1.0 0.0
0.00 290.00 50.91 0.0 1.0
5.00 290.00 46.10 0.0 1.0
10.00 290.00 46.60 0.0 1.0
15.00 290.00 48.35 0.0 1.0
20.00 290.00 49.50 0.0 1.0
25.00 290.00 49.93 0.0 1.0
30.00 290.00 49.11 0.0 1.0
35.00 290.00 46.54 0.0 1.0
40.00 290.00 42.16 0.0 1.0
45.00 290.00 39.55 0.5 0.5
50.00 290.00 41.17 0.5 0.5
55.00 290.00 41.81 0.5 0.5
60.00 290.00 40.89 0.5 0.5
65.00 290.00 38.91 0.5 0.5
70.00 290.00 36.22 0.5 0.5
75.00 290.00 33.23 0.5 0.5
80.00 290.00 33.67 0.5 0.5
85.00 290.00 37.98 0.5 0.5
90.00 290.00 41.91 0.5 0.5
95.00 290.00 45.07 0.5 0.5
100.00 290.00 47.66 0.5 0.5
105.00 290.00 49.69 0.5 0.5
110.00 290.00 51.02 0.5 0.5
115.00 290.00 51.42 0.5 0.5
120.00 290.00 50.48 0.5 0.5
125.00 290.00 47.33 0.5 0.5
130.00 290.00 42.13 0.5 0.5
135.00 290.00 48.89 0.5 0.5
140.00 290.00 54.65 1.0 0.0
145.00 290.00 58.02 1.0 0.0
150.00 290.00 60.01 1.0 0.0
155.00 290.00 61.10 1.0 0.0
160.00 290.00 61.60 1.0 0.0
165.00 290.00 61.72 1.0 0.0
170.00 290.00 61.50 1.0 0.0
175.00 290.00 60.80 1.0 0.0
180.00 290.00 59.38 1.0 0.0
0.00 300.00 50.91 0.0 1.0
5.00 300.00 48.29 0.0 1.0
10.00 300.00 52.10 0.0 1.0
15.00 300.00 53.34 0.0 1.0
20.00 300.00 53.16 0.0 1.0
25.00 300.00 51.73 0.0 1.0
30.00 300.00 48.41 0.0 1.0
35.00 300.00 43.08 0.0 1.0
40.00 300.00 38.84 0.0 1.0
45.00 300.00 37.73 0.5 0.5
50.00 300.00 39.86 0.5 0.5
55.00 300.00 43.25 0.5 0.5
60.00 300.00 45.24 0.5 0.5
65.00 300.00 46.24 0.5 0.5
70.00 300.00 47.11 0.5 0.5
75.00 300.00 48.26 0.5 0.5
80.00 300.00 49.57 0.5 0.5
85.00 300.00 50.86 0.5 0.5
90.00 300.00 52.03 0.5 0.5
95.00 300.00 53.01 0.5 0.5
100.00 300.00 53.65 0.5 0.5
105.00 300.00 53.78 0.5 0.5
110.00 300.00 53.15 0.5 0.5
115.00 300.00 51.66 0.5 0.5
120.00 300.00 50.02 0.5 0.5
125.00 300.00 50.46 0.5 0.5
130.00 300.00 52.08 0.5 0.5
135.00 300.00 52.26 0.5 0.5
140.00 300.00 49.32 1.0 0.0
145.00 300.00 42.56 1.0 0.0
150.00 300.00 51.82 1.0 0.0
155.00 300.00 57.10 1.0 0.0
160.00 300.00 59.53 1.0 0.0
165.00 300.00 60.55 1.0 0.0
170.00 300.00 60.88 1.0 0.0
175.00 300.00 60.65 1.0 0.0
180.00 300.00 59.38 1.0 0.0
0.00 310.00 50.91 0.0 1.0
5.00 310.00 51.04 0.0 1.0
10.00 310.00 54.73 0.0 1.0
15.00 310.00 54.45 0.0 1.0
20.00 310.00 52.70 0.0 1.0
25.00 310.00 49.54 0.0 1.0
30.00 310.00 43.96 0.0 1.0
35.00 310.00 41.52 0.0 1.0
40.00 310.00 42.05 0.0 1.0
45.00 310.00 40.79 0.5 0.5
50.00 310.00 38.76 0.5 0.5
55.00 310.00 36.50 0.5 0.5
60.00 310.00 33.13 0.5 0.5
65.00 310.00 32.30 0.5 0.5
70.00 310.00 39.94 0.5 0.5
75.00 310.00 44.80 0.5 0.5
80.00 310.00 47.46 0.5 0.5
85.00 310.00 48.68 0.5 0.5
90.00 310.00 48.83 0.5 0.5
95.00 310.00 47.99 0.5 0.5
100.00 310.00 45.87 0.5 0.5
105.00 310.00 41.29 0.5 0.5
110.00 310.00 34.92 0.5 0.5
115.00 310.00 43.12 0.5 0.5
120.00 310.00 47.19 0.5 0.5
125.00 310.00 47.82 0.5 0.5
130.00 310.00 46.90 0.5 0.5
135.00 310.00 49.69 0.5 0.5
140.00 310.00 52.83 1.0 0.0
145.00 310.00 52.69 1.0 0.0
150.00 310.00 46.88 1.0 0.0
155.00 310.00 48.92 1.0 0.0
160.00 310.00 56.35 1.0 0.0
165.00 310.00 59.12 1.0 0.0
170.00 310.00 60.11 1.0 0.0
175.00 310.00 60.40 1.0 0.0
180.00 310.00 59.38 1.0 0.0
0.00 320.00 50.91 0.0 1.0
5.00 320.00 53.10 0.0 1.0
10.00 320.00 55.81 0.0 1.0
15.00 320.00 53.87 0.0 1.0
20.00 320.00 51.91 0.0 1.0
25.00 320.00 48.05 0.0 1.0
30.00 320.00 44.72 0.0 1.0
35.00 320.00 46.60 0.0 1.0
40.00 320.00 44.40 0.0 1.0
45.00 320.00 37.22 0.5 0.5
50.00 320.00 34.96 0.5 0.5
55.00 320.00 38.51 0.5 0.5
60.00 320.00 42.62 0.5 0.5
65.00 320.00 46.23 0.5 0.5
70.00 320.00 48.14 0.5 0.5
75.00 320.00 48.79 0.5 0.5
80.00 320.00 48.65 0.5 0.5
85.00 320.00 47.98 0.5 0.5
90.00 320.00 46.87 0.5 0.5
95.00 320.00 45.49 0.5 0.5
100.00 320.00 44.14 0.5 0.5
105.00 320.00 42.91 0.5 0.5
110.00 320.00 41.25 0.5 0.5
115.00 320.00 38.06 0.5 0.5
120.00 320.00 35.94 0.5 0.5
125.00 320.00 42.34 0.5 0.5
130.00 320.00 45.39 0.5 0.5
135.00 320.00 43.79 0.5 0.5
140.00 320.00 47.15 1.0 0.0
145.00 320.00 52.68 1.0 0.0
150.00 320.00 53.07 1.0 0.0
155.00 320.00 46.28 1.0 0.0
160.00 320.00 51.62 1.0 0.0
165.00 320.00 57.46 1.0 0.0
170.00 320.00 59.31 1.0 0.0
175.00 320.00 60.08 1.0 0.0
180.00 320.00 59.38 1.0 0.0
0.00 330.00 50.91 0.0 1.0
5.00 330.00 54.52 0.0 1.0
10.00 330.00 56.04 0.0 1.0
15.00 330.00 53.15 0.0 1.0
20.00 330.00 52.05 0.0 1.0
25.00 330.00 46.38 0.0 1.0
30.00 330.00 48.53 0.0 1.0
35.00 330.00 47.59 0.0 1.0
40.00 330.00 34.92 0.0 1.0
45.00 330.00 43.86 0.5 0.5
50.00 330.00 46.14 0.5 0.5
55.00 330.00 43.84 0.5 0.5
60.00 330.00 41.12 0.5 0.5
65.00 330.00 43.09 0.5 0.5
70.00 330.00 47.48 0.5 0.5
75.00 330.00 50.40 0.5 0.5
80.00 330.00 51.63 0.5 0.5
85.00 330.00 51.54 0.5 0.5
90.00 330.00 50.38 0.5 0.5
95.00 330.00 48.24 0.5 0.5
100.00 330.00 45.10 0.5 0.5
105.00 330.00 41.66 0.5 0.5
110.00 330.00 40.54 0.5 0.5
115.00 330.00 40.64 0.5 0.5
120.00 330.00 39.79 0.5 0.5
125.00 330.00 41.75 0.5 0.5
130.00 330.00 45.42 0.5 0.5
135.00 330.00 46.55 0.5 0.5
140.00 330.00 41.83 1.0 0.0
145.00 330.00 47.49 1.0 0.0
150.00 330.00 53.16 1.0 0.0
155.00 330.00 51.40 1.0 0.0
160.00 330.00 46.51 1.0 0.0
165.00 330.00 55.63 1.0 0.0
170.00 330.00 58.55 1.0 0.0
175.00 330.00 59.73 1.0 0.0
180.00 330.00 59.38 1.0 0.0
0.00 340.00 50.91 0.0 1.0
5.00 340.00 55.50 0.0 1.0
10.00 340.00 55.90 0.0 1.0
15.00 340.00 53.16 0.0 1.0
20.00 340.00 52.02 0.0 1.0
25.00 340.00 46.40 0.0 1.0
30.00 340.00 50.23 0.0 1.0
35.00 340.00 42.66 0.0 1.0
40.00 340.00 45.70 0.0 1.0
45.00 340.00 49.93 0.5 0.5
50.00 340.00 47.17 0.5 0.5
55.00 340.00 43.61 0.5 0.5
60.00 340.00 44.55 0.5 0.5
65.00 340.00 46.11 0.5 0.5
70.00 340.00 48.46 0.5 0.5
75.00 340.00 49.73 0.5 0.5
80.00 340.00 49.57 0.5 0.5
85.00 340.00 48.63 0.5 0.5
90.00 340.00 47.96 0.5 0.5
95.00 340.00 48.23 0.5 0.5
100.00 340.00 49.09 0.5 0.5
105.00 340.00 49.85 0.5 0.5
110.00 340.00 50.08 0.5 0.5
115.00 340.00 49.47 0.5 0.5
120.00 340.00 47.81 0.5 0.5
125.00 340.00 45.48 0.5 0.5
130.00 340.00 45.90 0.5 0.5
135.00 340.00 47.81 0.5 0.5
140.00 340.00 46.19 1.0 0.0
145.00 340.00 37.20 1.0 0.0
150.00 340.00 50.80 1.0 0.0
155.00 340.00 52.56 1.0 0.0
160.00 340.00 46.16 1.0 0.0
165.00 340.00 53.93 1.0 0.0
170.00 340.00 57.85 1.0 0.0
175.00 340.00 59.38 1.0 0.0
180.00 340.00 59.38 1.0 0.0
0.00 350.00 50.91 0.0 1.0
5.00 350.00 56.17 0.0 1.0
10.00 350.00 55.72 0.0 1.0
15.00 350.00 53.59 0.0 1.0
20.00 350.00 51.84 0.0 1.0
25.00 350.00 47.68 0.0 1.0
30.00 350.00 50.16 0.0 1.0
35.00 350.00 37.82 0.0 1.0
40.00 350.00 50.41 0.0 1.0
45.00 350.00 50.71 0.5 0.5
50.00 350.00 45.89 0.5 0.5
55.00 350.00 47.90 0.5 0.5
60.00 350.00 48.15 0.5 0.5
65.00 350.00 44.94 0.5 0.5
70.00 350.00 43.76 0.5 0.5
75.00 350.00 44.82 0.5 0.5
80.00 350.00 44.43 0.5 0.5
85.00 350.00 43.70 0.5 0.5
90.00 350.00 44.99 0.5 0.5
95.00 350.00 47.67 0.5 0.5
100.00 350.00 50.19 0.5 0.5
105.00 350.00 52.09 0.5 0.5
110.00 350.00 53.17 0.5 0.5
115.00 350.00 53.19 0.5 0.5
120.00 350.00 51.86 0.5 0.5
125.00 350.00 49.12 0.5 0.5
130.00 350.00 46.81 0.5 0.5
135.00 350.00 47.89 0.5 0.5
140.00 350.00 47.38 1.0 0.0
145.00 350.00 36.52 1.0 0.0
150.00 350.00 47.64 1.0 0.0
155.00 350.00 52.09 1.0 0.0
160.00 350.00 47.43 1.0 0.0
165.00 350.00 52.76 1.0 0.0
170.00 350.00 57.24 1.0 0.0
175.00 350.00 59.06 1.0 0.0
180.00 350.00 59.38 1.0 0.0
0.00 360.00 50.91 0.0 1.0
5.00 360.00 56.60 0.0 1.0
10.00 360.00 55.73 0.0 1.0
15.00 360.00 53.94 0.0 1.0
20.00 360.00 52.19 0.0 1.0
25.00 360.00 47.84 0.0 1.0
30.00 360.00 49.97 0.0 1.0
35.00 360.00 41.44 0.0 1.0
40.00 360.00 51.58 0.0 1.0
45.00 360.00 50.64 0.5 0.5
50.00 360.00 45.70 0.5 0.5
55.00 360.00 50.07 0.5 0.5
60.00 360.00 50.32 0.5 0.5
65.00 360.00 45.82 0.5 0.5
70.00 360.00 37.11 0.5 0.5
75.00 360.00 39.55 0.5 0.5
80.00 360.00 40.90 0.5 0.5
85.00 360.00 39.84 0.5 0.5
90.00 360.00 41.15 0.5 0.5
95.00 360.00 45.25 0.5 0.5
100.00 360.00 48.90 0.5 0.5
105.00 360.00 51.51 0.5 0.5
110.00 360.00 53.03 0.5 0.5
115.00 360.00 53.32 0.5 0.5
120.00 360.00 52.17 0.5 0.5
125.00 360.00 49.61 0.5 0.5
130.00 360.00 47.07 0.5 0.5
135.00 360.00 47.24 0.5 0.5
140.00 360.00 46.63 1.0 0.0
145.00 360.00 36.89 1.0 0.0
150.00 360.00 45.54 1.0 0.0
155.00 360.00 50.95 1.0 0.0
160.00 360.00 47.66 1.0 0.0
165.00 360.00 52.33 1.0 0.0
170.00 360.00 56.76 1.0 0.0
175.00 360.00 58.77 1.0 0.0
180.00 360.00 59.38 1.0 0.0
0.00 370.00 50.91 0.0 1.0
5.00 370.00 56.85 0.0 1.0
10.00 370.00 56.08 0.0 1.0
15.00 370.00 53.92 0.0 1.0
20.00 370.00 53.36 0.0 1.0
25.00 370.00 46.27 0.0 1.0
30.00 370.00 50.27 0.0 1.0
35.00 370.00 42.20 0.0 1.0
40.00 370.00 51.10 0.0 1.0
45.00 370.00 51.23 0.5 0.5
50.00 370.00 44.79 0.5 0.5
55.00 370.00 48.91 0.5 0.5
60.00 370.00 51.00 0.5 0.5
65.00 370.00 48.57 0.5 0.5
70.00 370.00 42.12 0.5 0.5
75.00 370.00 35.99 0.5 0.5
80.00 370.00 38.14 0.5 0.5
85.00 370.00 38.48 0.5 0.5
90.00 370.00 40.59 0.5 0.5
95.00 370.00 44.58 0.5 0.5
100.00 370.00 47.83 0.5 0.5
105.00 370.00 49.95 0.5 0.5
110.00 370.00 50.93 0.5 0.5
115.00 370.00 50.61 0.5 0.5
120.00 370.00 48.92 0.5 0.5
125.00 370.00 46.75 0.5 0.5
130.00 370.00 45.42 0.5 0.5
135.00 370.00 45.30 0.5 0.5
140.00 370.00 43.70 1.0 0.0
145.00 370.00 34.68 1.0 0.0
150.00 370.00 45.43 1.0 0.0
155.00 370.00 49.37 1.0 0.0
160.00 370.00 47.50 1.0 0.0
165.00 370.00 52.49 1.0 0.0
170.00 370.00 56.37 1.0 0.0
175.00 370.00 58.53 1.0 0.0
180.00 370.00 59.38 1.0 0.0
0.00 380.00 50.91 0.0 1.0
5.00 380.00 56.92 0.0 1.0
10.00 380.00 56.84 0.0 1.0
15.00 380.00 53.29 0.0 1.0
20.00 380.00 54.88 0.0 1.0
25.00 380.00 45.34 0.0 1.0
30.00 380.00 49.82 0.0 1.0
35.00 380.00 45.51 0.0 1.0
40.00 380.00 48.35 0.0 1.0
45.00 380.00 51.46 0.5 0.5
50.00 380.00 47.79 0.5 0.5
55.00 380.00 41.58 0.5 0.5
60.00 380.00 47.67 0.5 0.5
65.00 380.00 48.48 0.5 0.5
70.00 380.00 46.57 0.5 0.5
75.00 380.00 45.87 0.5 0.5
80.00 380.00 47.20 0.5 0.5
85.00 380.00 48.21 0.5 0.5
90.00 380.00 48.73 0.5 0.5
95.00 380.00 49.19 0.5 0.5
100.00 380.00 49.59 0.5 0.5
105.00 380.00 49.56 0.5 0.5
110.00 380.00 48.52 0.5 0.5
115.00 380.00 45.75 0.5 0.5
120.00 380.00 42.02 0.5 0.5
125.00 380.00 41.85 0.5 0.5
130.00 380.00 40.57 0.5 0.5
135.00 380.00 40.33 0.5 0.5
140.00 380.00 36.83 1.0 0.0
145.00 380.00 41.17 1.0 0.0
150.00 380.00 45.58 1.0 0.0
155.00 380.00 47.18 1.0 0.0
160.00 380.00 48.18 1.0 0.0
165.00 380.00 52.91 1.0 0.0
170.00 380.00 56.06 1.0 0.0
175.00 380.00 58.34 1.0 0.0
180.00 380.00 59.38 1.0 0.0
0.00 390.00 50.91 0.0 1.0
5.00 390.00 56.76 0.0 1.0
10.00 390.00 57.87 0.0 1.0
15.00 390.00 52.40 0.0 1.0
20.00 390.00 55.68 0.0 1.0
25.00 390.00 51.30 0.0 1.0
30.00 390.00 45.35 0.0 1.0
35.00 390.00 48.17 0.0 1.0
40.00 390.00 44.59 0.0 1.0
45.00 390.00 48.97 0.5 0.5
50.00 390.00 49.86 0.5 0.5
55.00 390.00 45.75 0.5 0.5
60.00 390.00 34.24 0.5 0.5
65.00 390.00 39.46 0.5 0.5
70.00 390.00 40.52 0.5 0.5
75.00 390.00 41.77 0.5 0.5
80.00 390.00 46.62 0.5 0.5
85.00 390.00 49.96 0.5 0.5
90.00 390.00 51.71 0.5 0.5
95.00 390.00 52.36 0.5 0.5
100.00 390.00 52.04 0.5 0.5
105.00 390.00 50.59 0.5 0.5
110.00 390.00 47.50 0.5 0.5
115.00 390.00 43.18 0.5 0.5
120.00 390.00 41.95 0.5 0.5
125.00 390.00 39.94 0.5 0.5
130.00 390.00 35.20 0.5 0.5
135.00 390.00 34.54 0.5 0.5
140.00 390.00 41.06 1.0 0.0
145.00 390.00 44.77 1.0 0.0
150.00 390.00 43.22 1.0 0.0
155.00 390.00 45.85 1.0 0.0
160.00 390.00 49.84 1.0 0.0
165.00 390.00 53.26 1.0 0.0
170.00 390.00 55.79 1.0 0.0
175.00 390.00 58.21 1.0 0.0
180.00 390.00 59.38 1.0 0.0
0.00 400.00 50.91 0.0 1.0
5.00 400.00 56.32 0.0 1.0
10.00 400.00 58.86 0.0 1.0
15.00 400.00 53.82 0.0 1.0
20.00 400.00 54.31 0.0 1.0
25.00 400.00 55.45 0.0 1.0
30.00 400.00 49.53 0.0 1.0
35.00 400.00 43.16 0.0 1.0
40.00 400.00 44.95 0.0 1.0
45.00 400.00 44.28 0.5 0.5
50.00 400.00 47.35 0.5 0.5
55.00 400.00 48.22 0.5 0.5
60.00 400.00 45.89 0.5 0.5
65.00 400.00 39.75 0.5 0.5
70.00 400.00 32.90 0.5 0.5
75.00 400.00 36.48 0.5 0.5
80.00 400.00 37.21 0.5 0.5
85.00 400.00 39.02 0.5 0.5
90.00 400.00 42.36 0.5 0.5
95.00 400.00 44.78 0.5 0.5
100.00 400.00 46.29 0.5 0.5
105.00 400.00 47.43 0.5 0.5
110.00 400.00 48.13 0.5 0.5
115.00 400.00 47.59 0.5 0.5
120.00 400.00 44.91 0.5 0.5
125.00 400.00 40.38 0.5 0.5
130.00 400.00 37.50 0.5 0.5
135.00 400.00 42.18 0.5 0.5
140.00 400.00 45.31 1.0 0.0
145.00 400.00 41.56 1.0 0.0
150.00 400.00 41.17 1.0 0.0
155.00 400.00 48.34 1.0 0.0
160.00 400.00 51.10 1.0 0.0
165.00 400.00 53.26 1.0 0.0
170.00 400.00 55.55 1.0 0.0
175.00 400.00 58.13 1.0 0.0
180.00 400.00 59.38 1.0 0.0
0.00 410.00 50.91 0.0 1.0
5.00 410.00 55.53 0.0 1.0
10.00 410.00 59.43 0.0 1.0
15.00 410.00 57.46 0.0 1.0
20.00 410.00 51.66 0.0 1.0
25.00 410.00 54.59 0.0 1.0
30.00 410.00 55.52 0.0 1.0
35.00 410.00 52.52 0.0 1.0
40.00 410.00 46.82 0.0 1.0
45.00 410.00 40.65 0.5 0.5
50.00 410.00 38.47 0.5 0.5
55.00 410.00 43.32 0.5 0.5
60.00 410.00 45.99 0.5 0.5
65.00 410.00 46.20 0.5 0.5
70.00 410.00 44.36 0.5 0.5
75.00 410.00 40.24 0.5 0.5
80.00 410.00 33.86 0.5 0.5
85.00 410.00 36.84 0.5 0.5
90.00 410.00 41.46 0.5 0.5
95.00 410.00 43.74 0.5 0.5
100.00 410.00 44.29 0.5 0.5
105.00 410.00 43.01 0.5 0.5
110.00 410.00 39.56 0.5 0.5
115.00 410.00 36.22 0.5 0.5
120.00 410.00 36.50 0.5 0.5
125.00 410.00 36.87 0.5 0.5
130.00 410.00 41.35 0.5 0.5
135.00 410.00 43.26 0.5 0.5
140.00 410.00 39.24 1.0 0.0
145.00 410.00 40.91 1.0 0.0
150.00 410.00 47.66 1.0 0.0
155.00 410.00 50.00 1.0 0.0
160.00 410.00 51.00 1.0 0.0
165.00 410.00 52.92 1.0 0.0
170.00 410.00 55.43 1.0 0.0
175.00 410.00 58.10 1.0 0.0
180.00 410.00 59.38 1.0 0.0
0.00 420.00 50.91 0.0 1.0
5.00 420.00 54.33 0.0 1.0
10.00 420.00 59.18 0.0 1.0
15.00 420.00 59.96 0.0 1.0
20.00 420.00 57.53 0.0 1.0
25.00 420.00 52.24 0.0 1.0
30.00 420.00 51.41 0.0 1.0
35.00 420.00 54.09 0.0 1.0
40.00 420.00 54.62 0.0 1.0
45.00 420.00 53.79 0.5 0.5
50.00 420.00 52.49 0.5 0.5
55.00 420.00 51.31 0.5 0.5
60.00 420.00 50.64 0.5 0.5
65.00 420.00 50.68 0.5 0.5
70.00 420.00 51.19 0.5 0.5
75.00 420.00 51.74 0.5 0.5
80.00 420.00 52.09 0.5 0.5
85.00 420.00 52.24 0.5 0.5
90.00 420.00 52.25 0.5 0.5
95.00 420.00 52.16 0.5 0.5
100.00 420.00 51.87 0.5 0.5
105.00 420.00 51.11 0.5 0.5
110.00 420.00 49.43 0.5 0.5
115.00 420.00 46.09 0.5 0.5
120.00 420.00 39.66 0.5 0.5
125.00 420.00 32.85 0.5 0.5
130.00 420.00 36.74 0.5 0.5
135.00 420.00 39.14 0.5 0.5
140.00 420.00 43.49 1.0 0.0
145.00 420.00 46.80 1.0 0.0
150.00 420.00 48.00 1.0 0.0
155.00 420.00 48.20 1.0 0.0
160.00 420.00 49.78 1.0 0.0
165.00 420.00 52.54 1.0 0.0
170.00 420.00 55.49 1.0 0.0
175.00 420.00 58.08 1.0 0.0
180.00 420.00 59.38 1.0 0.0
0.00 430.00 50.91 0.0 1.0
5.00 430.00 52.89 0.0 1.0
10.00 430.00 57.79 0.0 1.0
15.00 430.00 60.24 0.0 1.0
20.00 430.00 60.90 0.0 1.0
25.00 430.00 60.20 0.0 1.0
30.00 430.00 58.38 0.0 1.0
35.00 430.00 55.58 0.0 1.0
40.00 430.00 51.96 0.0 1.0
45.00 430.00 47.97 0.5 0.5
50.00 430.00 44.83 0.5 0.5
55.00 430.00 44.22 0.5 0.5
60.00 430.00 45.38 0.5 0.5
65.00 430.00 46.62 0.5 0.5
70.00 430.00 47.28 0.5 0.5
75.00 430.00 47.26 0.5 0.5
80.00 430.00 46.63 0.5 0.5
85.00 430.00 45.60 0.5 0.5
90.00 430.00 44.57 0.5 0.5
95.00 430.00 44.13 0.5 0.5
100.00 430.00 44.53 0.5 0.5
105.00 430.00 45.31 0.5 0.5
110.00 430.00 45.82 0.5 0.5
115.00 430.00 45.58 0.5 0.5
120.00 430.00 44.14 0.5 0.5
125.00 430.00 40.85 0.5 0.5
130.00 430.00 35.57 0.5 0.5
135.00 430.00 37.09 0.5 0.5
140.00 430.00 40.31 1.0 0.0
145.00 430.00 40.57 1.0 0.0
150.00 430.00 40.78 1.0 0.0
155.00 430.00 44.86 1.0 0.0
160.00 430.00 49.12 1.0 0.0
165.00 430.00 52.66 1.0 0.0
170.00 430.00 55.72 1.0 0.0
175.00 430.00 58.05 1.0 0.0
180.00 430.00 59.38 1.0 0.0
0.00 440.00 50.91 0.0 1.0
5.00 440.00 51.91 0.0 1.0
10.00 440.00 55.30 0.0 1.0
15.00 440.00 58.02 0.0 1.0
20.00 440.00 59.81 0.0 1.0
25.00 440.00 60.90 0.0 1.0
30.00 440.00 61.47 0.0 1.0
35.00 440.00 61.66 0.0 1.0
40.00 440.00 61.59 0.0 1.0
45.00 440.00 61.31 0.5 0.5
50.00 440.00 60.87 0.5 0.5
55.00 440.00 60.28 0.5 0.5
60.00 440.00 59.53 0.5 0.5
65.00 440.00 58.58 0.5 0.5
70.00 440.00 57.37 0.5 0.5
75.00 440.00 55.83 0.5 0.5
80.00 440.00 53.87 0.5 0.5
85.00 440.00 51.37 0.5 0.5
90.00 440.00 48.21 0.5 0.5
95.00 440.00 44.43 0.5 0.5
100.00 440.00 40.95 0.5 0.5
105.00 440.00 39.75 0.5 0.5
110.00 440.00 40.21 0.5 0.5
115.00 440.00 40.87 0.5 0.5
120.00 440.00 41.44 0.5 0.5
125.00 440.00 41.57 0.5 0.5
130.00 440.00 40.66 0.5 0.5
135.00 440.00 38.42 0.5 0.5
140.00 440.00 37.67 1.0 0.0
145.00 440.00 41.24 1.0 0.0
150.00 440.00 44.64 1.0 0.0
155.00 440.00 47.37 1.0 0.0
160.00 440.00 50.23 1.0 0.0
165.00 440.00 53.24 1.0 0.0
170.00 440.00 55.91 1.0 0.0
175.00 440.00 57.97 1.0 0.0
180.00 440.00 59.38 1.0 0.0
0.00 450.00 50.91 0.0 1.0
5.00 450.00 52.41 0.0 1.0
10.00 450.00 54.24 0.0 1.0
15.00 450.00 55.88 0.0 1.0
20.00 450.00 57.23 0.0 1.0
25.00 450.00 58.33 0.0 1.0
30.00 450.00 59.23 0.0 1.0
35.00 450.00 59.97 0.0 1.0
40.00 450.00 60.58 0.0 1.0
45.00 450.00 61.04 0.5 0.5
50.00 450.00 61.36 0.5 0.5
55.00 450.00 61.51 0.5 0.5
60.00 450.00 61.44 0.5 0.5
65.00 450.00 61.13 0.5 0.5
70.00 450.00 60.52 0.5 0.5
75.00 450.00 59.54 0.5 0.5
80.00 450.00 58.11 0.5 0.5
85.00 450.00 56.14 0.5 0.5
90.00 450.00 53.45 0.5 0.5
95.00 450.00 49.80 0.5 0.5
100.00 450.00 44.73 0.5 0.5
105.00 450.00 37.97 0.5 0.5
110.00 450.00 36.00 0.5 0.5
115.00 450.00 39.57 0.5 0.5
120.00 450.00 42.63 0.5 0.5
125.00 450.00 45.38 0.5 0.5
130.00 450.00 47.67 0.5 0.5
135.00 450.00 49.27 0.5 0.5
140.00 450.00 50.10 1.0 0.0
145.00 450.00 50.22 1.0 0.0
150.00 450.00 49.91 1.0 0.0
155.00 450.00 49.91 1.0 0.0
160.00 450.00 51.17 1.0 0.0
165.00 450.00 53.43 1.0 0.0
170.00 450.00 55.78 1.0 0.0
175.00 450.00 57.79 1.0 0.0
180.00 450.00 59.38 1.0 0.0
0.00 460.00 50.91 0.0 1.0
5.00 460.00 54.02 0.0 1.0
10.00 460.00 56.59 0.0 1.0
15.00 460.00 58.59 0.0 1.0
20.00 460.00 60.06 0.0 1.0
25.00 460.00 61.04 0.0 1.0
30.00 460.00 61.55 0.0 1.0
35.00 460.00 61.61 0.0 1.0
40.00 460.00 61.24 0.0 1.0
45.00 460.00 60.43 0.5 0.5
50.00 460.00 59.24 0.5 0.5
55.00 460.00 57.85 0.5 0.5
60.00 460.00 56.64 0.5 0.5
65.00 460.00 56.13 0.5 0.5
70.00 460.00 56.40 0.5 0.5
75.00 460.00 56.99 0.5 0.5
80.00 460.00 57.50 0.5 0.5
85.00 460.00 57.78 0.5 0.5
90.00 460.00 57.82 0.5 0.5
95.00 460.00 57.66 0.5 0.5
100.00 460.00 57.35 0.5 0.5
105.00 460.00 56.87 0.5 0.5
110.00 460.00 56.20 0.5 0.5
115.00 460.00 55.27 0.5 0.5
120.00 460.00 54.05 0.5 0.5
125.00 460.00 52.53 0.5 0.5
130.00 460.00 50.75 0.5 0.5
135.00 460.00 48.92 0.5 0.5
140.00 460.00 47.41 1.0 0.0
145.00 460.00 46.69 1.0 0.0
150.00 460.00 46.87 1.0 0.0
155.00 460.00 47.87 1.0 0.0
160.00 460.00 49.76 1.0 0.0
165.00 460.00 52.37 1.0 0.0
170.00 460.00 55.09 1.0 0.0
175.00 460.00 57.48 1.0 0.0
180.00 460.00 59.38 1.0 0.0
0.00 470.00 50.91 0.0 1.0
5.00 470.00 55.72 0.0 1.0
10.00 470.00 58.84 0.0 1.0
15.00 470.00 60.54 0.0 1.0
20.00 470.00 61.07 0.0 1.0
25.00 470.00 60.56 0.0 1.0
30.00 470.00 59.11 0.0 1.0
35.00 470.00 57.02 0.0 1.0
40.00 470.00 55.33 0.0 1.0
45.00 470.00 55.25 0.5 0.5
50.00 470.00 55.93 0.5 0.5
55.00 470.00 56.14 0.5 0.5
60.00 470.00 55.46 0.5 0.5
65.00 470.00 53.77 0.5 0.5
70.00 470.00 50.85 0.5 0.5
75.00 470.00 46.10 0.5 0.5
80.00 470.00 38.30 0.5 0.5
85.00 470.00 39.63 0.5 0.5
90.00 470.00 44.96 0.5 0.5
95.00 470.00 47.84 0.5 0.5
100.00 470.00 49.62 0.5 0.5
105.00 470.00 50.84 0.5 0.5
110.00 470.00 51.65 0.5 0.5
115.00 470.00 52.02 0.5 0.5
120.00 470.00 51.87 0.5 0.5
125.00 470.00 51.16 0.5 0.5
130.00 470.00 49.95 0.5 0.5
135.00 470.00 48.38 0.5 0.5
140.00 470.00 46.52 1.0 0.0
145.00 470.00 44.17 1.0 0.0
150.00 470.00 41.64 1.0 0.0
155.00 470.00 41.79 1.0 0.0
160.00 470.00 45.14 1.0 0.0
165.00 470.00 49.45 1.0 0.0
170.00 470.00 53.66 1.0 0.0
175.00 470.00 57.04 1.0 0.0
180.00 470.00 59.38 1.0 0.0
0.00 480.00 50.91 0.0 1.0
5.00 480.00 57.03 0.0 1.0
10.00 480.00 59.91 0.0 1.0
15.00 480.00 60.41 0.0 1.0
20.00 480.00 58.88 0.0 1.0
25.00 480.00 55.37 0.0 1.0
30.00 480.00 51.25 0.0 1.0
35.00 480.00 51.22 0.0 1.0
40.00 480.00 51.73 0.0 1.0
45.00 480.00 49.66 0.5 0.5
50.00 480.00 45.39 0.5 0.5
55.00 480.00 47.93 0.5 0.5
60.00 480.00 52.09 0.5 0.5
65.00 480.00 54.07 0.5 0.5
70.00 480.00 54.56 0.5 0.5
75.00 480.00 54.02 0.5 0.5
80.00 480.00 52.74 0.5 0.5
85.00 480.00 50.90 0.5 0.5
90.00 480.00 48.72 0.5 0.5
95.00 480.00 46.60 0.5 0.5
100.00 480.00 45.27 0.5 0.5
105.00 480.00 45.00 0.5 0.5
110.00 480.00 45.00 0.5 0.5
115.00 480.00 44.23 0.5 0.5
120.00 480.00 41.89 0.5 0.5
125.00 480.00 38.02 0.5 0.5
130.00 480.00 38.85 0.5 0.5
135.00 480.00 42.85 0.5 0.5
140.00 480.00 45.33 1.0 0.0
145.00 480.00 46.29 1.0 0.0
150.00 480.00 45.48 1.0 0.0
155.00 480.00 42.51 1.0 0.0
160.00 480.00 38.76 1.0 0.0
165.00 480.00 43.66 1.0 0.0
170.00 480.00 51.33 1.0 0.0
175.00 480.00 56.46 1.0 0.0
180.00 480.00 59.38 1.0 0.0
0.00 490.00 50.91 0.0 1.0
5.00 490.00 57.93 0.0 1.0
10.00 490.00 60.03 0.0 1.0
15.00 490.00 58.62 0.0 1.0
20.00 490.00 53.52 0.0 1.0
25.00 490.00 45.64 0.0 1.0
30.00 490.00 48.67 0.0 1.0
35.00 490.00 47.67 0.0 1.0
40.00 490.00 41.87 0.0 1.0
45.00 490.00 48.57 0.5 0.5
50.00 490.00 52.25 0.5 0.5
55.00 490.00 52.54 0.5 0.5
60.00 490.00 50.55 0.5 0.5
65.00 490.00 47.08 0.5 0.5
70.00 490.00 44.62 0.5 0.5
75.00 490.00 45.27 0.5 0.5
80.00 490.00 46.58 0.5 0.5
85.00 490.00 47.55 0.5 0.5
90.00 490.00 48.14 0.5 0.5
95.00 490.00 48.30 0.5 0.5
100.00 490.00 47.87 0.5 0.5
105.00 490.00 46.54 0.5 0.5
110.00 490.00 43.61 0.5 0.5
115.00 490.00 37.72 0.5 0.5
120.00 490.00 37.67 0.5 0.5
125.00 490.00 42.53 0.5 0.5
130.00 490.00 43.21 0.5 0.5
135.00 490.00 40.44 0.5 0.5
140.00 490.00 36.93 1.0 0.0
145.00 490.00 38.68 1.0 0.0
150.00 490.00 40.93 1.0 0.0
155.00 490.00 41.22 1.0 0.0
160.00 490.00 40.00 1.0 0.0
165.00 490.00 34.59 1.0 0.0
170.00 490.00 47.87 1.0 0.0
175.00 490.00 55.80 1.0 0.0
180.00 490.00 59.38 1.0 0.0
0.00 500.00 50.91 0.0 1.0
5.00 500.00 58.48 0.0 1.0
10.00 500.00 59.48 0.0 1.0
15.00 500.00 55.51 0.0 1.0
20.00 500.00 42.77 0.0 1.0
25.00 500.00 46.41 0.0 1.0
30.00 500.00 45.59 0.0 1.0
35.00 500.00 38.41 0.0 1.0
40.00 500.00 49.07 0.0 1.0
45.00 500.00 50.66 0.5 0.5
50.00 500.00 47.49 0.5 0.5
55.00 500.00 39.85 0.5 0.5
60.00 500.00 38.03 0.5 0.5
65.00 500.00 39.70 0.5 0.5
70.00 500.00 39.56 0.5 0.5
75.00 500.00 39.94 0.5 0.5
80.00 500.00 41.15 0.5 0.5
85.00 500.00 42.79 0.5 0.5
90.00 500.00 43.99 0.5 0.5
95.00 500.00 44.03 0.5 0.5
100.00 500.00 42.49 0.5 0.5
105.00 500.00 39.01 0.5 0.5
110.00 500.00 36.11 0.5 0.5
115.00 500.00 38.29 0.5 0.5
120.00 500.00 38.37 0.5 0.5
125.00 500.00 36.50 0.5 0.5
130.00 500.00 39.43 0.5 0.5
135.00 500.00 39.14 0.5 0.5
140.00 500.00 35.49 1.0 0.0
145.00 500.00 39.86 1.0 0.0
150.00 500.00 39.72 1.0 0.0
155.00 500.00 38.86 1.0 0.0
160.00 500.00 42.79 1.0 0.0
165.00 500.00 42.26 1.0 0.0
170.00 500.00 42.94 1.0 0.0
175.00 500.00 55.11 1.0 0.0
180.00 500.00 59.38 1.0 0.0
0.00 510.00 50.91 0.0 1.0
5.00 510.00 58.75 0.0 1.0
10.00 510.00 58.53 0.0 1.0
15.00 510.00 51.36 0.0 1.0
20.00 510.00 39.04 0.0 1.0
25.00 510.00 45.95 0.0 1.0
30.00 510.00 28.40 0.0 1.0
35.00 510.00 47.30 0.0 1.0
40.00 510.00 49.21 0.0 1.0
45.00 510.00 46.67 0.5 0.5
50.00 510.00 45.08 0.5 0.5
55.00 510.00 41.99 0.5 0.5
60.00 510.00 32.28 0.5 0.5
65.00 510.00 32.04 0.5 0.5
70.00 510.00 39.30 0.5 0.5
75.00 510.00 45.94 0.5 0.5
80.00 510.00 50.02 0.5 0.5
85.00 510.00 52.23 0.5 0.5
90.00 510.00 53.14 0.5 0.5
95.00 510.00 53.04 0.5 0.5
100.00 510.00 52.08 0.5 0.5
105.00 510.00 50.39 0.5 0.5
110.00 510.00 48.36 0.5 0.5
115.00 510.00 46.78 0.5 0.5
120.00 510.00 45.85 0.5 0.5
125.00 510.00 43.52 0.5 0.5
130.00 510.00 41.91 0.5 0.5
135.00 510.00 44.02 0.5 0.5
140.00 510.00 37.56 1.0 0.0
145.00 510.00 40.86 1.0 0.0
150.00 510.00 44.81 1.0 0.0
155.00 510.00 39.47 1.0 0.0
160.00 510.00 43.76 1.0 0.0
165.00 510.00 46.63 1.0 0.0
170.00 510.00 38.89 1.0 0.0
175.00 510.00 54.47 1.0 0.0
180.00 510.00 59.38 1.0 0.0
0.00 520.00 50.91 0.0 1.0
5.00 520.00 58.84 0.0 1.0
10.00 520.00 57.46 0.0 1.0
15.00 520.00 46.94 0.0 1.0
20.00 520.00 44.21 0.0 1.0
25.00 520.00 41.20 0.0 1.0
30.00 520.00 42.68 0.0 1.0
35.00 520.00 48.18 0.0 1.0
40.00 520.00 47.87 0.0 1.0
45.00 520.00 47.96 0.5 0.5
50.00 520.00 43.36 0.5 0.5
55.00 520.00 36.32 0.5 0.5
60.00 520.00 42.53 0.5 0.5
65.00 520.00 42.80 0.5 0.5
70.00 520.00 45.21 0.5 0.5
75.00 520.00 48.13 0.5 0.5
80.00 520.00 49.65 0.5 0.5
85.00 520.00 50.20 0.5 0.5
90.00 520.00 50.19 0.5 0.5
95.00 520.00 49.79 0.5 0.5
100.00 520.00 49.06 0.5 0.5
105.00 520.00 48.29 0.5 0.5
110.00 520.00 47.91 0.5 0.5
115.00 520.00 48.24 0.5 0.5
120.00 520.00 49.55 0.5 0.5
125.00 520.00 50.06 0.5 0.5
130.00 520.00 47.42 0.5 0.5
135.00 520.00 46.70 0.5 0.5
140.00 520.00 45.99 1.0 0.0
145.00 520.00 32.92 1.0 0.0
150.00 520.00 47.60 1.0 0.0
155.00 520.00 44.27 1.0 0.0
160.00 520.00 43.24 1.0 0.0
165.00 520.00 48.88 1.0 0.0
170.00 520.00 41.81 1.0 0.0
175.00 520.00 53.98 1.0 0.0
180.00 520.00 59.38 1.0 0.0
0.00 530.00 50.91 0.0 1.0
5.00 530.00 58.80 0.0 1.0
10.00 530.00 56.50 0.0 1.0
15.00 530.00 44.77 0.0 1.0
20.00 530.00 44.94 0.0 1.0
25.00 530.00 34.51 0.0 1.0
30.00 530.00 45.91 0.0 1.0
35.00 530.00 47.10 0.0 1.0
40.00 530.00 48.66 0.0 1.0
45.00 530.00 47.31 0.5 0.5
50.00 530.00 37.91 0.5 0.5
55.00 530.00 45.39 0.5 0.5
60.00 530.00 46.58 0.5 0.5
65.00 530.00 45.65 0.5 0.5
70.00 530.00 45.43 0.5 0.5
75.00 530.00 45.03 0.5 0.5
80.00 530.00 44.21 0.5 0.5
85.00 530.00 43.61 0.5 0.5
90.00 530.00 43.78 0.5 0.5
95.00 530.00 44.90 0.5 0.5
100.00 530.00 46.88 0.5 0.5
105.00 530.00 49.15 0.5 0.5
110.00 530.00 50.76 0.5 0.5
115.00 530.00 51.11 0.5 0.5
120.00 530.00 51.21 0.5 0.5
125.00 530.00 52.17 0.5 0.5
130.00 530.00 50.68 0.5 0.5
135.00 530.00 47.26 0.5 0.5
140.00 530.00 48.71 1.0 0.0
145.00 530.00 34.35 1.0 0.0
150.00 530.00 48.57 1.0 0.0
155.00 530.00 47.55 1.0 0.0
160.00 530.00 42.37 1.0 0.0
165.00 530.00 50.30 1.0 0.0
170.00 530.00 44.90 1.0 0.0
175.00 530.00 53.73 1.0 0.0
180.00 530.00 59.38 1.0 0.0
0.00 540.00 50.91 0.0 1.0
5.00 540.00 58.68 0.0 1.0
10.00 540.00 55.85 0.0 1.0
15.00 540.00 45.74 0.0 1.0
20.00 540.00 44.86 0.0 1.0
25.00 540.00 36.23 0.0 1.0
30.00 540.00 46.74 0.0 1.0
35.00 540.00 45.74 0.0 1.0
40.00 540.00 48.64 0.0 1.0
45.00 540.00 45.82 0.5 0.5
50.00 540.00 39.39 0.5 0.5
55.00 540.00 46.20 0.5 0.5
60.00 540.00 45.83 0.5 0.5
65.00 540.00 44.08 0.5 0.5
70.00 540.00 42.86 0.5 0.5
75.00 540.00 41.34 0.5 0.5
80.00 540.00 39.88 0.5 0.5
85.00 540.00 39.44 0.5 0.5
90.00 540.00 40.81 0.5 0.5
95.00 540.00 43.77 0.5 0.5
100.00 540.00 47.24 0.5 0.5
105.00 540.00 50.24 0.5 0.5
110.00 540.00 52.05 0.5 0.5
115.00 540.00 52.27 0.5 0.5
120.00 540.00 52.08 0.5 0.5
125.00 540.00 53.14 0.5 0.5
130.00 540.00 51.81 0.5 0.5
135.00 540.00 47.39 0.5 0.5
140.00 540.00 49.39 1.0 0.0
145.00 540.00 37.11 1.0 0.0
150.00 540.00 49.53 1.0 0.0
155.00 540.00 49.00 1.0 0.0
160.00 540.00 42.55 1.0 0.0
165.00 540.00 51.43 1.0 0.0
170.00 540.00 46.64 1.0 0.0
175.00 540.00 53.80 1.0 0.0
180.00 540.00 59.38 1.0 0.0
0.00 550.00 50.91 0.0 1.0
5.00 550.00 58.50 0.0 1.0
10.00 550.00 55.58 0.0 1.0
15.00 550.00 47.48 0.0 1.0
20.00 550.00 45.58 0.0 1.0
25.00 550.00 36.85 0.0 1.0
30.00 550.00 47.26 0.0 1.0
35.00 550.00 44.10 0.0 1.0
40.00 550.00 47.19 0.0 1.0
45.00 550.00 45.37 0.5 0.5
50.00 550.00 34.68 0.5 0.5
55.00 550.00 42.98 0.5 0.5
60.00 550.00 42.51 0.5 0.5
65.00 550.00 42.96 0.5 0.5
70.00 550.00 44.22 0.5 0.5
75.00 550.00 44.25 0.5 0.5
80.00 550.00 43.90 0.5 0.5
85.00 550.00 43.94 0.5 0.5
90.00 550.00 44.77 0.5 0.5
95.00 550.00 46.54 0.5 0.5
100.00 550.00 48.82 0.5 0.5
105.00 550.00 50.73 0.5 0.5
110.00 550.00 51.47 0.5 0.5
115.00 550.00 51.09 0.5 0.5
120.00 550.00 52.01 0.5 0.5
125.00 550.00 53.35 0.5 0.5
130.00 550.00 50.80 0.5 0.5
135.00 550.00 47.49 0.5 0.5
140.00 550.00 48.96 1.0 0.0
145.00 550.00 34.47 1.0 0.0
150.00 550.00 51.02 1.0 0.0
155.00 550.00 48.85 1.0 0.0
160.00 550.00 44.69 1.0 0.0
165.00 550.00 52.49 1.0 0.0
170.00 550.00 47.38 1.0 0.0
175.00 550.00 54.20 1.0 0.0
180.00 550.00 59.38 1.0 0.0
0.00 560.00 50.91 0.0 1.0
5.00 560.00 58.28 0.0 1.0
10.00 560.00 55.66 0.0 1.0
15.00 560.00 49.05 0.0 1.0
20.00 560.00 47.50 0.0 1.0
25.00 560.00 33.53 0.0 1.0
30.00 560.00 47.42 0.0 1.0
35.00 560.00 45.13 0.0 1.0
40.00 560.00 42.67 0.0 1.0
45.00 560.00 44.62 0.5 0.5
50.00 560.00 34.37 0.5 0.5
55.00 560.00 37.17 0.5 0.5
60.00 560.00 41.98 0.5 0.5
65.00 560.00 46.47 0.5 0.5
70.00 560.00 48.88 0.5 0.5
75.00 560.00 49.14 0.5 0.5
80.00 560.00 48.07 0.5 0.5
85.00 560.00 46.49 0.5 0.5
90.00 560.00 45.52 0.5 0.5
95.00 560.00 46.09 0.5 0.5
100.00 560.00 47.34 0.5 0.5
105.00 560.00 47.89 0.5 0.5
110.00 560.00 47.85 0.5 0.5
115.00 560.00 49.84 0.5 0.5
120.00 560.00 52.36 0.5 0.5
125.00 560.00 51.75 0.5 0.5
130.00 560.00 47.22 0.5 0.5
135.00 560.00 48.61 0.5 0.5
140.00 560.00 44.92 1.0 0.0
145.00 560.00 45.96 1.0 0.0
150.00 560.00 52.04 1.0 0.0
155.00 560.00 46.08 1.0 0.0
160.00 560.00 48.42 1.0 0.0
165.00 560.00 53.39 1.0 0.0
170.00 560.00 47.38 1.0 0.0
175.00 560.00 54.89 1.0 0.0
180.00 560.00 59.38 1.0 0.0
0.00 570.00 50.91 0.0 1.0
5.00 570.00 57.99 0.0 1.0
10.00 570.00 55.98 0.0 1.0
15.00 570.00 50.31 0.0 1.0
20.00 570.00 49.73 0.0 1.0
25.00 570.00 41.81 0.0 1.0
30.00 570.00 45.41 0.0 1.0
35.00 570.00 47.77 0.0 1.0
40.00 570.00 41.07 0.0 1.0
45.00 570.00 38.98 0.5 0.5
50.00 570.00 37.46 0.5 0.5
55.00 570.00 36.28 0.5 0.5
60.00 570.00 40.83 0.5 0.5
65.00 570.00 45.53 0.5 0.5
70.00 570.00 49.37 0.5 0.5
75.00 570.00 50.96 0.5 0.5
80.00 570.00 50.72 0.5 0.5
85.00 570.00 49.14 0.5 0.5
90.00 570.00 46.75 0.5 0.5
95.00 570.00 44.56 0.5 0.5
100.00 570.00 43.95 0.5 0.5
105.00 570.00 45.94 0.5 0.5
110.00 570.00 49.13 0.5 0.5
115.00 570.00 50.96 0.5 0.5
120.00 570.00 50.05 0.5 0.5
125.00 570.00 46.67 0.5 0.5
130.00 570.00 47.41 0.5 0.5
135.00 570.00 45.44 0.5 0.5
140.00 570.00 41.92 1.0 0.0
145.00 570.00 51.26 1.0 0.0
150.00 570.00 50.61 1.0 0.0
155.00 570.00 39.57 1.0 0.0
160.00 570.00 52.08 1.0 0.0
165.00 570.00 53.81 1.0 0.0
170.00 570.00 47.31 1.0 0.0
175.00 570.00 55.80 1.0 0.0
180.00 570.00 59.38 1.0 0.0
0.00 580.00 50.91 0.0 1.0
5.00 580.00 57.59 0.0 1.0
10.00 580.00 56.41 0.0 1.0
15.00 580.00 51.33 0.0 1.0
20.00 580.00 51.20 0.0 1.0
25.00 580.00 48.77 0.0 1.0
30.00 580.00 42.15 0.0 1.0
35.00 580.00 46.93 0.0 1.0
40.00 580.00 46.53 0.0 1.0
45.00 580.00 40.63 0.5 0.5
50.00 580.00 35.85 0.5 0.5
55.00 580.00 39.48 0.5 0.5
60.00 580.00 43.78 0.5 0.5
65.00 580.00 44.42 0.5 0.5
70.00 580.00 41.41 0.5 0.5
75.00 580.00 39.20 0.5 0.5
80.00 580.00 42.70 0.5 0.5
85.00 580.00 44.88 0.5 0.5
90.00 580.00 45.85 0.5 0.5
95.00 580.00 46.80 0.5 0.5
100.00 580.00 48.07 0.5 0.5
105.00 580.00 48.93 0.5 0.5
110.00 580.00 48.56 0.5 0.5
115.00 580.00 46.84 0.5 0.5
120.00 580.00 45.88 0.5 0.5
125.00 580.00 45.81 0.5 0.5
130.00 580.00 41.79 0.5 0.5
135.00 580.00 44.85 0.5 0.5
140.00 580.00 50.48 1.0 0.0
145.00 580.00 50.28 1.0 0.0
150.00 580.00 41.70 1.0 0.0
155.00 580.00 49.26 1.0 0.0
160.00 580.00 54.54 1.0 0.0
165.00 580.00 53.24 1.0 0.0
170.00 580.00 48.92 1.0 0.0
175.00 580.00 56.81 1.0 0.0
180.00 580.00 59.38 1.0 0.0
0.00 590.00 50.91 0.0 1.0
5.00 590.00 57.01 0.0 1.0
10.00 590.00 56.78 0.0 1.0
15.00 590.00 52.46 0.0 1.0
20.00 590.00 51.13 0.0 1.0
25.00 590.00 51.76 0.0 1.0
30.00 590.00 48.94 0.0 1.0
35.00 590.00 45.58 0.0 1.0
40.00 590.00 46.24 0.0 1.0
45.00 590.00 44.57 0.5 0.5
50.00 590.00 39.04 0.5 0.5
55.00 590.00 34.87 0.5 0.5
60.00 590.00 32.89 0.5 0.5
65.00 590.00 40.20 0.5 0.5
70.00 590.00 45.49 0.5 0.5
75.00 590.00 47.65 0.5 0.5
80.00 590.00 47.97 0.5 0.5
85.00 590.00 47.20 0.5 0.5
90.00 590.00 45.87 0.5 0.5
95.00 590.00 44.28 0.5 0.5
100.00 590.00 42.70 0.5 0.5
105.00 590.00 42.06 0.5 0.5
110.00 590.00 42.63 0.5 0.5
115.00 590.00 42.48 0.5 0.5
120.00 590.00 40.47 0.5 0.5
125.00 590.00 41.87 0.5 0.5
130.00 590.00 46.27 0.5 0.5
135.00 590.00 47.86 0.5 0.5
140.00 590.00 45.53 1.0 0.0
145.00 590.00 39.19 1.0 0.0
150.00 590.00 49.65 1.0 0.0
155.00 590.00 54.52 1.0 0.0
160.00 590.00 55.10 1.0 0.0
165.00 590.00 51.48 1.0 0.0
170.00 590.00 52.43 1.0 0.0
175.00 590.00 57.84 1.0 0.0
180.00 590.00 59.38 1.0 0.0
0.00 600.00 50.91 0.0 1.0
5.00 600.00 56.16 0.0 1.0
10.00 600.00 56.88 0.0 1.0
15.00 600.00 53.96 0.0 1.0
20.00 600.00 49.87 0.0 1.0
25.00 600.00 50.87 0.0 1.0
30.00 600.00 51.32 0.0 1.0
35.00 600.00 49.58 0.0 1.0
40.00 600.00 48.10 0.0 1.0
45.00 600.00 48.04 0.5 0.5
50.00 600.00 46.55 0.5 0.5
55.00 600.00 41.90 0.5 0.5
60.00 600.00 41.89 0.5 0.5
65.00 600.00 47.18 0.5 0.5
70.00 600.00 49.83 0.5 0.5
75.00 600.00 50.87 0.5 0.5
80.00 600.00 51.07 0.5 0.5
85.00 600.00 50.88 0.5 0.5
90.00 600.00 50.52 0.5 0.5
95.00 600.00 49.99 0.5 0.5
100.00 600.00 49.13 0.5 0.5
105.00 600.00 47.68 0.5 0.5
110.00 600.00 45.35 0.5 0.5
115.00 600.00 41.91 0.5 0.5
120.00 600.00 38.06 0.5 0.5
125.00 600.00 36.62 0.5 0.5
130.00 600.00 36.91 0.5 0.5
135.00 600.00 41.59 0.5 0.5
140.00 600.00 48.29 1.0 0.0
145.00 600.00 52.91 1.0 0.0
150.00 600.00 55.32 1.0 0.0
155.00 600.00 55.55 1.0 0.0
160.00 600.00 53.50 1.0 0.0
165.00 600.00 52.14 1.0 0.0
170.00 600.00 55.96 1.0 0.0
175.00 600.00 58.79 1.0 0.0
180.00 600.00 59.38 1.0 0.0
0.00 610.00 50.91 0.0 1.0
5.00 610.00 54.93 0.0 1.0
10.00 610.00 56.41 0.0 1.0
15.00 610.00 55.28 0.0 1.0
20.00 610.00 51.61 0.0 1.0
25.00 610.00 46.46 0.0 1.0
30.00 610.00 46.58 0.0 1.0
35.00 610.00 47.40 0.0 1.0
40.00 610.00 46.27 0.0 1.0
45.00 610.00 47.64 0.5 0.5
50.00 610.00 51.25 0.5 0.5
55.00 610.00 53.64 0.5 0.5
60.00 610.00 54.63 0.5 0.5
65.00 610.00 54.52 0.5 0.5
70.00 610.00 53.57 0.5 0.5
75.00 610.00 52.02 0.5 0.5
80.00 610.00 50.14 0.5 0.5
85.00 610.00 48.39 0.5 0.5
90.00 610.00 47.29 0.5 0.5
95.00 610.00 47.19 0.5 0.5
100.00 610.00 47.91 0.5 0.5
105.00 610.00 49.05 0.5 0.5
110.00 610.00 50.23 0.5 0.5
115.00 610.00 51.31 0.5 0.5
120.00 610.00 52.33 0.5 0.5
125.00 610.00 53.41 0.5 0.5
130.00 610.00 54.60 0.5 0.5
135.00 610.00 55.70 0.5 0.5
140.00 610.00 56.42 1.0 0.0
145.00 610.00 56.49 1.0 0.0
150.00 610.00 55.83 1.0 0.0
155.00 610.00 54.86 1.0 0.0
160.00 610.00 55.07 1.0 0.0
165.00 610.00 56.88 1.0 0.0
170.00 610.00 58.69 1.0 0.0
175.00 610.00 59.59 1.0 0.0
180.00 610.00 59.38 1.0 0.0
0.00 620.00 50.91 0.0 1.0
5.00 620.00 53.15 0.0 1.0
10.00 620.00 54.91 0.0 1.0
15.00 620.00 55.32 0.0 1.0
20.00 620.00 54.35 0.0 1.0
25.00 620.00 51.94 0.0 1.0
30.00 620.00 48.20 0.0 1.0
35.00 620.00 45.67 0.0 1.0
40.00 620.00 46.69 0.0 1.0
45.00 620.00 47.25 0.5 0.5
50.00 620.00 45.78 0.5 0.5
55.00 620.00 42.50 0.5 0.5
60.00 620.00 43.69 0.5 0.5
65.00 620.00 48.64 0.5 0.5
70.00 620.00 52.24 0.5 0.5
75.00 620.00 54.74 0.5 0.5
80.00 620.00 56.57 0.5 0.5
85.00 620.00 57.97 0.5 0.5
90.00 620.00 59.04 0.5 0.5
95.00 620.00 59.80 0.5 0.5
100.00 620.00 60.28 0.5 0.5
105.00 620.00 60.52 0.5 0.5
110.00 620.00 60.53 0.5 0.5
115.00 620.00 60.37 0.5 0.5
120.00 620.00 60.08 0.5 0.5
125.00 620.00 59.71 0.5 0.5
130.00 620.00 59.31 0.5 0.5
135.00 620.00 58.96 0.5 0.5
140.00 620.00 58.76 1.0 0.0
145.00 620.00 58.79 1.0 0.0
150.00 620.00 59.08 1.0 0.0
155.00 620.00 59.55 1.0 0.0
160.00 620.00 60.06 1.0 0.0
165.00 620.00 60.43 1.0 0.0
170.00 620.00 60.52 1.0 0.0
175.00 620.00 60.20 1.0 0.0
180.00 620.00 59.38 1.0 0.0
0.00 630.00 50.91 0.0 1.0
5.00 630.00 50.65 0.0 1.0
10.00 630.00 51.60 0.0 1.0
15.00 630.00 52.76 0.0 1.0
20.00 630.00 53.47 0.0 1.0
25.00 630.00 53.49 0.0 1.0
30.00 630.00 52.75 0.0 1.0
35.00 630.00 51.31 0.0 1.0
40.00 630.00 49.73 0.0 1.0
45.00 630.00 49.61 0.5 0.5
50.00 630.00 51.33 0.5 0.5
55.00 630.00 53.35 0.5 0.5
60.00 630.00 54.94 0.5 0.5
65.00 630.00 56.13 0.5 0.5
70.00 630.00 57.08 0.5 0.5
75.00 630.00 57.93 0.5 0.5
80.00 630.00 58.69 0.5 0.5
85.00 630.00 59.34 0.5 0.5
90.00 630.00 59.82 0.5 0.5
95.00 630.00 60.11 0.5 0.5
100.00 630.00 60.25 0.5 0.5
105.00 630.00 60.32 0.5 0.5
110.00 630.00 60.41 0.5 0.5
115.00 630.00 60.62 0.5 0.5
120.00 630.00 60.95 0.5 0.5
125.00 630.00 61.37 0.5 0.5
130.00 630.00 61.82 0.5 0.5
135.00 630.00 62.23 0.5 0.5
140.00 630.00 62.56 1.0 0.0
145.00 630.00 62.77 1.0 0.0
150.00 630.00 62.86 1.0 0.0
155.00 630.00 62.79 1.0 0.0
160.00 630.00 62.56 1.0 0.0
165.00 630.00 62.15 1.0 0.0
170.00 630.00 61.50 1.0 0.0
175.00 630.00 60.60 1.0 0.0
180.00 630.00 59.38 1.0 0.0
0.00 640.00 50.91 0.0 1.0
5.00 640.00 47.56 0.0 1.0
10.00 640.00 45.23 0.0 1.0
15.00 640.00 45.17 0.0 1.0
20.00 640.00 46.36 0.0 1.0
25.00 640.00 47.52 0.0 1.0
30.00 640.00 48.22 0.0 1.0
35.00 640.00 48.41 0.0 1.0
40.00 640.00 48.23 0.0 1.0
45.00 640.00 47.96 0.5 0.5
50.00 640.00 47.93 0.5 0.5
55.00 640.00 48.18 0.5 0.5
60.00 640.00 48.52 0.5 0.5
65.00 640.00 48.74 0.5 0.5
70.00 640.00 48.77 0.5 0.5
75.00 640.00 48.60 0.5 0.5
80.00 640.00 48.15 0.5 0.5
85.00 640.00 47.38 0.5 0.5
90.00 640.00 46.52 0.5 0.5
95.00 640.00 46.76 0.5 0.5
100.00 640.00 49.10 0.5 0.5
105.00 640.00 52.27 0.5 0.5
110.00 640.00 55.13 0.5 0.5
115.00 640.00 57.46 0.5 0.5
120.00 640.00 59.27 0.5 0.5
125.00 640.00 60.63 0.5 0.5
130.00 640.00 61.62 0.5 0.5
135.00 640.00 62.29 0.5 0.5
140.00 640.00 62.71 1.0 0.0
145.00 640.00 62.93 1.0 0.0
150.00 640.00 63.01 1.0 0.0
155.00 640.00 62.97 1.0 0.0
160.00 640.00 62.78 1.0 0.0
165.00 640.00 62.41 1.0 0.0
170.00 640.00 61.78 1.0 0.0
175.00 640.00 60.79 1.0 0.0
180.00 640.00 59.38 1.0 0.0
0.00 650.00 50.91 0.0 1.0
5.00 650.00 46.10 0.0 1.0
10.00 650.00 46.60 0.0 1.0
15.00 650.00 48.35 0.0 1.0
20.00 650.00 49.50 0.0 1.0
25.00 650.00 49.93 0.0 1.0
30.00 650.00 49.11 0.0 1.0
35.00 650.00 46.54 0.0 1.0
40.00 650.00 42.16 0.0 1.0
45.00 650.00 39.55 0.5 0.5
50.00 650.00 41.17 0.5 0.5
55.00 650.00 41.81 0.5 0.5
60.00 650.00 40.89 0.5 0.5
65.00 650.00 38.91 0.5 0.5
70.00 650.00 36.22 0.5 0.5
75.00 650.00 33.23 0.5 0.5
80.00 650.00 33.67 0.5 0.5
85.00 650.00 37.98 0.5 0.5
90.00 650.00 41.91 0.5 0.5
95.00 650.00 45.07 0.5 0.5
100.00 650.00 47.66 0.5 0.5
105.00 650.00 49.69 0.5 0.5
110.00 650.00 51.02 0.5 0.5
115.00 650.00 51.42 0.5 0.5
120.00 650.00 50.48 0.5 0.5
125.00 650.00 47.33 0.5 0.5
130.00 650.00 42.13 0.5 0.5
135.00 650.00 48.89 0.5 0.5
140.00 650.00 54.65 1.0 0.0
145.00 650.00 58.02 1.0 0.0
150.00 650.00 60.01 1.0 0.0
155.00 650.00 61.10 1.0 0.0
160.00 650.00 61.60 1.0 0.0
165.00 650.00 61.72 1.0 0.0
170.00 650.00 61.50 1.0 0.0
175.00 650.00 60.80 1.0 0.0
180.00 650.00 59.38 1.0 0.0
0.00 660.00 50.91 0.0 1.0
5.00 660.00 48.29 0.0 1.0
10.00 660.00 52.10 0.0 1.0
15.00 660.00 53.34 0.0 1.0
20.00 660.00 53.16 0.0 1.0
25.00 660.00 51.73 0.0 1.0
30.00 660.00 48.41 0.0 1.0
35.00 660.00 43.08 0.0 1.0
40.00 660.00 38.84 0.0 1.0
45.00 660.00 37.73 0.5 0.5
50.00 660.00 39.86 0.5 0.5
55.00 660.00 43.25 0.5 0.5
60.00 660.00 45.24 0.5 0.5
65.00 660.00 46.24 0.5 0.5
70.00 660.00 47.11 0.5 0.5
75.00 660.00 48.26 0.5 0.5
80.00 660.00 49.57 0.5 0.5
85.00 660.00 50.86 0.5 0.5
90.00 660.00 52.03 0.5 0.5
95.00 660.00 53.01 0.5 0.5
100.00 660.00 53.65 0.5 0.5
105.00 660.00 53.78 0.5 0.5
110.00 660.00 53.15 0.5 0.5
115.00 660.00 51.66 0.5 0.5
120.00 660.00 50.02 0.5 0.5
125.00 660.00 50.46 0.5 0.5
130.00 660.00 52.08 0.5 0.5
135.00 660.00 52.26 0.5 0.5
140.00 660.00 49.32 1.0 0.0
145.00 660.00 42.56 1.0 0.0
150.00 660.00 51.82 1.0 0.0
155.00 660.00 57.10 1.0 0.0
160.00 660.00 59.53 1.0 0.0
165.00 660.00 60.55 1.0 0.0
170.00 660.00 60.88 1.0 0.0
175.00 660.00 60.65 1.0 0.0
180.00 660.00 59.38 1.0 0.0
0.00 670.00 50.91 0.0 1.0
5.00 670.00 51.04 0.0 1.0
10.00 670.00 54.73 0.0 1.0
15.00 670.00 54.45 0.0 1.0
20.00 670.00 52.70 0.0 1.0
25.00 670.00 49.54 0.0 1.0
30.00 670.00 43.96 0.0 1.0
35.00 670.00 41.52 0.0 1.0
40.00 670.00 42.05 0.0 1.0
45.00 670.00 40.79 0.5 0.5
50.00 670.00 38.76 0.5 0.5
55.00 670.00 36.50 0.5 0.5
60.00 670.00 33.13 0.5 0.5
65.00 670.00 32.30 0.5 0.5
70.00 670.00 39.94 0.5 0.5
75.00 670.00 44.80 0.5 0.5
80.00 670.00 47.46 0.5 0.5
85.00 670.00 48.68 0.5 0.5
90.00 670.00 48.83 0.5 0.5
95.00 670.00 47.99 0.5 0.5
100.00 670.00 45.87 0.5 0.5
105.00 670.00 41.29 0.5 0.5
110.00 670.00 34.92 0.5 0.5
115.00 670.00 43.12 0.5 0.5
120.00 670.00 47.19 0.5 0.5
125.00 670.00 47.82 0.5 0.5
130.00 670.00 46.90 0.5 0.5
135.00 670.00 49.69 0.5 0.5
140.00 670.00 52.83 1.0 0.0
145.00 670.00 52.69 1.0 0.0
150.00 670.00 46.88 1.0 0.0
155.00 670.00 48.92 1.0 0.0
160.00 670.00 56.35 1.0 0.0
165.00 670.00 59.12 1.0 0.0
170.00 670.00 60.11 1.0 0.0
175.00 670.00 60.40 1.0 0.0
180.00 670.00 59.38 1.0 0.0
0.00 680.00 50.91 0.0 1.0
5.00 680.00 53.10 0.0 1.0
10.00 680.00 55.81 0.0 1.0
15.00 680.00 53.87 0.0 1.0
20.00 680.00 51.91 0.0 1.0
25.00 680.00 48.05 0.0 1.0
30.00 680.00 44.72 0.0 1.0
35.00 680.00 46.60 0.0 1.0
40.00 680.00 44.40 0.0 1.0
45.00 680.00 37.22 0.5 0.5
50.00 680.00 34.96 0.5 0.5
55.00 680.00 38.51 0.5 0.5
60.00 680.00 42.62 0.5 0.5
65.00 680.00 46.23 0.5 0.5
70.00 680.00 48.14 0.5 0.5
75.00 680.00 48.79 0.5 0.5
80.00 680.00 48.65 0.5 0.5
85.00 680.00 47.98 0.5 0.5
90.00 680.00 46.87 0.5 0.5
95.00 680.00 45.49 0.5 0.5
100.00 680.00 44.14 0.5 0.5
105.00 680.00 42.91 0.5 0.5
110.00 680.00 41.25 0.5 0.5
115.00 680.00 38.06 0.5 0.5
120.00 680.00 35.94 0.5 0.5
125.00 680.00 42.34 0.5 0.5
130.00 680.00 45.39 0.5 0.5
135.00 680.00 43.79 0.5 0.5
140.00 680.00 47.15 1.0 0.0
145.00 680.00 52.68 1.0 0.0
150.00 680.00 53.07 1.0 0.0
155.00 680.00 46.28 1.0 0.0
160.00 680.00 51.62 1.0 0.0
165.00 680.00 57.46 1.0 0.0
170.00 680.00 59.31 1.0 0.0
175.00 680.00 60.08 1.0 0.0
180.00 680.00 59.38 1.0 0.0
0.00 690.00 50.91 0.0 1.0
5.00 690.00 54.52 0.0 1.0
10.00 690.00 56.04 0.0 1.0
15.00 690.00 53.15 0.0 1.0
20.00 690.00 52.05 0.0 1.0
25.00 690.00 46.38 0.0 1.0
30.00 690.00 48.53 0.0 1.0
35.00 690.00 47.59 0.0 1.0
40.00 690.00 34.92 0.0 1.0
45.00 690.00 43.86 0.5 0.5
50.00 690.00 46.14 0.5 0.5
55.00 690.00 43.84 0.5 0.5
60.00 690.00 41.12 0.5 0.5
65.00 690.00 43.09 0.5 0.5
70.00 690.00 47.48 0.5 0.5
75.00 690.00 50.40 0.5 0.5
80.00 690.00 51.63 0.5 0.5
85.00 690.00 51.54 0.5 0.5
90.00 690.00 50.38 0.5 0.5
95.00 690.00 48.24 0.5 0.5
100.00 690.00 45.10 0.5 0.5
105.00 690.00 41.66 0.5 0.5
110.00 690.00 40.54 0.5 0.5
115.00 690.00 40.64 0.5 0.5
120.00 690.00 39.79 0.5 0.5
125.00 690.00 41.75 0.5 0.5
130.00 690.00 45.42 0.5 0.5
135.00 690.00 46.55 0.5 0.5
140.00 690.00 41.83 1.0 0.0
145.00 690.00 47.49 1.0 0.0
150.00 690.00 53.16 1.0 0.0
155.00 690.00 51.40 1.0 0.0
160.00 690.00 46.51 1.0 0.0
165.00 690.00 55.63 1.0 0.0
170.00 690.00 58.55 1.0 0.0
175.00 690.00 59.73 1.0 0.0
180.00 690.00 59.38 1.0 0.0
0.00 700.00 50.91 0.0 1.0
5.00 700.00 55.50 0.0 1.0
10.00 700.00 55.90 0.0 1.0
15.00 700.00 53.16 0.0 1.0
20.00 700.00 52.02 0.0 1.0
25.00 700.00 46.40 0.0 1.0
30.00 700.00 50.23 0.0 1.0
35.00 700.00 42.66 0.0 1.0
40.00 700.00 45.70 0.0 1.0
45.00 700.00 49.93 0.5 0.5
50.00 700.00 47.17 0.5 0.5
55.00 700.00 43.61 0.5 0.5
60.00 700.00 44.55 0.5 0.5
65.00 700.00 46.11 0.5 0.5
70.00 700.00 48.46 0.5 0.5
75.00 700.00 49.73 0.5 0.5
80.00 700.00 49.57 0.5 0.5
85.00 700.00 48.63 0.5 0.5
90.00 700.00 47.96 0.5 0.5
95.00 700.00 48.23 0.5 0.5
100.00 700.00 49.09 0.5 0.5
105.00 700.00 49.85 0.5 0.5
110.00 700.00 50.08 0.5 0.5
115.00 700.00 49.47 0.5 0.5
120.00 700.00 47.81 0.5 0.5
125.00 700.00 45.48 0.5 0.5
130.00 700.00 45.90 0.5 0.5
135.00 700.00 47.81 0.5 0.5
140.00 700.00 46.19 1.0 0.0
145.00 700.00 37.20 1.0 0.0
150.00 700.00 50.80 1.0 0.0
155.00 700.00 52.56 1.0 0.0
160.00 700.00 46.16 1.0 0.0
165.00 700.00 53.93 1.0 0.0
170.00 700.00 57.85 1.0 0.0
175.00 700.00 59.38 1.0 0.0
180.00 700.00 59.38 1.0 0.0
0.00 710.00 50.91 0.0 1.0
5.00 710.00 56.17 0.0 1.0
10.00 710.00 55.72 0.0 1.0
15.00 710.00 53.59 0.0 1.0
20.00 710.00 51.84 0.0 1.0
25.00 710.00 47.68 0.0 1.0
30.00 710.00 50.16 0.0 1.0
35.00 710.00 37.82 0.0 1.0
40.00 710.00 50.41 0.0 1.0
45.00 710.00 50.71 0.5 0.5
50.00 710.00 45.89 0.5 0.5
55.00 710.00 47.90 0.5 0.5
60.00 710.00 48.15 0.5 0.5
65.00 710.00 44.94 0.5 0.5
70.00 710.00 43.76 0.5 0.5
75.00 710.00 44.82 0.5 0.5
80.00 710.00 44.43 0.5 0.5
85.00 710.00 43.70 0.5 0.5
90.00 710.00 44.99 0.5 0.5
95.00 710.00 47.67 0.5 0.5
100.00 710.00 50.19 0.5 0.5
105.00 710.00 52.09 0.5 0.5
110.00 710.00 53.17 0.5 0.5
115.00 710.00 53.19 0.5 0.5
120.00 710.00 51.86 0.5 0.5
125.00 710.00 49.12 0.5 0.5
130.00 710.00 46.81 0.5 0.5
135.00 710.00 47.89 0.5 0.5
140.00 710.00 47.38 1.0 0.0
145.00 710.00 36.52 1.0 0.0
150.00 710.00 47.64 1.0 0.0
155.00 710.00 52.09 1.0 0.0
160.00 710.00 47.43 1.0 0.0
165.00 710.00 52.76 1.0 0.0
170.00 710.00 57.24 1.0 0.0
175.00 710.00 59.06 1.0 0.0
180.00 710.00 59.38 1.0 0.0
0.00 720.00 50.91 0.0 1.0
5.00 720.00 56.60 0.0 1.0
10.00 720.00 55.73 0.0 1.0
15.00 720.00 53.94 0.0 1.0
20.00 720.00 52.19 0.0 1.0
25.00 720.00 47.84 0.0 1.0
30.00 720.00 49.97 0.0 1.0
35.00 720.00 41.44 0.0 1.0
40.00 720.00 51.58 0.0 1.0
45.00 720.00 50.64 0.5 0.5
50.00 720.00 45.70 0.5 0.5
55.00 720.00 50.07 0.5 0.5
60.00 720.00 50.32 0.5 0.5
65.00 720.00 45.82 0.5 0.5
70.00 720.00 37.11 0.5 0.5
75.00 720.00 39.55 0.5 0.5
80.00 720.00 40.90 0.5 0.5
85.00 720.00 39.84 0.5 0.5
90.00 720.00 41.15 0.5 0.5
95.00 720.00 45.25 0.5 0.5
100.00 720.00 48.90 0.5 0.5
105.00 720.00 51.51 0.5 0.5
110.00 720.00 53.03 0.5 0.5
115.00 720.00 53.32 0.5 0.5
120.00 720.00 52.17 0.5 0.5
125.00 720.00 49.61 0.5 0.5
130.00 720.00 47.07 0.5 0.5
135.00 720.00 47.24 0.5 0.5
140.00 720.00 46.63 1.0 0.0
145.00 720.00 36.89 1.0 0.0
150.00 720.00 45.54 1.0 0.0
155.00 720.00 50.95 1.0 0.0
160.00 720.00 47.66 1.0 0.0
165.00 720.00 52.33 1.0 0.0
170.00 720.00 56.76 1.0 0.0
175.00 720.00 58.77 1.0 0.0
180.00 720.00 59.38 1.0 0.0
