# FGCom-mumble Far-Field Radiation Pattern
# Frequency: 432.0 MHz
# Altitude: 0 m
# Format: Theta Phi Gain_dBi H_Polarization V_Polarization
# Theta: Elevation angle (0-180 degrees)
# Phi: Azimuth angle (0-360 degrees)
# Gain: Antenna gain in dBi
# H_Polarization: Horizontal polarization component
# V_Polarization: Vertical polarization component
0.00 0.00 53.41 0.0 1.0
5.00 0.00 51.73 0.0 1.0
10.00 0.00 53.92 0.0 1.0
15.00 0.00 57.06 0.0 1.0
20.00 0.00 55.26 0.0 1.0
25.00 0.00 50.52 0.0 1.0
30.00 0.00 54.93 0.0 1.0
35.00 0.00 53.81 0.0 1.0
40.00 0.00 51.20 0.0 1.0
45.00 0.00 56.14 0.5 0.5
50.00 0.00 57.12 0.5 0.5
55.00 0.00 53.91 0.5 0.5
60.00 0.00 45.80 0.5 0.5
65.00 0.00 47.26 0.5 0.5
70.00 0.00 50.49 0.5 0.5
75.00 0.00 50.18 0.5 0.5
80.00 0.00 48.25 0.5 0.5
85.00 0.00 46.85 0.5 0.5
90.00 0.00 47.12 0.5 0.5
95.00 0.00 47.47 0.5 0.5
100.00 0.00 47.02 0.5 0.5
105.00 0.00 45.80 0.5 0.5
110.00 0.00 43.78 0.5 0.5
115.00 0.00 43.60 0.5 0.5
120.00 0.00 50.20 0.5 0.5
125.00 0.00 55.26 0.5 0.5
130.00 0.00 57.23 0.5 0.5
135.00 0.00 55.67 0.5 0.5
140.00 0.00 51.52 1.0 0.0
145.00 0.00 55.12 1.0 0.0
150.00 0.00 55.58 1.0 0.0
155.00 0.00 51.91 1.0 0.0
160.00 0.00 56.60 1.0 0.0
165.00 0.00 57.33 1.0 0.0
170.00 0.00 53.04 1.0 0.0
175.00 0.00 52.03 1.0 0.0
180.00 0.00 52.45 1.0 0.0
0.00 10.00 53.41 0.0 1.0
5.00 10.00 51.93 0.0 1.0
10.00 10.00 54.29 0.0 1.0
15.00 10.00 57.66 0.0 1.0
20.00 10.00 56.48 0.0 1.0
25.00 10.00 52.44 0.0 1.0
30.00 10.00 56.16 0.0 1.0
35.00 10.00 55.88 0.0 1.0
40.00 10.00 53.53 0.0 1.0
45.00 10.00 57.64 0.5 0.5
50.00 10.00 59.28 0.5 0.5
55.00 10.00 57.34 0.5 0.5
60.00 10.00 51.17 0.5 0.5
65.00 10.00 41.81 0.5 0.5
70.00 10.00 49.29 0.5 0.5
75.00 10.00 51.17 0.5 0.5
80.00 10.00 50.56 0.5 0.5
85.00 10.00 49.65 0.5 0.5
90.00 10.00 50.20 0.5 0.5
95.00 10.00 51.50 0.5 0.5
100.00 10.00 52.45 0.5 0.5
105.00 10.00 52.87 0.5 0.5
110.00 10.00 52.79 0.5 0.5
115.00 10.00 52.10 0.5 0.5
120.00 10.00 51.19 0.5 0.5
125.00 10.00 52.08 0.5 0.5
130.00 10.00 53.30 0.5 0.5
135.00 10.00 51.22 0.5 0.5
140.00 10.00 47.26 1.0 0.0
145.00 10.00 53.38 1.0 0.0
150.00 10.00 53.66 1.0 0.0
155.00 10.00 49.91 1.0 0.0
160.00 10.00 55.85 1.0 0.0
165.00 10.00 56.59 1.0 0.0
170.00 10.00 52.39 1.0 0.0
175.00 10.00 51.93 1.0 0.0
180.00 10.00 52.45 1.0 0.0
0.00 20.00 53.41 0.0 1.0
5.00 20.00 52.14 0.0 1.0
10.00 20.00 54.32 0.0 1.0
15.00 20.00 57.96 0.0 1.0
20.00 20.00 57.80 0.0 1.0
25.00 20.00 54.06 0.0 1.0
30.00 20.00 56.28 0.0 1.0
35.00 20.00 57.52 0.0 1.0
40.00 20.00 54.90 0.0 1.0
45.00 20.00 56.22 0.5 0.5
50.00 20.00 59.08 0.5 0.5
55.00 20.00 58.90 0.5 0.5
60.00 20.00 55.86 0.5 0.5
65.00 20.00 51.49 0.5 0.5
70.00 20.00 52.86 0.5 0.5
75.00 20.00 55.60 0.5 0.5
80.00 20.00 56.90 0.5 0.5
85.00 20.00 57.48 0.5 0.5
90.00 20.00 57.95 0.5 0.5
95.00 20.00 58.46 0.5 0.5
100.00 20.00 58.83 0.5 0.5
105.00 20.00 58.78 0.5 0.5
110.00 20.00 58.06 0.5 0.5
115.00 20.00 56.22 0.5 0.5
120.00 20.00 52.42 0.5 0.5
125.00 20.00 46.00 0.5 0.5
130.00 20.00 45.05 0.5 0.5
135.00 20.00 43.38 0.5 0.5
140.00 20.00 44.83 1.0 0.0
145.00 20.00 51.12 1.0 0.0
150.00 20.00 49.76 1.0 0.0
155.00 20.00 48.31 1.0 0.0
160.00 20.00 55.28 1.0 0.0
165.00 20.00 55.44 1.0 0.0
170.00 20.00 51.40 1.0 0.0
175.00 20.00 51.88 1.0 0.0
180.00 20.00 52.45 1.0 0.0
0.00 30.00 53.41 0.0 1.0
5.00 30.00 52.36 0.0 1.0
10.00 30.00 54.06 0.0 1.0
15.00 30.00 57.83 0.0 1.0
20.00 30.00 58.85 0.0 1.0
25.00 30.00 56.29 0.0 1.0
30.00 30.00 55.16 0.0 1.0
35.00 30.00 57.74 0.0 1.0
40.00 30.00 57.11 0.0 1.0
45.00 30.00 53.88 0.5 0.5
50.00 30.00 54.59 0.5 0.5
55.00 30.00 56.36 0.5 0.5
60.00 30.00 55.53 0.5 0.5
65.00 30.00 53.44 0.5 0.5
70.00 30.00 55.07 0.5 0.5
75.00 30.00 58.48 0.5 0.5
80.00 30.00 60.81 0.5 0.5
85.00 30.00 62.17 0.5 0.5
90.00 30.00 62.85 0.5 0.5
95.00 30.00 63.00 0.5 0.5
100.00 30.00 62.63 0.5 0.5
105.00 30.00 61.64 0.5 0.5
110.00 30.00 59.87 0.5 0.5
115.00 30.00 57.15 0.5 0.5
120.00 30.00 53.93 0.5 0.5
125.00 30.00 52.33 0.5 0.5
130.00 30.00 51.55 0.5 0.5
135.00 30.00 47.66 0.5 0.5
140.00 30.00 42.63 1.0 0.0
145.00 30.00 46.76 1.0 0.0
150.00 30.00 41.48 1.0 0.0
155.00 30.00 49.11 1.0 0.0
160.00 30.00 54.51 1.0 0.0
165.00 30.00 53.66 1.0 0.0
170.00 30.00 50.31 1.0 0.0
175.00 30.00 51.89 1.0 0.0
180.00 30.00 52.45 1.0 0.0
0.00 40.00 53.41 0.0 1.0
5.00 40.00 52.59 0.0 1.0
10.00 40.00 53.63 0.0 1.0
15.00 40.00 57.10 0.0 1.0
20.00 40.00 59.18 0.0 1.0
25.00 40.00 58.51 0.0 1.0
30.00 40.00 55.56 0.0 1.0
35.00 40.00 55.33 0.0 1.0
40.00 40.00 57.02 0.0 1.0
45.00 40.00 56.17 0.5 0.5
50.00 40.00 52.14 0.5 0.5
55.00 40.00 45.26 0.5 0.5
60.00 40.00 44.21 0.5 0.5
65.00 40.00 46.35 0.5 0.5
70.00 40.00 50.94 0.5 0.5
75.00 40.00 55.69 0.5 0.5
80.00 40.00 58.94 0.5 0.5
85.00 40.00 60.93 0.5 0.5
90.00 40.00 61.96 0.5 0.5
95.00 40.00 62.25 0.5 0.5
100.00 40.00 61.92 0.5 0.5
105.00 40.00 61.14 0.5 0.5
110.00 40.00 60.11 0.5 0.5
115.00 40.00 59.02 0.5 0.5
120.00 40.00 57.75 0.5 0.5
125.00 40.00 55.62 0.5 0.5
130.00 40.00 51.22 0.5 0.5
135.00 40.00 41.04 0.5 0.5
140.00 40.00 44.70 1.0 0.0
145.00 40.00 45.85 1.0 0.0
150.00 40.00 40.59 1.0 0.0
155.00 40.00 50.01 1.0 0.0
160.00 40.00 52.87 1.0 0.0
165.00 40.00 50.93 1.0 0.0
170.00 40.00 49.58 1.0 0.0
175.00 40.00 51.94 1.0 0.0
180.00 40.00 52.45 1.0 0.0
0.00 50.00 53.41 0.0 1.0
5.00 50.00 52.84 0.0 1.0
10.00 50.00 53.24 0.0 1.0
15.00 50.00 55.77 0.0 1.0
20.00 50.00 58.34 0.0 1.0
25.00 50.00 59.31 0.0 1.0
30.00 50.00 58.28 0.0 1.0
35.00 50.00 55.38 0.0 1.0
40.00 50.00 52.71 0.0 1.0
45.00 50.00 52.92 0.5 0.5
50.00 50.00 52.60 0.5 0.5
55.00 50.00 49.71 0.5 0.5
60.00 50.00 45.54 0.5 0.5
65.00 50.00 49.91 0.5 0.5
70.00 50.00 54.52 0.5 0.5
75.00 50.00 57.40 0.5 0.5
80.00 50.00 59.30 0.5 0.5
85.00 50.00 60.54 0.5 0.5
90.00 50.00 61.24 0.5 0.5
95.00 50.00 61.43 0.5 0.5
100.00 50.00 61.11 0.5 0.5
105.00 50.00 60.27 0.5 0.5
110.00 50.00 58.83 0.5 0.5
115.00 50.00 56.67 0.5 0.5
120.00 50.00 53.77 0.5 0.5
125.00 50.00 51.25 0.5 0.5
130.00 50.00 51.35 0.5 0.5
135.00 50.00 52.11 0.5 0.5
140.00 50.00 50.76 1.0 0.0
145.00 50.00 44.49 1.0 0.0
150.00 50.00 41.69 1.0 0.0
155.00 50.00 49.11 1.0 0.0
160.00 50.00 49.55 1.0 0.0
165.00 50.00 47.39 1.0 0.0
170.00 50.00 49.67 1.0 0.0
175.00 50.00 51.99 1.0 0.0
180.00 50.00 52.45 1.0 0.0
0.00 60.00 53.41 0.0 1.0
5.00 60.00 53.11 0.0 1.0
10.00 60.00 53.14 0.0 1.0
15.00 60.00 54.27 0.0 1.0
20.00 60.00 56.20 0.0 1.0
25.00 60.00 57.81 0.0 1.0
30.00 60.00 58.41 0.0 1.0
35.00 60.00 57.76 0.0 1.0
40.00 60.00 55.66 0.0 1.0
45.00 60.00 51.68 0.5 0.5
50.00 60.00 44.51 0.5 0.5
55.00 60.00 39.99 0.5 0.5
60.00 60.00 46.91 0.5 0.5
65.00 60.00 50.73 0.5 0.5
70.00 60.00 53.32 0.5 0.5
75.00 60.00 55.29 0.5 0.5
80.00 60.00 56.76 0.5 0.5
85.00 60.00 57.76 0.5 0.5
90.00 60.00 58.33 0.5 0.5
95.00 60.00 58.54 0.5 0.5
100.00 60.00 58.50 0.5 0.5
105.00 60.00 58.28 0.5 0.5
110.00 60.00 57.96 0.5 0.5
115.00 60.00 57.51 0.5 0.5
120.00 60.00 56.84 0.5 0.5
125.00 60.00 55.71 0.5 0.5
130.00 60.00 53.80 0.5 0.5
135.00 60.00 50.57 0.5 0.5
140.00 60.00 46.02 1.0 0.0
145.00 60.00 45.94 1.0 0.0
150.00 60.00 48.32 1.0 0.0
155.00 60.00 47.74 1.0 0.0
160.00 60.00 44.34 1.0 0.0
165.00 60.00 46.30 1.0 0.0
170.00 60.00 50.33 1.0 0.0
175.00 60.00 52.02 1.0 0.0
180.00 60.00 52.45 1.0 0.0
0.00 70.00 53.41 0.0 1.0
5.00 70.00 53.37 0.0 1.0
10.00 70.00 53.35 0.0 1.0
15.00 70.00 53.54 0.0 1.0
20.00 70.00 53.97 0.0 1.0
25.00 70.00 54.47 0.0 1.0
30.00 70.00 54.79 0.0 1.0
35.00 70.00 54.63 0.0 1.0
40.00 70.00 53.75 0.0 1.0
45.00 70.00 51.85 0.5 0.5
50.00 70.00 48.41 0.5 0.5
55.00 70.00 43.00 0.5 0.5
60.00 70.00 44.31 0.5 0.5
65.00 70.00 49.78 0.5 0.5
70.00 70.00 53.30 0.5 0.5
75.00 70.00 55.62 0.5 0.5
80.00 70.00 57.18 0.5 0.5
85.00 70.00 58.19 0.5 0.5
90.00 70.00 58.77 0.5 0.5
95.00 70.00 58.96 0.5 0.5
100.00 70.00 58.83 0.5 0.5
105.00 70.00 58.46 0.5 0.5
110.00 70.00 57.95 0.5 0.5
115.00 70.00 57.44 0.5 0.5
120.00 70.00 57.07 0.5 0.5
125.00 70.00 56.88 0.5 0.5
130.00 70.00 56.79 0.5 0.5
135.00 70.00 56.60 0.5 0.5
140.00 70.00 55.99 1.0 0.0
145.00 70.00 54.57 1.0 0.0
150.00 70.00 51.75 1.0 0.0
155.00 70.00 46.87 1.0 0.0
160.00 70.00 44.24 1.0 0.0
165.00 70.00 48.34 1.0 0.0
170.00 70.00 50.90 1.0 0.0
175.00 70.00 51.97 1.0 0.0
180.00 70.00 52.45 1.0 0.0
0.00 80.00 53.41 0.0 1.0
5.00 80.00 53.62 0.0 1.0
10.00 80.00 53.72 0.0 1.0
15.00 80.00 53.73 0.0 1.0
20.00 80.00 53.58 0.0 1.0
25.00 80.00 53.14 0.0 1.0
30.00 80.00 52.24 0.0 1.0
35.00 80.00 50.64 0.0 1.0
40.00 80.00 48.02 0.0 1.0
45.00 80.00 44.76 0.5 0.5
50.00 80.00 45.91 0.5 0.5
55.00 80.00 50.43 0.5 0.5
60.00 80.00 54.05 0.5 0.5
65.00 80.00 56.67 0.5 0.5
70.00 80.00 58.60 0.5 0.5
75.00 80.00 60.01 0.5 0.5
80.00 80.00 61.04 0.5 0.5
85.00 80.00 61.75 0.5 0.5
90.00 80.00 62.20 0.5 0.5
95.00 80.00 62.42 0.5 0.5
100.00 80.00 62.44 0.5 0.5
105.00 80.00 62.27 0.5 0.5
110.00 80.00 61.95 0.5 0.5
115.00 80.00 61.48 0.5 0.5
120.00 80.00 60.87 0.5 0.5
125.00 80.00 60.10 0.5 0.5
130.00 80.00 59.07 0.5 0.5
135.00 80.00 57.62 0.5 0.5
140.00 80.00 55.47 1.0 0.0
145.00 80.00 52.26 1.0 0.0
150.00 80.00 47.58 1.0 0.0
155.00 80.00 44.07 1.0 0.0
160.00 80.00 46.80 1.0 0.0
165.00 80.00 49.50 1.0 0.0
170.00 80.00 51.00 1.0 0.0
175.00 80.00 51.84 1.0 0.0
180.00 80.00 52.45 1.0 0.0
0.00 90.00 53.41 0.0 1.0
5.00 90.00 53.84 0.0 1.0
10.00 90.00 54.10 0.0 1.0
15.00 90.00 54.17 0.0 1.0
20.00 90.00 54.02 0.0 1.0
25.00 90.00 53.57 0.0 1.0
30.00 90.00 52.73 0.0 1.0
35.00 90.00 51.36 0.0 1.0
40.00 90.00 49.21 0.0 1.0
45.00 90.00 45.76 0.5 0.5
50.00 90.00 39.44 0.5 0.5
55.00 90.00 35.31 0.5 0.5
60.00 90.00 43.63 0.5 0.5
65.00 90.00 48.03 0.5 0.5
70.00 90.00 50.63 0.5 0.5
75.00 90.00 52.25 0.5 0.5
80.00 90.00 53.22 0.5 0.5
85.00 90.00 53.74 0.5 0.5
90.00 90.00 53.94 0.5 0.5
95.00 90.00 53.94 0.5 0.5
100.00 90.00 53.86 0.5 0.5
105.00 90.00 53.75 0.5 0.5
110.00 90.00 53.60 0.5 0.5
115.00 90.00 53.37 0.5 0.5
120.00 90.00 52.99 0.5 0.5
125.00 90.00 52.36 0.5 0.5
130.00 90.00 51.32 0.5 0.5
135.00 90.00 49.66 0.5 0.5
140.00 90.00 47.04 1.0 0.0
145.00 90.00 43.05 1.0 0.0
150.00 90.00 39.86 1.0 0.0
155.00 90.00 43.07 1.0 0.0
160.00 90.00 46.65 1.0 0.0
165.00 90.00 48.99 1.0 0.0
170.00 90.00 50.53 1.0 0.0
175.00 90.00 51.62 1.0 0.0
180.00 90.00 52.45 1.0 0.0
0.00 100.00 53.41 0.0 1.0
5.00 100.00 54.03 0.0 1.0
10.00 100.00 54.44 0.0 1.0
15.00 100.00 54.65 0.0 1.0
20.00 100.00 54.58 0.0 1.0
25.00 100.00 54.12 0.0 1.0
30.00 100.00 53.10 0.0 1.0
35.00 100.00 51.25 0.0 1.0
40.00 100.00 48.24 0.0 1.0
45.00 100.00 45.37 0.5 0.5
50.00 100.00 48.40 0.5 0.5
55.00 100.00 52.91 0.5 0.5
60.00 100.00 56.25 0.5 0.5
65.00 100.00 58.68 0.5 0.5
70.00 100.00 60.46 0.5 0.5
75.00 100.00 61.79 0.5 0.5
80.00 100.00 62.77 0.5 0.5
85.00 100.00 63.46 0.5 0.5
90.00 100.00 63.94 0.5 0.5
95.00 100.00 64.23 0.5 0.5
100.00 100.00 64.35 0.5 0.5
105.00 100.00 64.32 0.5 0.5
110.00 100.00 64.14 0.5 0.5
115.00 100.00 63.79 0.5 0.5
120.00 100.00 63.23 0.5 0.5
125.00 100.00 62.41 0.5 0.5
130.00 100.00 61.26 0.5 0.5
135.00 100.00 59.68 0.5 0.5
140.00 100.00 57.57 1.0 0.0
145.00 100.00 54.78 1.0 0.0
150.00 100.00 51.10 1.0 0.0
155.00 100.00 46.59 1.0 0.0
160.00 100.00 44.39 1.0 0.0
165.00 100.00 46.95 1.0 0.0
170.00 100.00 49.58 1.0 0.0
175.00 100.00 51.34 1.0 0.0
180.00 100.00 52.45 1.0 0.0
0.00 110.00 53.41 0.0 1.0
5.00 110.00 54.18 0.0 1.0
10.00 110.00 54.76 0.0 1.0
15.00 110.00 55.30 0.0 1.0
20.00 110.00 55.80 0.0 1.0
25.00 110.00 56.14 0.0 1.0
30.00 110.00 56.14 0.0 1.0
35.00 110.00 55.65 0.0 1.0
40.00 110.00 54.49 0.0 1.0
45.00 110.00 52.49 0.5 0.5
50.00 110.00 49.48 0.5 0.5
55.00 110.00 46.19 0.5 0.5
60.00 110.00 46.66 0.5 0.5
65.00 110.00 49.81 0.5 0.5
70.00 110.00 52.37 0.5 0.5
75.00 110.00 54.11 0.5 0.5
80.00 110.00 55.25 0.5 0.5
85.00 110.00 55.98 0.5 0.5
90.00 110.00 56.45 0.5 0.5
95.00 110.00 56.77 0.5 0.5
100.00 110.00 57.06 0.5 0.5
105.00 110.00 57.35 0.5 0.5
110.00 110.00 57.67 0.5 0.5
115.00 110.00 58.00 0.5 0.5
120.00 110.00 58.28 0.5 0.5
125.00 110.00 58.44 0.5 0.5
130.00 110.00 58.35 0.5 0.5
135.00 110.00 57.86 0.5 0.5
140.00 110.00 56.84 1.0 0.0
145.00 110.00 55.15 1.0 0.0
150.00 110.00 52.62 1.0 0.0
155.00 110.00 48.91 1.0 0.0
160.00 110.00 44.15 1.0 0.0
165.00 110.00 44.42 1.0 0.0
170.00 110.00 48.41 1.0 0.0
175.00 110.00 51.03 1.0 0.0
180.00 110.00 52.45 1.0 0.0
0.00 120.00 53.41 0.0 1.0
5.00 120.00 54.28 0.0 1.0
10.00 120.00 55.11 0.0 1.0
15.00 120.00 56.38 0.0 1.0
20.00 120.00 57.87 0.0 1.0
25.00 120.00 58.96 0.0 1.0
30.00 120.00 59.16 0.0 1.0
35.00 120.00 58.20 0.0 1.0
40.00 120.00 55.79 0.0 1.0
45.00 120.00 51.34 0.5 0.5
50.00 120.00 43.38 0.5 0.5
55.00 120.00 43.30 0.5 0.5
60.00 120.00 48.63 0.5 0.5
65.00 120.00 51.37 0.5 0.5
70.00 120.00 53.26 0.5 0.5
75.00 120.00 54.89 0.5 0.5
80.00 120.00 56.31 0.5 0.5
85.00 120.00 57.42 0.5 0.5
90.00 120.00 58.19 0.5 0.5
95.00 120.00 58.61 0.5 0.5
100.00 120.00 58.69 0.5 0.5
105.00 120.00 58.42 0.5 0.5
110.00 120.00 57.80 0.5 0.5
115.00 120.00 56.83 0.5 0.5
120.00 120.00 55.44 0.5 0.5
125.00 120.00 53.49 0.5 0.5
130.00 120.00 50.75 0.5 0.5
135.00 120.00 47.14 0.5 0.5
140.00 120.00 44.83 1.0 0.0
145.00 120.00 46.70 1.0 0.0
150.00 120.00 48.71 1.0 0.0
155.00 120.00 48.96 1.0 0.0
160.00 120.00 47.22 1.0 0.0
165.00 120.00 45.19 1.0 0.0
170.00 120.00 47.65 1.0 0.0
175.00 120.00 50.76 1.0 0.0
180.00 120.00 52.45 1.0 0.0
0.00 130.00 53.41 0.0 1.0
5.00 130.00 54.34 0.0 1.0
10.00 130.00 55.54 0.0 1.0
15.00 130.00 57.68 0.0 1.0
20.00 130.00 59.56 0.0 1.0
25.00 130.00 60.00 0.0 1.0
30.00 130.00 58.37 0.0 1.0
35.00 130.00 53.90 0.0 1.0
40.00 130.00 47.70 0.0 1.0
45.00 130.00 50.95 0.5 0.5
50.00 130.00 52.58 0.5 0.5
55.00 130.00 50.57 0.5 0.5
60.00 130.00 45.27 0.5 0.5
65.00 130.00 48.98 0.5 0.5
70.00 130.00 54.53 0.5 0.5
75.00 130.00 57.75 0.5 0.5
80.00 130.00 59.74 0.5 0.5
85.00 130.00 61.00 0.5 0.5
90.00 130.00 61.74 0.5 0.5
95.00 130.00 62.04 0.5 0.5
100.00 130.00 61.93 0.5 0.5
105.00 130.00 61.37 0.5 0.5
110.00 130.00 60.29 0.5 0.5
115.00 130.00 58.52 0.5 0.5
120.00 130.00 55.89 0.5 0.5
125.00 130.00 52.73 0.5 0.5
130.00 130.00 51.03 0.5 0.5
135.00 130.00 51.02 0.5 0.5
140.00 130.00 49.67 1.0 0.0
145.00 130.00 44.78 1.0 0.0
150.00 130.00 43.67 1.0 0.0
155.00 130.00 49.21 1.0 0.0
160.00 130.00 50.50 1.0 0.0
165.00 130.00 48.82 1.0 0.0
170.00 130.00 48.01 1.0 0.0
175.00 130.00 50.59 1.0 0.0
180.00 130.00 52.45 1.0 0.0
0.00 140.00 53.41 0.0 1.0
5.00 140.00 54.37 0.0 1.0
10.00 140.00 56.00 0.0 1.0
15.00 140.00 58.72 0.0 1.0
20.00 140.00 60.09 0.0 1.0
25.00 140.00 58.63 0.0 1.0
30.00 140.00 53.07 0.0 1.0
35.00 140.00 52.61 0.0 1.0
40.00 140.00 57.09 0.0 1.0
45.00 140.00 57.44 0.5 0.5
50.00 140.00 54.38 0.5 0.5
55.00 140.00 46.95 0.5 0.5
60.00 140.00 43.95 0.5 0.5
65.00 140.00 49.43 0.5 0.5
70.00 140.00 52.41 0.5 0.5
75.00 140.00 55.33 0.5 0.5
80.00 140.00 58.02 0.5 0.5
85.00 140.00 60.00 0.5 0.5
90.00 140.00 61.20 0.5 0.5
95.00 140.00 61.68 0.5 0.5
100.00 140.00 61.53 0.5 0.5
105.00 140.00 60.90 0.5 0.5
110.00 140.00 60.01 0.5 0.5
115.00 140.00 59.08 0.5 0.5
120.00 140.00 57.98 0.5 0.5
125.00 140.00 55.98 0.5 0.5
130.00 140.00 51.88 0.5 0.5
135.00 140.00 44.58 0.5 0.5
140.00 140.00 45.69 1.0 0.0
145.00 140.00 46.76 1.0 0.0
150.00 140.00 44.74 1.0 0.0
155.00 140.00 49.99 1.0 0.0
160.00 140.00 52.92 1.0 0.0
165.00 140.00 52.01 1.0 0.0
170.00 140.00 49.41 1.0 0.0
175.00 140.00 50.56 1.0 0.0
180.00 140.00 52.45 1.0 0.0
0.00 150.00 53.41 0.0 1.0
5.00 150.00 54.35 0.0 1.0
10.00 150.00 56.38 0.0 1.0
15.00 150.00 59.24 0.0 1.0
20.00 150.00 59.52 0.0 1.0
25.00 150.00 55.08 0.0 1.0
30.00 150.00 52.23 0.0 1.0
35.00 150.00 58.21 0.0 1.0
40.00 150.00 58.86 0.0 1.0
45.00 150.00 55.75 0.5 0.5
50.00 150.00 53.04 0.5 0.5
55.00 150.00 54.70 0.5 0.5
60.00 150.00 54.21 0.5 0.5
65.00 150.00 49.95 0.5 0.5
70.00 150.00 49.77 0.5 0.5
75.00 150.00 55.82 0.5 0.5
80.00 150.00 59.24 0.5 0.5
85.00 150.00 61.07 0.5 0.5
90.00 150.00 62.00 0.5 0.5
95.00 150.00 62.34 0.5 0.5
100.00 150.00 62.18 0.5 0.5
105.00 150.00 61.41 0.5 0.5
110.00 150.00 59.82 0.5 0.5
115.00 150.00 57.20 0.5 0.5
120.00 150.00 54.19 0.5 0.5
125.00 150.00 52.91 0.5 0.5
130.00 150.00 52.07 0.5 0.5
135.00 150.00 48.00 0.5 0.5
140.00 150.00 39.50 1.0 0.0
145.00 150.00 44.40 1.0 0.0
150.00 150.00 39.44 1.0 0.0
155.00 150.00 48.56 1.0 0.0
160.00 150.00 54.18 1.0 0.0
165.00 150.00 54.27 1.0 0.0
170.00 150.00 51.11 1.0 0.0
175.00 150.00 50.67 1.0 0.0
180.00 150.00 52.45 1.0 0.0
0.00 160.00 53.41 0.0 1.0
5.00 160.00 54.29 0.0 1.0
10.00 160.00 56.57 0.0 1.0
15.00 160.00 59.28 0.0 1.0
20.00 160.00 58.24 0.0 1.0
25.00 160.00 50.71 0.0 1.0
30.00 160.00 56.15 0.0 1.0
35.00 160.00 59.22 0.0 1.0
40.00 160.00 57.16 0.0 1.0
45.00 160.00 55.36 0.5 0.5
50.00 160.00 58.13 0.5 0.5
55.00 160.00 58.54 0.5 0.5
60.00 160.00 55.74 0.5 0.5
65.00 160.00 50.07 0.5 0.5
70.00 160.00 50.71 0.5 0.5
75.00 160.00 54.43 0.5 0.5
80.00 160.00 56.09 0.5 0.5
85.00 160.00 56.67 0.5 0.5
90.00 160.00 56.95 0.5 0.5
95.00 160.00 57.43 0.5 0.5
100.00 160.00 58.09 0.5 0.5
105.00 160.00 58.55 0.5 0.5
110.00 160.00 58.26 0.5 0.5
115.00 160.00 56.61 0.5 0.5
120.00 160.00 52.75 0.5 0.5
125.00 160.00 46.37 0.5 0.5
130.00 160.00 46.13 0.5 0.5
135.00 160.00 44.24 0.5 0.5
140.00 160.00 40.85 1.0 0.0
145.00 160.00 49.23 1.0 0.0
150.00 160.00 47.22 1.0 0.0
155.00 160.00 44.45 1.0 0.0
160.00 160.00 54.58 1.0 0.0
165.00 160.00 55.79 1.0 0.0
170.00 160.00 52.60 1.0 0.0
175.00 160.00 50.89 1.0 0.0
180.00 160.00 52.45 1.0 0.0
0.00 170.00 53.41 0.0 1.0
5.00 170.00 54.19 0.0 1.0
10.00 170.00 56.51 0.0 1.0
15.00 170.00 58.99 0.0 1.0
20.00 170.00 56.82 0.0 1.0
25.00 170.00 48.68 0.0 1.0
30.00 170.00 57.24 0.0 1.0
35.00 170.00 58.31 0.0 1.0
40.00 170.00 54.94 0.0 1.0
45.00 170.00 56.85 0.5 0.5
50.00 170.00 59.12 0.5 0.5
55.00 170.00 57.92 0.5 0.5
60.00 170.00 53.31 0.5 0.5
65.00 170.00 44.26 0.5 0.5
70.00 170.00 44.33 0.5 0.5
75.00 170.00 47.66 0.5 0.5
80.00 170.00 48.06 0.5 0.5
85.00 170.00 47.47 0.5 0.5
90.00 170.00 47.34 0.5 0.5
95.00 170.00 48.79 0.5 0.5
100.00 170.00 51.17 0.5 0.5
105.00 170.00 53.14 0.5 0.5
110.00 170.00 53.92 0.5 0.5
115.00 170.00 52.89 0.5 0.5
120.00 170.00 49.36 0.5 0.5
125.00 170.00 47.97 0.5 0.5
130.00 170.00 51.28 0.5 0.5
135.00 170.00 50.03 0.5 0.5
140.00 170.00 44.63 1.0 0.0
145.00 170.00 52.35 1.0 0.0
150.00 170.00 52.60 1.0 0.0
155.00 170.00 44.18 1.0 0.0
160.00 170.00 54.70 1.0 0.0
165.00 170.00 56.81 1.0 0.0
170.00 170.00 53.72 1.0 0.0
175.00 170.00 51.18 1.0 0.0
180.00 170.00 52.45 1.0 0.0
0.00 180.00 53.41 0.0 1.0
5.00 180.00 54.04 0.0 1.0
10.00 180.00 56.18 0.0 1.0
15.00 180.00 58.49 0.0 1.0
20.00 180.00 55.77 0.0 1.0
25.00 180.00 47.42 0.0 1.0
30.00 180.00 56.62 0.0 1.0
35.00 180.00 56.74 0.0 1.0
40.00 180.00 52.46 0.0 1.0
45.00 180.00 55.72 0.5 0.5
50.00 180.00 57.45 0.5 0.5
55.00 180.00 55.46 0.5 0.5
60.00 180.00 50.36 0.5 0.5
65.00 180.00 44.26 0.5 0.5
70.00 180.00 44.97 0.5 0.5
75.00 180.00 46.80 0.5 0.5
80.00 180.00 47.61 0.5 0.5
85.00 180.00 47.71 0.5 0.5
90.00 180.00 47.43 0.5 0.5
95.00 180.00 47.77 0.5 0.5
100.00 180.00 49.34 0.5 0.5
105.00 180.00 50.94 0.5 0.5
110.00 180.00 51.12 0.5 0.5
115.00 180.00 48.26 0.5 0.5
120.00 180.00 42.89 0.5 0.5
125.00 180.00 51.92 0.5 0.5
130.00 180.00 55.83 0.5 0.5
135.00 180.00 55.02 0.5 0.5
140.00 180.00 50.91 1.0 0.0
145.00 180.00 54.77 1.0 0.0
150.00 180.00 55.25 1.0 0.0
155.00 180.00 47.70 1.0 0.0
160.00 180.00 55.15 1.0 0.0
165.00 180.00 57.53 1.0 0.0
170.00 180.00 54.48 1.0 0.0
175.00 180.00 51.48 1.0 0.0
180.00 180.00 52.45 1.0 0.0
0.00 190.00 53.41 0.0 1.0
5.00 190.00 53.87 0.0 1.0
10.00 190.00 55.58 0.0 1.0
15.00 190.00 57.83 0.0 1.0
20.00 190.00 55.35 0.0 1.0
25.00 190.00 44.16 0.0 1.0
30.00 190.00 54.65 0.0 1.0
35.00 190.00 54.98 0.0 1.0
40.00 190.00 48.54 0.0 1.0
45.00 190.00 50.94 0.5 0.5
50.00 190.00 53.22 0.5 0.5
55.00 190.00 51.81 0.5 0.5
60.00 190.00 50.74 0.5 0.5
65.00 190.00 51.69 0.5 0.5
70.00 190.00 52.52 0.5 0.5
75.00 190.00 52.73 0.5 0.5
80.00 190.00 52.45 0.5 0.5
85.00 190.00 51.75 0.5 0.5
90.00 190.00 50.95 0.5 0.5
95.00 190.00 50.81 0.5 0.5
100.00 190.00 51.56 0.5 0.5
105.00 190.00 52.08 0.5 0.5
110.00 190.00 50.84 0.5 0.5
115.00 190.00 45.03 0.5 0.5
120.00 190.00 47.90 0.5 0.5
125.00 190.00 55.59 0.5 0.5
130.00 190.00 58.05 0.5 0.5
135.00 190.00 56.58 0.5 0.5
140.00 190.00 53.81 1.0 0.0
145.00 190.00 56.89 1.0 0.0
150.00 190.00 56.38 1.0 0.0
155.00 190.00 49.39 1.0 0.0
160.00 190.00 56.14 1.0 0.0
165.00 190.00 58.05 1.0 0.0
170.00 190.00 54.88 1.0 0.0
175.00 190.00 51.76 1.0 0.0
180.00 190.00 52.45 1.0 0.0
0.00 200.00 53.41 0.0 1.0
5.00 200.00 53.68 0.0 1.0
10.00 200.00 54.71 0.0 1.0
15.00 200.00 56.92 0.0 1.0
20.00 200.00 55.36 0.0 1.0
25.00 200.00 43.95 0.0 1.0
30.00 200.00 50.60 0.0 1.0
35.00 200.00 52.71 0.0 1.0
40.00 200.00 46.75 0.0 1.0
45.00 200.00 42.59 0.5 0.5
50.00 200.00 44.66 0.5 0.5
55.00 200.00 45.28 0.5 0.5
60.00 200.00 52.08 0.5 0.5
65.00 200.00 55.96 0.5 0.5
70.00 200.00 57.90 0.5 0.5
75.00 200.00 58.76 0.5 0.5
80.00 200.00 58.94 0.5 0.5
85.00 200.00 58.71 0.5 0.5
90.00 200.00 58.28 0.5 0.5
95.00 200.00 57.85 0.5 0.5
100.00 200.00 57.34 0.5 0.5
105.00 200.00 56.28 0.5 0.5
110.00 200.00 53.84 0.5 0.5
115.00 200.00 50.57 0.5 0.5
120.00 200.00 53.71 0.5 0.5
125.00 200.00 57.33 0.5 0.5
130.00 200.00 57.79 0.5 0.5
135.00 200.00 55.41 0.5 0.5
140.00 200.00 55.92 1.0 0.0
145.00 200.00 58.23 1.0 0.0
150.00 200.00 55.82 1.0 0.0
155.00 200.00 50.89 1.0 0.0
160.00 200.00 57.49 1.0 0.0
165.00 200.00 58.35 1.0 0.0
170.00 200.00 54.96 1.0 0.0
175.00 200.00 52.01 1.0 0.0
180.00 200.00 52.45 1.0 0.0
0.00 210.00 53.41 0.0 1.0
5.00 210.00 53.51 0.0 1.0
10.00 210.00 53.64 0.0 1.0
15.00 210.00 55.57 0.0 1.0
20.00 210.00 55.17 0.0 1.0
25.00 210.00 48.87 0.0 1.0
30.00 210.00 41.56 0.0 1.0
35.00 210.00 48.37 0.0 1.0
40.00 210.00 45.18 0.0 1.0
45.00 210.00 48.19 0.5 0.5
50.00 210.00 51.68 0.5 0.5
55.00 210.00 51.90 0.5 0.5
60.00 210.00 53.05 0.5 0.5
65.00 210.00 56.47 0.5 0.5
70.00 210.00 59.46 0.5 0.5
75.00 210.00 61.42 0.5 0.5
80.00 210.00 62.54 0.5 0.5
85.00 210.00 62.99 0.5 0.5
90.00 210.00 62.93 0.5 0.5
95.00 210.00 62.36 0.5 0.5
100.00 210.00 61.19 0.5 0.5
105.00 210.00 59.08 0.5 0.5
110.00 210.00 55.61 0.5 0.5
115.00 210.00 52.10 0.5 0.5
120.00 210.00 53.34 0.5 0.5
125.00 210.00 54.50 0.5 0.5
130.00 210.00 53.35 0.5 0.5
135.00 210.00 54.63 0.5 0.5
140.00 210.00 57.80 1.0 0.0
145.00 210.00 57.69 1.0 0.0
150.00 210.00 52.64 1.0 0.0
155.00 210.00 54.36 1.0 0.0
160.00 210.00 58.73 1.0 0.0
165.00 210.00 58.29 1.0 0.0
170.00 210.00 54.76 1.0 0.0
175.00 210.00 52.23 1.0 0.0
180.00 210.00 52.45 1.0 0.0
0.00 220.00 53.41 0.0 1.0
5.00 220.00 53.37 0.0 1.0
10.00 220.00 52.57 0.0 1.0
15.00 220.00 53.54 0.0 1.0
20.00 220.00 54.09 0.0 1.0
25.00 220.00 51.12 0.0 1.0
30.00 220.00 42.81 0.0 1.0
35.00 220.00 44.92 0.0 1.0
40.00 220.00 43.42 0.0 1.0
45.00 220.00 43.39 0.5 0.5
50.00 220.00 52.18 0.5 0.5
55.00 220.00 55.90 0.5 0.5
60.00 220.00 57.59 0.5 0.5
65.00 220.00 58.59 0.5 0.5
70.00 220.00 59.58 0.5 0.5
75.00 220.00 60.67 0.5 0.5
80.00 220.00 61.60 0.5 0.5
85.00 220.00 62.07 0.5 0.5
90.00 220.00 61.94 0.5 0.5
95.00 220.00 61.08 0.5 0.5
100.00 220.00 59.33 0.5 0.5
105.00 220.00 56.48 0.5 0.5
110.00 220.00 52.44 0.5 0.5
115.00 220.00 47.89 0.5 0.5
120.00 220.00 43.19 0.5 0.5
125.00 220.00 44.93 0.5 0.5
130.00 220.00 52.63 0.5 0.5
135.00 220.00 56.32 0.5 0.5
140.00 220.00 56.54 1.0 0.0
145.00 220.00 52.79 1.0 0.0
150.00 220.00 52.24 1.0 0.0
155.00 220.00 57.77 1.0 0.0
160.00 220.00 59.30 1.0 0.0
165.00 220.00 57.71 1.0 0.0
170.00 220.00 54.36 1.0 0.0
175.00 220.00 52.42 1.0 0.0
180.00 220.00 52.45 1.0 0.0
0.00 230.00 53.41 0.0 1.0
5.00 230.00 53.27 0.0 1.0
10.00 230.00 51.86 0.0 1.0
15.00 230.00 50.85 0.0 1.0
20.00 230.00 51.47 0.0 1.0
25.00 230.00 50.61 0.0 1.0
30.00 230.00 45.73 0.0 1.0
35.00 230.00 42.59 0.0 1.0
40.00 230.00 48.46 0.0 1.0
45.00 230.00 50.04 0.5 0.5
50.00 230.00 50.08 0.5 0.5
55.00 230.00 51.87 0.5 0.5
60.00 230.00 54.95 0.5 0.5
65.00 230.00 57.62 0.5 0.5
70.00 230.00 59.60 0.5 0.5
75.00 230.00 60.95 0.5 0.5
80.00 230.00 61.77 0.5 0.5
85.00 230.00 62.10 0.5 0.5
90.00 230.00 61.99 0.5 0.5
95.00 230.00 61.43 0.5 0.5
100.00 230.00 60.37 0.5 0.5
105.00 230.00 58.68 0.5 0.5
110.00 230.00 56.01 0.5 0.5
115.00 230.00 51.54 0.5 0.5
120.00 230.00 45.20 0.5 0.5
125.00 230.00 48.38 0.5 0.5
130.00 230.00 51.44 0.5 0.5
135.00 230.00 50.64 0.5 0.5
140.00 230.00 47.11 1.0 0.0
145.00 230.00 52.50 1.0 0.0
150.00 230.00 57.38 1.0 0.0
155.00 230.00 59.21 1.0 0.0
160.00 230.00 58.76 1.0 0.0
165.00 230.00 56.58 1.0 0.0
170.00 230.00 53.92 1.0 0.0
175.00 230.00 52.60 1.0 0.0
180.00 230.00 52.45 1.0 0.0
0.00 240.00 53.41 0.0 1.0
5.00 240.00 53.19 0.0 1.0
10.00 240.00 51.71 0.0 1.0
15.00 240.00 48.83 0.0 1.0
20.00 240.00 47.22 0.0 1.0
25.00 240.00 48.79 0.0 1.0
30.00 240.00 49.39 0.0 1.0
35.00 240.00 47.65 0.0 1.0
40.00 240.00 44.35 0.0 1.0
45.00 240.00 45.91 0.5 0.5
50.00 240.00 49.83 0.5 0.5
55.00 240.00 52.51 0.5 0.5
60.00 240.00 54.42 0.5 0.5
65.00 240.00 55.98 0.5 0.5
70.00 240.00 57.30 0.5 0.5
75.00 240.00 58.33 0.5 0.5
80.00 240.00 59.01 0.5 0.5
85.00 240.00 59.26 0.5 0.5
90.00 240.00 59.04 0.5 0.5
95.00 240.00 58.32 0.5 0.5
100.00 240.00 57.09 0.5 0.5
105.00 240.00 55.38 0.5 0.5
110.00 240.00 53.34 0.5 0.5
115.00 240.00 51.17 0.5 0.5
120.00 240.00 48.64 0.5 0.5
125.00 240.00 44.17 0.5 0.5
130.00 240.00 39.69 0.5 0.5
135.00 240.00 49.01 0.5 0.5
140.00 240.00 54.34 1.0 0.0
145.00 240.00 57.17 1.0 0.0
150.00 240.00 58.35 1.0 0.0
155.00 240.00 58.21 1.0 0.0
160.00 240.00 57.00 1.0 0.0
165.00 240.00 55.21 1.0 0.0
170.00 240.00 53.62 1.0 0.0
175.00 240.00 52.76 1.0 0.0
180.00 240.00 52.45 1.0 0.0
0.00 250.00 53.41 0.0 1.0
5.00 250.00 53.10 0.0 1.0
10.00 250.00 51.91 0.0 1.0
15.00 250.00 49.25 0.0 1.0
20.00 250.00 45.50 0.0 1.0
25.00 250.00 47.72 0.0 1.0
30.00 250.00 52.36 0.0 1.0
35.00 250.00 55.33 0.0 1.0
40.00 250.00 57.03 0.0 1.0
45.00 250.00 57.83 0.5 0.5
50.00 250.00 58.03 0.5 0.5
55.00 250.00 57.88 0.5 0.5
60.00 250.00 57.60 0.5 0.5
65.00 250.00 57.33 0.5 0.5
70.00 250.00 57.12 0.5 0.5
75.00 250.00 56.97 0.5 0.5
80.00 250.00 56.83 0.5 0.5
85.00 250.00 56.66 0.5 0.5
90.00 250.00 56.40 0.5 0.5
95.00 250.00 56.03 0.5 0.5
100.00 250.00 55.51 0.5 0.5
105.00 250.00 54.76 0.5 0.5
110.00 250.00 53.60 0.5 0.5
115.00 250.00 51.77 0.5 0.5
120.00 250.00 49.01 0.5 0.5
125.00 250.00 46.15 0.5 0.5
130.00 250.00 47.32 0.5 0.5
135.00 250.00 50.73 0.5 0.5
140.00 250.00 53.24 1.0 0.0
145.00 250.00 54.69 1.0 0.0
150.00 250.00 55.31 1.0 0.0
155.00 250.00 55.31 1.0 0.0
160.00 250.00 54.88 1.0 0.0
165.00 250.00 54.23 1.0 0.0
170.00 250.00 53.52 1.0 0.0
175.00 250.00 52.90 1.0 0.0
180.00 250.00 52.45 1.0 0.0
0.00 260.00 53.41 0.0 1.0
5.00 260.00 52.96 0.0 1.0
10.00 260.00 52.03 0.0 1.0
15.00 260.00 50.30 0.0 1.0
20.00 260.00 47.56 0.0 1.0
25.00 260.00 46.05 0.0 1.0
30.00 260.00 49.72 0.0 1.0
35.00 260.00 53.92 0.0 1.0
40.00 260.00 57.05 0.0 1.0
45.00 260.00 59.28 0.5 0.5
50.00 260.00 60.86 0.5 0.5
55.00 260.00 61.95 0.5 0.5
60.00 260.00 62.71 0.5 0.5
65.00 260.00 63.26 0.5 0.5
70.00 260.00 63.71 0.5 0.5
75.00 260.00 64.09 0.5 0.5
80.00 260.00 64.37 0.5 0.5
85.00 260.00 64.49 0.5 0.5
90.00 260.00 64.42 0.5 0.5
95.00 260.00 64.10 0.5 0.5
100.00 260.00 63.50 0.5 0.5
105.00 260.00 62.59 0.5 0.5
110.00 260.00 61.30 0.5 0.5
115.00 260.00 59.56 0.5 0.5
120.00 260.00 57.23 0.5 0.5
125.00 260.00 54.09 0.5 0.5
130.00 260.00 49.89 0.5 0.5
135.00 260.00 45.99 0.5 0.5
140.00 260.00 47.47 1.0 0.0
145.00 260.00 50.47 1.0 0.0
150.00 260.00 52.41 1.0 0.0
155.00 260.00 53.47 1.0 0.0
160.00 260.00 53.89 1.0 0.0
165.00 260.00 53.86 1.0 0.0
170.00 260.00 53.52 1.0 0.0
175.00 260.00 53.01 1.0 0.0
180.00 260.00 52.45 1.0 0.0
0.00 270.00 53.41 0.0 1.0
5.00 270.00 52.77 0.0 1.0
10.00 270.00 51.81 0.0 1.0
15.00 270.00 50.36 0.0 1.0
20.00 270.00 48.15 0.0 1.0
25.00 270.00 44.58 0.0 1.0
30.00 270.00 37.92 0.0 1.0
35.00 270.00 35.06 0.0 1.0
40.00 270.00 43.38 0.0 1.0
45.00 270.00 47.79 0.5 0.5
50.00 270.00 50.47 0.5 0.5
55.00 270.00 52.18 0.5 0.5
60.00 270.00 53.21 0.5 0.5
65.00 270.00 53.73 0.5 0.5
70.00 270.00 53.93 0.5 0.5
75.00 270.00 54.01 0.5 0.5
80.00 270.00 54.13 0.5 0.5
85.00 270.00 54.32 0.5 0.5
90.00 270.00 54.48 0.5 0.5
95.00 270.00 54.45 0.5 0.5
100.00 270.00 54.09 0.5 0.5
105.00 270.00 53.27 0.5 0.5
110.00 270.00 51.89 0.5 0.5
115.00 270.00 49.72 0.5 0.5
120.00 270.00 46.34 0.5 0.5
125.00 270.00 40.71 0.5 0.5
130.00 270.00 37.23 0.5 0.5
135.00 270.00 43.68 0.5 0.5
140.00 270.00 47.85 1.0 0.0
145.00 270.00 50.40 1.0 0.0
150.00 270.00 52.02 1.0 0.0
155.00 270.00 53.02 1.0 0.0
160.00 270.00 53.54 1.0 0.0
165.00 270.00 53.68 1.0 0.0
170.00 270.00 53.51 1.0 0.0
175.00 270.00 53.08 1.0 0.0
180.00 270.00 52.45 1.0 0.0
0.00 280.00 53.41 0.0 1.0
5.00 280.00 52.51 0.0 1.0
10.00 280.00 51.15 0.0 1.0
15.00 280.00 49.10 0.0 1.0
20.00 280.00 46.40 0.0 1.0
25.00 280.00 45.31 0.0 1.0
30.00 280.00 48.33 0.0 1.0
35.00 280.00 51.97 0.0 1.0
40.00 280.00 54.87 0.0 1.0
45.00 280.00 57.14 0.5 0.5
50.00 280.00 58.90 0.5 0.5
55.00 280.00 60.26 0.5 0.5
60.00 280.00 61.26 0.5 0.5
65.00 280.00 61.95 0.5 0.5
70.00 280.00 62.39 0.5 0.5
75.00 280.00 62.61 0.5 0.5
80.00 280.00 62.69 0.5 0.5
85.00 280.00 62.65 0.5 0.5
90.00 280.00 62.50 0.5 0.5
95.00 280.00 62.21 0.5 0.5
100.00 280.00 61.71 0.5 0.5
105.00 280.00 60.97 0.5 0.5
110.00 280.00 59.89 0.5 0.5
115.00 280.00 58.39 0.5 0.5
120.00 280.00 56.34 0.5 0.5
125.00 280.00 53.53 0.5 0.5
130.00 280.00 49.66 0.5 0.5
135.00 280.00 44.94 0.5 0.5
140.00 280.00 44.61 1.0 0.0
145.00 280.00 48.08 1.0 0.0
150.00 280.00 50.61 1.0 0.0
155.00 280.00 52.13 1.0 0.0
160.00 280.00 52.99 1.0 0.0
165.00 280.00 53.38 1.0 0.0
170.00 280.00 53.40 1.0 0.0
175.00 280.00 53.11 1.0 0.0
180.00 280.00 52.45 1.0 0.0
0.00 290.00 53.41 0.0 1.0
5.00 290.00 52.21 0.0 1.0
10.00 290.00 50.15 0.0 1.0
15.00 290.00 46.66 0.0 1.0
20.00 290.00 42.90 0.0 1.0
25.00 290.00 46.21 0.0 1.0
30.00 290.00 50.49 0.0 1.0
35.00 290.00 53.20 0.0 1.0
40.00 290.00 54.87 0.0 1.0
45.00 290.00 55.89 0.5 0.5
50.00 290.00 56.54 0.5 0.5
55.00 290.00 57.00 0.5 0.5
60.00 290.00 57.38 0.5 0.5
65.00 290.00 57.76 0.5 0.5
70.00 290.00 58.12 0.5 0.5
75.00 290.00 58.40 0.5 0.5
80.00 290.00 58.52 0.5 0.5
85.00 290.00 58.43 0.5 0.5
90.00 290.00 58.08 0.5 0.5
95.00 290.00 57.44 0.5 0.5
100.00 290.00 56.49 0.5 0.5
105.00 290.00 55.12 0.5 0.5
110.00 290.00 53.17 0.5 0.5
115.00 290.00 50.36 0.5 0.5
120.00 290.00 46.42 0.5 0.5
125.00 290.00 43.56 0.5 0.5
130.00 290.00 46.19 0.5 0.5
135.00 290.00 49.24 0.5 0.5
140.00 290.00 51.07 1.0 0.0
145.00 290.00 51.97 1.0 0.0
150.00 290.00 52.31 1.0 0.0
155.00 290.00 52.44 1.0 0.0
160.00 290.00 52.65 1.0 0.0
165.00 290.00 52.95 1.0 0.0
170.00 290.00 53.17 1.0 0.0
175.00 290.00 53.07 1.0 0.0
180.00 290.00 52.45 1.0 0.0
0.00 300.00 53.41 0.0 1.0
5.00 300.00 51.90 0.0 1.0
10.00 300.00 49.15 0.0 1.0
15.00 300.00 45.25 0.0 1.0
20.00 300.00 44.47 0.0 1.0
25.00 300.00 46.44 0.0 1.0
30.00 300.00 46.48 0.0 1.0
35.00 300.00 44.35 0.0 1.0
40.00 300.00 44.98 0.0 1.0
45.00 300.00 49.72 0.5 0.5
50.00 300.00 53.31 0.5 0.5
55.00 300.00 55.61 0.5 0.5
60.00 300.00 57.07 0.5 0.5
65.00 300.00 57.98 0.5 0.5
70.00 300.00 58.53 0.5 0.5
75.00 300.00 58.81 0.5 0.5
80.00 300.00 58.86 0.5 0.5
85.00 300.00 58.70 0.5 0.5
90.00 300.00 58.33 0.5 0.5
95.00 300.00 57.75 0.5 0.5
100.00 300.00 56.98 0.5 0.5
105.00 300.00 56.00 0.5 0.5
110.00 300.00 54.77 0.5 0.5
115.00 300.00 53.10 0.5 0.5
120.00 300.00 50.56 0.5 0.5
125.00 300.00 46.97 0.5 0.5
130.00 300.00 47.36 0.5 0.5
135.00 300.00 52.13 0.5 0.5
140.00 300.00 55.47 1.0 0.0
145.00 300.00 57.14 1.0 0.0
150.00 300.00 57.40 1.0 0.0
155.00 300.00 56.41 1.0 0.0
160.00 300.00 54.60 1.0 0.0
165.00 300.00 53.09 1.0 0.0
170.00 300.00 52.85 1.0 0.0
175.00 300.00 52.99 1.0 0.0
180.00 300.00 52.45 1.0 0.0
0.00 310.00 53.41 0.0 1.0
5.00 310.00 51.63 0.0 1.0
10.00 310.00 48.81 0.0 1.0
15.00 310.00 47.89 0.0 1.0
20.00 310.00 48.94 0.0 1.0
25.00 310.00 47.33 0.0 1.0
30.00 310.00 39.08 0.0 1.0
35.00 310.00 43.87 0.0 1.0
40.00 310.00 49.72 0.0 1.0
45.00 310.00 51.05 0.5 0.5
50.00 310.00 50.37 0.5 0.5
55.00 310.00 50.86 0.5 0.5
60.00 310.00 53.93 0.5 0.5
65.00 310.00 56.93 0.5 0.5
70.00 310.00 59.06 0.5 0.5
75.00 310.00 60.43 0.5 0.5
80.00 310.00 61.20 0.5 0.5
85.00 310.00 61.49 0.5 0.5
90.00 310.00 61.33 0.5 0.5
95.00 310.00 60.70 0.5 0.5
100.00 310.00 59.56 0.5 0.5
105.00 310.00 57.72 0.5 0.5
110.00 310.00 54.82 0.5 0.5
115.00 310.00 49.96 0.5 0.5
120.00 310.00 42.59 0.5 0.5
125.00 310.00 45.68 0.5 0.5
130.00 310.00 48.52 0.5 0.5
135.00 310.00 48.58 0.5 0.5
140.00 310.00 51.25 1.0 0.0
145.00 310.00 55.78 1.0 0.0
150.00 310.00 58.43 1.0 0.0
155.00 310.00 58.90 1.0 0.0
160.00 310.00 57.36 1.0 0.0
165.00 310.00 54.42 1.0 0.0
170.00 310.00 52.65 1.0 0.0
175.00 310.00 52.85 1.0 0.0
180.00 310.00 52.45 1.0 0.0
0.00 320.00 53.41 0.0 1.0
5.00 320.00 51.45 0.0 1.0
10.00 320.00 49.52 0.0 1.0
15.00 320.00 51.14 0.0 1.0
20.00 320.00 51.72 0.0 1.0
25.00 320.00 47.88 0.0 1.0
30.00 320.00 39.60 0.0 1.0
35.00 320.00 46.04 0.0 1.0
40.00 320.00 44.82 0.0 1.0
45.00 320.00 38.83 0.5 0.5
50.00 320.00 50.63 0.5 0.5
55.00 320.00 55.40 0.5 0.5
60.00 320.00 57.72 0.5 0.5
65.00 320.00 59.10 0.5 0.5
70.00 320.00 60.21 0.5 0.5
75.00 320.00 61.18 0.5 0.5
80.00 320.00 61.86 0.5 0.5
85.00 320.00 62.10 0.5 0.5
90.00 320.00 61.79 0.5 0.5
95.00 320.00 60.82 0.5 0.5
100.00 320.00 59.11 0.5 0.5
105.00 320.00 56.65 0.5 0.5
110.00 320.00 53.70 0.5 0.5
115.00 320.00 50.61 0.5 0.5
120.00 320.00 45.96 0.5 0.5
125.00 320.00 43.33 0.5 0.5
130.00 320.00 51.53 0.5 0.5
135.00 320.00 55.11 0.5 0.5
140.00 320.00 55.18 1.0 0.0
145.00 320.00 53.52 1.0 0.0
150.00 320.00 56.03 1.0 0.0
155.00 320.00 58.90 1.0 0.0
160.00 320.00 58.88 1.0 0.0
165.00 320.00 56.08 1.0 0.0
170.00 320.00 52.73 1.0 0.0
175.00 320.00 52.69 1.0 0.0
180.00 320.00 52.45 1.0 0.0
0.00 330.00 53.41 0.0 1.0
5.00 330.00 51.38 0.0 1.0
10.00 330.00 50.83 0.0 1.0
15.00 330.00 53.49 0.0 1.0
20.00 330.00 53.12 0.0 1.0
25.00 330.00 46.34 0.0 1.0
30.00 330.00 41.18 0.0 1.0
35.00 330.00 46.63 0.0 1.0
40.00 330.00 41.69 0.0 1.0
45.00 330.00 46.95 0.5 0.5
50.00 330.00 51.54 0.5 0.5
55.00 330.00 52.73 0.5 0.5
60.00 330.00 54.52 0.5 0.5
65.00 330.00 57.57 0.5 0.5
70.00 330.00 60.06 0.5 0.5
75.00 330.00 61.61 0.5 0.5
80.00 330.00 62.42 0.5 0.5
85.00 330.00 62.68 0.5 0.5
90.00 330.00 62.45 0.5 0.5
95.00 330.00 61.68 0.5 0.5
100.00 330.00 60.14 0.5 0.5
105.00 330.00 57.31 0.5 0.5
110.00 330.00 52.20 0.5 0.5
115.00 330.00 48.35 0.5 0.5
120.00 330.00 52.58 0.5 0.5
125.00 330.00 53.76 0.5 0.5
130.00 330.00 51.90 0.5 0.5
135.00 330.00 53.56 0.5 0.5
140.00 330.00 56.94 1.0 0.0
145.00 330.00 56.79 1.0 0.0
150.00 330.00 54.35 1.0 0.0
155.00 330.00 57.17 1.0 0.0
160.00 330.00 59.12 1.0 0.0
165.00 330.00 57.24 1.0 0.0
170.00 330.00 53.02 1.0 0.0
175.00 330.00 52.51 1.0 0.0
180.00 330.00 52.45 1.0 0.0
0.00 340.00 53.41 0.0 1.0
5.00 340.00 51.42 0.0 1.0
10.00 340.00 52.15 0.0 1.0
15.00 340.00 55.10 0.0 1.0
20.00 340.00 53.79 0.0 1.0
25.00 340.00 44.71 0.0 1.0
30.00 340.00 48.61 0.0 1.0
35.00 340.00 49.81 0.0 1.0
40.00 340.00 40.86 0.0 1.0
45.00 340.00 44.24 0.5 0.5
50.00 340.00 46.77 0.5 0.5
55.00 340.00 46.92 0.5 0.5
60.00 340.00 52.92 0.5 0.5
65.00 340.00 56.66 0.5 0.5
70.00 340.00 58.26 0.5 0.5
75.00 340.00 58.63 0.5 0.5
80.00 340.00 58.36 0.5 0.5
85.00 340.00 57.88 0.5 0.5
90.00 340.00 57.50 0.5 0.5
95.00 340.00 57.23 0.5 0.5
100.00 340.00 56.72 0.5 0.5
105.00 340.00 55.32 0.5 0.5
110.00 340.00 52.18 0.5 0.5
115.00 340.00 49.96 0.5 0.5
120.00 340.00 54.69 0.5 0.5
125.00 340.00 57.75 0.5 0.5
130.00 340.00 57.65 0.5 0.5
135.00 340.00 54.66 0.5 0.5
140.00 340.00 55.30 1.0 0.0
145.00 340.00 57.65 1.0 0.0
150.00 340.00 55.71 1.0 0.0
155.00 340.00 54.99 1.0 0.0
160.00 340.00 58.52 1.0 0.0
165.00 340.00 57.74 1.0 0.0
170.00 340.00 53.29 1.0 0.0
175.00 340.00 52.33 1.0 0.0
180.00 340.00 52.45 1.0 0.0
0.00 350.00 53.41 0.0 1.0
5.00 350.00 51.55 0.0 1.0
10.00 350.00 53.20 0.0 1.0
15.00 350.00 56.23 0.0 1.0
20.00 350.00 54.37 0.0 1.0
25.00 350.00 47.46 0.0 1.0
30.00 350.00 52.66 0.0 1.0
35.00 350.00 51.82 0.0 1.0
40.00 350.00 45.03 0.0 1.0
45.00 350.00 51.47 0.5 0.5
50.00 350.00 52.81 0.5 0.5
55.00 350.00 49.87 0.5 0.5
60.00 350.00 49.72 0.5 0.5
65.00 350.00 52.76 0.5 0.5
70.00 350.00 53.65 0.5 0.5
75.00 350.00 52.79 0.5 0.5
80.00 350.00 51.02 0.5 0.5
85.00 350.00 49.21 0.5 0.5
90.00 350.00 48.05 0.5 0.5
95.00 350.00 47.80 0.5 0.5
100.00 350.00 48.11 0.5 0.5
105.00 350.00 47.74 0.5 0.5
110.00 350.00 44.64 0.5 0.5
115.00 350.00 43.50 0.5 0.5
120.00 350.00 52.63 0.5 0.5
125.00 350.00 57.37 0.5 0.5
130.00 350.00 58.72 0.5 0.5
135.00 350.00 56.63 0.5 0.5
140.00 350.00 53.60 1.0 0.0
145.00 350.00 56.70 1.0 0.0
150.00 350.00 56.29 1.0 0.0
155.00 350.00 53.38 1.0 0.0
160.00 350.00 57.55 1.0 0.0
165.00 350.00 57.73 1.0 0.0
170.00 350.00 53.33 1.0 0.0
175.00 350.00 52.17 1.0 0.0
180.00 350.00 52.45 1.0 0.0
0.00 360.00 53.41 0.0 1.0
5.00 360.00 51.73 0.0 1.0
10.00 360.00 53.92 0.0 1.0
15.00 360.00 57.06 0.0 1.0
20.00 360.00 55.26 0.0 1.0
25.00 360.00 50.52 0.0 1.0
30.00 360.00 54.93 0.0 1.0
35.00 360.00 53.81 0.0 1.0
40.00 360.00 51.20 0.0 1.0
45.00 360.00 56.14 0.5 0.5
50.00 360.00 57.12 0.5 0.5
55.00 360.00 53.91 0.5 0.5
60.00 360.00 45.80 0.5 0.5
65.00 360.00 47.26 0.5 0.5
70.00 360.00 50.49 0.5 0.5
75.00 360.00 50.18 0.5 0.5
80.00 360.00 48.25 0.5 0.5
85.00 360.00 46.85 0.5 0.5
90.00 360.00 47.12 0.5 0.5
95.00 360.00 47.47 0.5 0.5
100.00 360.00 47.02 0.5 0.5
105.00 360.00 45.80 0.5 0.5
110.00 360.00 43.78 0.5 0.5
115.00 360.00 43.60 0.5 0.5
120.00 360.00 50.20 0.5 0.5
125.00 360.00 55.26 0.5 0.5
130.00 360.00 57.23 0.5 0.5
135.00 360.00 55.67 0.5 0.5
140.00 360.00 51.52 1.0 0.0
145.00 360.00 55.12 1.0 0.0
150.00 360.00 55.58 1.0 0.0
155.00 360.00 51.91 1.0 0.0
160.00 360.00 56.60 1.0 0.0
165.00 360.00 57.33 1.0 0.0
170.00 360.00 53.04 1.0 0.0
175.00 360.00 52.03 1.0 0.0
180.00 360.00 52.45 1.0 0.0
0.00 370.00 53.41 0.0 1.0
5.00 370.00 51.93 0.0 1.0
10.00 370.00 54.29 0.0 1.0
15.00 370.00 57.66 0.0 1.0
20.00 370.00 56.48 0.0 1.0
25.00 370.00 52.44 0.0 1.0
30.00 370.00 56.16 0.0 1.0
35.00 370.00 55.88 0.0 1.0
40.00 370.00 53.53 0.0 1.0
45.00 370.00 57.64 0.5 0.5
50.00 370.00 59.28 0.5 0.5
55.00 370.00 57.34 0.5 0.5
60.00 370.00 51.17 0.5 0.5
65.00 370.00 41.81 0.5 0.5
70.00 370.00 49.29 0.5 0.5
75.00 370.00 51.17 0.5 0.5
80.00 370.00 50.56 0.5 0.5
85.00 370.00 49.65 0.5 0.5
90.00 370.00 50.20 0.5 0.5
95.00 370.00 51.50 0.5 0.5
100.00 370.00 52.45 0.5 0.5
105.00 370.00 52.87 0.5 0.5
110.00 370.00 52.79 0.5 0.5
115.00 370.00 52.10 0.5 0.5
120.00 370.00 51.19 0.5 0.5
125.00 370.00 52.08 0.5 0.5
130.00 370.00 53.30 0.5 0.5
135.00 370.00 51.22 0.5 0.5
140.00 370.00 47.26 1.0 0.0
145.00 370.00 53.38 1.0 0.0
150.00 370.00 53.66 1.0 0.0
155.00 370.00 49.91 1.0 0.0
160.00 370.00 55.85 1.0 0.0
165.00 370.00 56.59 1.0 0.0
170.00 370.00 52.39 1.0 0.0
175.00 370.00 51.93 1.0 0.0
180.00 370.00 52.45 1.0 0.0
0.00 380.00 53.41 0.0 1.0
5.00 380.00 52.14 0.0 1.0
10.00 380.00 54.32 0.0 1.0
15.00 380.00 57.96 0.0 1.0
20.00 380.00 57.80 0.0 1.0
25.00 380.00 54.06 0.0 1.0
30.00 380.00 56.28 0.0 1.0
35.00 380.00 57.52 0.0 1.0
40.00 380.00 54.90 0.0 1.0
45.00 380.00 56.22 0.5 0.5
50.00 380.00 59.08 0.5 0.5
55.00 380.00 58.90 0.5 0.5
60.00 380.00 55.86 0.5 0.5
65.00 380.00 51.49 0.5 0.5
70.00 380.00 52.86 0.5 0.5
75.00 380.00 55.60 0.5 0.5
80.00 380.00 56.90 0.5 0.5
85.00 380.00 57.48 0.5 0.5
90.00 380.00 57.95 0.5 0.5
95.00 380.00 58.46 0.5 0.5
100.00 380.00 58.83 0.5 0.5
105.00 380.00 58.78 0.5 0.5
110.00 380.00 58.06 0.5 0.5
115.00 380.00 56.22 0.5 0.5
120.00 380.00 52.42 0.5 0.5
125.00 380.00 46.00 0.5 0.5
130.00 380.00 45.05 0.5 0.5
135.00 380.00 43.38 0.5 0.5
140.00 380.00 44.83 1.0 0.0
145.00 380.00 51.12 1.0 0.0
150.00 380.00 49.76 1.0 0.0
155.00 380.00 48.31 1.0 0.0
160.00 380.00 55.28 1.0 0.0
165.00 380.00 55.44 1.0 0.0
170.00 380.00 51.40 1.0 0.0
175.00 380.00 51.88 1.0 0.0
180.00 380.00 52.45 1.0 0.0
0.00 390.00 53.41 0.0 1.0
5.00 390.00 52.36 0.0 1.0
10.00 390.00 54.06 0.0 1.0
15.00 390.00 57.83 0.0 1.0
20.00 390.00 58.85 0.0 1.0
25.00 390.00 56.29 0.0 1.0
30.00 390.00 55.16 0.0 1.0
35.00 390.00 57.74 0.0 1.0
40.00 390.00 57.11 0.0 1.0
45.00 390.00 53.88 0.5 0.5
50.00 390.00 54.59 0.5 0.5
55.00 390.00 56.36 0.5 0.5
60.00 390.00 55.53 0.5 0.5
65.00 390.00 53.44 0.5 0.5
70.00 390.00 55.07 0.5 0.5
75.00 390.00 58.48 0.5 0.5
80.00 390.00 60.81 0.5 0.5
85.00 390.00 62.17 0.5 0.5
90.00 390.00 62.85 0.5 0.5
95.00 390.00 63.00 0.5 0.5
100.00 390.00 62.63 0.5 0.5
105.00 390.00 61.64 0.5 0.5
110.00 390.00 59.87 0.5 0.5
115.00 390.00 57.15 0.5 0.5
120.00 390.00 53.93 0.5 0.5
125.00 390.00 52.33 0.5 0.5
130.00 390.00 51.55 0.5 0.5
135.00 390.00 47.66 0.5 0.5
140.00 390.00 42.63 1.0 0.0
145.00 390.00 46.76 1.0 0.0
150.00 390.00 41.48 1.0 0.0
155.00 390.00 49.11 1.0 0.0
160.00 390.00 54.51 1.0 0.0
165.00 390.00 53.66 1.0 0.0
170.00 390.00 50.31 1.0 0.0
175.00 390.00 51.89 1.0 0.0
180.00 390.00 52.45 1.0 0.0
0.00 400.00 53.41 0.0 1.0
5.00 400.00 52.59 0.0 1.0
10.00 400.00 53.63 0.0 1.0
15.00 400.00 57.10 0.0 1.0
20.00 400.00 59.18 0.0 1.0
25.00 400.00 58.51 0.0 1.0
30.00 400.00 55.56 0.0 1.0
35.00 400.00 55.33 0.0 1.0
40.00 400.00 57.02 0.0 1.0
45.00 400.00 56.17 0.5 0.5
50.00 400.00 52.14 0.5 0.5
55.00 400.00 45.26 0.5 0.5
60.00 400.00 44.21 0.5 0.5
65.00 400.00 46.35 0.5 0.5
70.00 400.00 50.94 0.5 0.5
75.00 400.00 55.69 0.5 0.5
80.00 400.00 58.94 0.5 0.5
85.00 400.00 60.93 0.5 0.5
90.00 400.00 61.96 0.5 0.5
95.00 400.00 62.25 0.5 0.5
100.00 400.00 61.92 0.5 0.5
105.00 400.00 61.14 0.5 0.5
110.00 400.00 60.11 0.5 0.5
115.00 400.00 59.02 0.5 0.5
120.00 400.00 57.75 0.5 0.5
125.00 400.00 55.62 0.5 0.5
130.00 400.00 51.22 0.5 0.5
135.00 400.00 41.04 0.5 0.5
140.00 400.00 44.70 1.0 0.0
145.00 400.00 45.85 1.0 0.0
150.00 400.00 40.59 1.0 0.0
155.00 400.00 50.01 1.0 0.0
160.00 400.00 52.87 1.0 0.0
165.00 400.00 50.93 1.0 0.0
170.00 400.00 49.58 1.0 0.0
175.00 400.00 51.94 1.0 0.0
180.00 400.00 52.45 1.0 0.0
0.00 410.00 53.41 0.0 1.0
5.00 410.00 52.84 0.0 1.0
10.00 410.00 53.24 0.0 1.0
15.00 410.00 55.77 0.0 1.0
20.00 410.00 58.34 0.0 1.0
25.00 410.00 59.31 0.0 1.0
30.00 410.00 58.28 0.0 1.0
35.00 410.00 55.38 0.0 1.0
40.00 410.00 52.71 0.0 1.0
45.00 410.00 52.92 0.5 0.5
50.00 410.00 52.60 0.5 0.5
55.00 410.00 49.71 0.5 0.5
60.00 410.00 45.54 0.5 0.5
65.00 410.00 49.91 0.5 0.5
70.00 410.00 54.52 0.5 0.5
75.00 410.00 57.40 0.5 0.5
80.00 410.00 59.30 0.5 0.5
85.00 410.00 60.54 0.5 0.5
90.00 410.00 61.24 0.5 0.5
95.00 410.00 61.43 0.5 0.5
100.00 410.00 61.11 0.5 0.5
105.00 410.00 60.27 0.5 0.5
110.00 410.00 58.83 0.5 0.5
115.00 410.00 56.67 0.5 0.5
120.00 410.00 53.77 0.5 0.5
125.00 410.00 51.25 0.5 0.5
130.00 410.00 51.35 0.5 0.5
135.00 410.00 52.11 0.5 0.5
140.00 410.00 50.76 1.0 0.0
145.00 410.00 44.49 1.0 0.0
150.00 410.00 41.69 1.0 0.0
155.00 410.00 49.11 1.0 0.0
160.00 410.00 49.55 1.0 0.0
165.00 410.00 47.39 1.0 0.0
170.00 410.00 49.67 1.0 0.0
175.00 410.00 51.99 1.0 0.0
180.00 410.00 52.45 1.0 0.0
0.00 420.00 53.41 0.0 1.0
5.00 420.00 53.11 0.0 1.0
10.00 420.00 53.14 0.0 1.0
15.00 420.00 54.27 0.0 1.0
20.00 420.00 56.20 0.0 1.0
25.00 420.00 57.81 0.0 1.0
30.00 420.00 58.41 0.0 1.0
35.00 420.00 57.76 0.0 1.0
40.00 420.00 55.66 0.0 1.0
45.00 420.00 51.68 0.5 0.5
50.00 420.00 44.51 0.5 0.5
55.00 420.00 39.99 0.5 0.5
60.00 420.00 46.91 0.5 0.5
65.00 420.00 50.73 0.5 0.5
70.00 420.00 53.32 0.5 0.5
75.00 420.00 55.29 0.5 0.5
80.00 420.00 56.76 0.5 0.5
85.00 420.00 57.76 0.5 0.5
90.00 420.00 58.33 0.5 0.5
95.00 420.00 58.54 0.5 0.5
100.00 420.00 58.50 0.5 0.5
105.00 420.00 58.28 0.5 0.5
110.00 420.00 57.96 0.5 0.5
115.00 420.00 57.51 0.5 0.5
120.00 420.00 56.84 0.5 0.5
125.00 420.00 55.71 0.5 0.5
130.00 420.00 53.80 0.5 0.5
135.00 420.00 50.57 0.5 0.5
140.00 420.00 46.02 1.0 0.0
145.00 420.00 45.94 1.0 0.0
150.00 420.00 48.32 1.0 0.0
155.00 420.00 47.74 1.0 0.0
160.00 420.00 44.34 1.0 0.0
165.00 420.00 46.30 1.0 0.0
170.00 420.00 50.33 1.0 0.0
175.00 420.00 52.02 1.0 0.0
180.00 420.00 52.45 1.0 0.0
0.00 430.00 53.41 0.0 1.0
5.00 430.00 53.37 0.0 1.0
10.00 430.00 53.35 0.0 1.0
15.00 430.00 53.54 0.0 1.0
20.00 430.00 53.97 0.0 1.0
25.00 430.00 54.47 0.0 1.0
30.00 430.00 54.79 0.0 1.0
35.00 430.00 54.63 0.0 1.0
40.00 430.00 53.75 0.0 1.0
45.00 430.00 51.85 0.5 0.5
50.00 430.00 48.41 0.5 0.5
55.00 430.00 43.00 0.5 0.5
60.00 430.00 44.31 0.5 0.5
65.00 430.00 49.78 0.5 0.5
70.00 430.00 53.30 0.5 0.5
75.00 430.00 55.62 0.5 0.5
80.00 430.00 57.18 0.5 0.5
85.00 430.00 58.19 0.5 0.5
90.00 430.00 58.77 0.5 0.5
95.00 430.00 58.96 0.5 0.5
100.00 430.00 58.83 0.5 0.5
105.00 430.00 58.46 0.5 0.5
110.00 430.00 57.95 0.5 0.5
115.00 430.00 57.44 0.5 0.5
120.00 430.00 57.07 0.5 0.5
125.00 430.00 56.88 0.5 0.5
130.00 430.00 56.79 0.5 0.5
135.00 430.00 56.60 0.5 0.5
140.00 430.00 55.99 1.0 0.0
145.00 430.00 54.57 1.0 0.0
150.00 430.00 51.75 1.0 0.0
155.00 430.00 46.87 1.0 0.0
160.00 430.00 44.24 1.0 0.0
165.00 430.00 48.34 1.0 0.0
170.00 430.00 50.90 1.0 0.0
175.00 430.00 51.97 1.0 0.0
180.00 430.00 52.45 1.0 0.0
0.00 440.00 53.41 0.0 1.0
5.00 440.00 53.62 0.0 1.0
10.00 440.00 53.72 0.0 1.0
15.00 440.00 53.73 0.0 1.0
20.00 440.00 53.58 0.0 1.0
25.00 440.00 53.14 0.0 1.0
30.00 440.00 52.24 0.0 1.0
35.00 440.00 50.64 0.0 1.0
40.00 440.00 48.02 0.0 1.0
45.00 440.00 44.76 0.5 0.5
50.00 440.00 45.91 0.5 0.5
55.00 440.00 50.43 0.5 0.5
60.00 440.00 54.05 0.5 0.5
65.00 440.00 56.67 0.5 0.5
70.00 440.00 58.60 0.5 0.5
75.00 440.00 60.01 0.5 0.5
80.00 440.00 61.04 0.5 0.5
85.00 440.00 61.75 0.5 0.5
90.00 440.00 62.20 0.5 0.5
95.00 440.00 62.42 0.5 0.5
100.00 440.00 62.44 0.5 0.5
105.00 440.00 62.27 0.5 0.5
110.00 440.00 61.95 0.5 0.5
115.00 440.00 61.48 0.5 0.5
120.00 440.00 60.87 0.5 0.5
125.00 440.00 60.10 0.5 0.5
130.00 440.00 59.07 0.5 0.5
135.00 440.00 57.62 0.5 0.5
140.00 440.00 55.47 1.0 0.0
145.00 440.00 52.26 1.0 0.0
150.00 440.00 47.58 1.0 0.0
155.00 440.00 44.07 1.0 0.0
160.00 440.00 46.80 1.0 0.0
165.00 440.00 49.50 1.0 0.0
170.00 440.00 51.00 1.0 0.0
175.00 440.00 51.84 1.0 0.0
180.00 440.00 52.45 1.0 0.0
0.00 450.00 53.41 0.0 1.0
5.00 450.00 53.84 0.0 1.0
10.00 450.00 54.10 0.0 1.0
15.00 450.00 54.17 0.0 1.0
20.00 450.00 54.02 0.0 1.0
25.00 450.00 53.57 0.0 1.0
30.00 450.00 52.73 0.0 1.0
35.00 450.00 51.36 0.0 1.0
40.00 450.00 49.21 0.0 1.0
45.00 450.00 45.76 0.5 0.5
50.00 450.00 39.44 0.5 0.5
55.00 450.00 35.31 0.5 0.5
60.00 450.00 43.63 0.5 0.5
65.00 450.00 48.03 0.5 0.5
70.00 450.00 50.63 0.5 0.5
75.00 450.00 52.25 0.5 0.5
80.00 450.00 53.22 0.5 0.5
85.00 450.00 53.74 0.5 0.5
90.00 450.00 53.94 0.5 0.5
95.00 450.00 53.94 0.5 0.5
100.00 450.00 53.86 0.5 0.5
105.00 450.00 53.75 0.5 0.5
110.00 450.00 53.60 0.5 0.5
115.00 450.00 53.37 0.5 0.5
120.00 450.00 52.99 0.5 0.5
125.00 450.00 52.36 0.5 0.5
130.00 450.00 51.32 0.5 0.5
135.00 450.00 49.66 0.5 0.5
140.00 450.00 47.04 1.0 0.0
145.00 450.00 43.05 1.0 0.0
150.00 450.00 39.86 1.0 0.0
155.00 450.00 43.07 1.0 0.0
160.00 450.00 46.65 1.0 0.0
165.00 450.00 48.99 1.0 0.0
170.00 450.00 50.53 1.0 0.0
175.00 450.00 51.62 1.0 0.0
180.00 450.00 52.45 1.0 0.0
0.00 460.00 53.41 0.0 1.0
5.00 460.00 54.03 0.0 1.0
10.00 460.00 54.44 0.0 1.0
15.00 460.00 54.65 0.0 1.0
20.00 460.00 54.58 0.0 1.0
25.00 460.00 54.12 0.0 1.0
30.00 460.00 53.10 0.0 1.0
35.00 460.00 51.25 0.0 1.0
40.00 460.00 48.24 0.0 1.0
45.00 460.00 45.37 0.5 0.5
50.00 460.00 48.40 0.5 0.5
55.00 460.00 52.91 0.5 0.5
60.00 460.00 56.25 0.5 0.5
65.00 460.00 58.68 0.5 0.5
70.00 460.00 60.46 0.5 0.5
75.00 460.00 61.79 0.5 0.5
80.00 460.00 62.77 0.5 0.5
85.00 460.00 63.46 0.5 0.5
90.00 460.00 63.94 0.5 0.5
95.00 460.00 64.23 0.5 0.5
100.00 460.00 64.35 0.5 0.5
105.00 460.00 64.32 0.5 0.5
110.00 460.00 64.14 0.5 0.5
115.00 460.00 63.79 0.5 0.5
120.00 460.00 63.23 0.5 0.5
125.00 460.00 62.41 0.5 0.5
130.00 460.00 61.26 0.5 0.5
135.00 460.00 59.68 0.5 0.5
140.00 460.00 57.57 1.0 0.0
145.00 460.00 54.78 1.0 0.0
150.00 460.00 51.10 1.0 0.0
155.00 460.00 46.59 1.0 0.0
160.00 460.00 44.39 1.0 0.0
165.00 460.00 46.95 1.0 0.0
170.00 460.00 49.58 1.0 0.0
175.00 460.00 51.34 1.0 0.0
180.00 460.00 52.45 1.0 0.0
0.00 470.00 53.41 0.0 1.0
5.00 470.00 54.18 0.0 1.0
10.00 470.00 54.76 0.0 1.0
15.00 470.00 55.30 0.0 1.0
20.00 470.00 55.80 0.0 1.0
25.00 470.00 56.14 0.0 1.0
30.00 470.00 56.14 0.0 1.0
35.00 470.00 55.65 0.0 1.0
40.00 470.00 54.49 0.0 1.0
45.00 470.00 52.49 0.5 0.5
50.00 470.00 49.48 0.5 0.5
55.00 470.00 46.19 0.5 0.5
60.00 470.00 46.66 0.5 0.5
65.00 470.00 49.81 0.5 0.5
70.00 470.00 52.37 0.5 0.5
75.00 470.00 54.11 0.5 0.5
80.00 470.00 55.25 0.5 0.5
85.00 470.00 55.98 0.5 0.5
90.00 470.00 56.45 0.5 0.5
95.00 470.00 56.77 0.5 0.5
100.00 470.00 57.06 0.5 0.5
105.00 470.00 57.35 0.5 0.5
110.00 470.00 57.67 0.5 0.5
115.00 470.00 58.00 0.5 0.5
120.00 470.00 58.28 0.5 0.5
125.00 470.00 58.44 0.5 0.5
130.00 470.00 58.35 0.5 0.5
135.00 470.00 57.86 0.5 0.5
140.00 470.00 56.84 1.0 0.0
145.00 470.00 55.15 1.0 0.0
150.00 470.00 52.62 1.0 0.0
155.00 470.00 48.91 1.0 0.0
160.00 470.00 44.15 1.0 0.0
165.00 470.00 44.42 1.0 0.0
170.00 470.00 48.41 1.0 0.0
175.00 470.00 51.03 1.0 0.0
180.00 470.00 52.45 1.0 0.0
0.00 480.00 53.41 0.0 1.0
5.00 480.00 54.28 0.0 1.0
10.00 480.00 55.11 0.0 1.0
15.00 480.00 56.38 0.0 1.0
20.00 480.00 57.87 0.0 1.0
25.00 480.00 58.96 0.0 1.0
30.00 480.00 59.16 0.0 1.0
35.00 480.00 58.20 0.0 1.0
40.00 480.00 55.79 0.0 1.0
45.00 480.00 51.34 0.5 0.5
50.00 480.00 43.38 0.5 0.5
55.00 480.00 43.30 0.5 0.5
60.00 480.00 48.63 0.5 0.5
65.00 480.00 51.37 0.5 0.5
70.00 480.00 53.26 0.5 0.5
75.00 480.00 54.89 0.5 0.5
80.00 480.00 56.31 0.5 0.5
85.00 480.00 57.42 0.5 0.5
90.00 480.00 58.19 0.5 0.5
95.00 480.00 58.61 0.5 0.5
100.00 480.00 58.69 0.5 0.5
105.00 480.00 58.42 0.5 0.5
110.00 480.00 57.80 0.5 0.5
115.00 480.00 56.83 0.5 0.5
120.00 480.00 55.44 0.5 0.5
125.00 480.00 53.49 0.5 0.5
130.00 480.00 50.75 0.5 0.5
135.00 480.00 47.14 0.5 0.5
140.00 480.00 44.83 1.0 0.0
145.00 480.00 46.70 1.0 0.0
150.00 480.00 48.71 1.0 0.0
155.00 480.00 48.96 1.0 0.0
160.00 480.00 47.22 1.0 0.0
165.00 480.00 45.19 1.0 0.0
170.00 480.00 47.65 1.0 0.0
175.00 480.00 50.76 1.0 0.0
180.00 480.00 52.45 1.0 0.0
0.00 490.00 53.41 0.0 1.0
5.00 490.00 54.34 0.0 1.0
10.00 490.00 55.54 0.0 1.0
15.00 490.00 57.68 0.0 1.0
20.00 490.00 59.56 0.0 1.0
25.00 490.00 60.00 0.0 1.0
30.00 490.00 58.37 0.0 1.0
35.00 490.00 53.90 0.0 1.0
40.00 490.00 47.70 0.0 1.0
45.00 490.00 50.95 0.5 0.5
50.00 490.00 52.58 0.5 0.5
55.00 490.00 50.57 0.5 0.5
60.00 490.00 45.27 0.5 0.5
65.00 490.00 48.98 0.5 0.5
70.00 490.00 54.53 0.5 0.5
75.00 490.00 57.75 0.5 0.5
80.00 490.00 59.74 0.5 0.5
85.00 490.00 61.00 0.5 0.5
90.00 490.00 61.74 0.5 0.5
95.00 490.00 62.04 0.5 0.5
100.00 490.00 61.93 0.5 0.5
105.00 490.00 61.37 0.5 0.5
110.00 490.00 60.29 0.5 0.5
115.00 490.00 58.52 0.5 0.5
120.00 490.00 55.89 0.5 0.5
125.00 490.00 52.73 0.5 0.5
130.00 490.00 51.03 0.5 0.5
135.00 490.00 51.02 0.5 0.5
140.00 490.00 49.67 1.0 0.0
145.00 490.00 44.78 1.0 0.0
150.00 490.00 43.67 1.0 0.0
155.00 490.00 49.21 1.0 0.0
160.00 490.00 50.50 1.0 0.0
165.00 490.00 48.82 1.0 0.0
170.00 490.00 48.01 1.0 0.0
175.00 490.00 50.59 1.0 0.0
180.00 490.00 52.45 1.0 0.0
0.00 500.00 53.41 0.0 1.0
5.00 500.00 54.37 0.0 1.0
10.00 500.00 56.00 0.0 1.0
15.00 500.00 58.72 0.0 1.0
20.00 500.00 60.09 0.0 1.0
25.00 500.00 58.63 0.0 1.0
30.00 500.00 53.07 0.0 1.0
35.00 500.00 52.61 0.0 1.0
40.00 500.00 57.09 0.0 1.0
45.00 500.00 57.44 0.5 0.5
50.00 500.00 54.38 0.5 0.5
55.00 500.00 46.95 0.5 0.5
60.00 500.00 43.95 0.5 0.5
65.00 500.00 49.43 0.5 0.5
70.00 500.00 52.41 0.5 0.5
75.00 500.00 55.33 0.5 0.5
80.00 500.00 58.02 0.5 0.5
85.00 500.00 60.00 0.5 0.5
90.00 500.00 61.20 0.5 0.5
95.00 500.00 61.68 0.5 0.5
100.00 500.00 61.53 0.5 0.5
105.00 500.00 60.90 0.5 0.5
110.00 500.00 60.01 0.5 0.5
115.00 500.00 59.08 0.5 0.5
120.00 500.00 57.98 0.5 0.5
125.00 500.00 55.98 0.5 0.5
130.00 500.00 51.88 0.5 0.5
135.00 500.00 44.58 0.5 0.5
140.00 500.00 45.69 1.0 0.0
145.00 500.00 46.76 1.0 0.0
150.00 500.00 44.74 1.0 0.0
155.00 500.00 49.99 1.0 0.0
160.00 500.00 52.92 1.0 0.0
165.00 500.00 52.01 1.0 0.0
170.00 500.00 49.41 1.0 0.0
175.00 500.00 50.56 1.0 0.0
180.00 500.00 52.45 1.0 0.0
0.00 510.00 53.41 0.0 1.0
5.00 510.00 54.35 0.0 1.0
10.00 510.00 56.38 0.0 1.0
15.00 510.00 59.24 0.0 1.0
20.00 510.00 59.52 0.0 1.0
25.00 510.00 55.08 0.0 1.0
30.00 510.00 52.23 0.0 1.0
35.00 510.00 58.21 0.0 1.0
40.00 510.00 58.86 0.0 1.0
45.00 510.00 55.75 0.5 0.5
50.00 510.00 53.04 0.5 0.5
55.00 510.00 54.70 0.5 0.5
60.00 510.00 54.21 0.5 0.5
65.00 510.00 49.95 0.5 0.5
70.00 510.00 49.77 0.5 0.5
75.00 510.00 55.82 0.5 0.5
80.00 510.00 59.24 0.5 0.5
85.00 510.00 61.07 0.5 0.5
90.00 510.00 62.00 0.5 0.5
95.00 510.00 62.34 0.5 0.5
100.00 510.00 62.18 0.5 0.5
105.00 510.00 61.41 0.5 0.5
110.00 510.00 59.82 0.5 0.5
115.00 510.00 57.20 0.5 0.5
120.00 510.00 54.19 0.5 0.5
125.00 510.00 52.91 0.5 0.5
130.00 510.00 52.07 0.5 0.5
135.00 510.00 48.00 0.5 0.5
140.00 510.00 39.50 1.0 0.0
145.00 510.00 44.40 1.0 0.0
150.00 510.00 39.44 1.0 0.0
155.00 510.00 48.56 1.0 0.0
160.00 510.00 54.18 1.0 0.0
165.00 510.00 54.27 1.0 0.0
170.00 510.00 51.11 1.0 0.0
175.00 510.00 50.67 1.0 0.0
180.00 510.00 52.45 1.0 0.0
0.00 520.00 53.41 0.0 1.0
5.00 520.00 54.29 0.0 1.0
10.00 520.00 56.57 0.0 1.0
15.00 520.00 59.28 0.0 1.0
20.00 520.00 58.24 0.0 1.0
25.00 520.00 50.71 0.0 1.0
30.00 520.00 56.15 0.0 1.0
35.00 520.00 59.22 0.0 1.0
40.00 520.00 57.16 0.0 1.0
45.00 520.00 55.36 0.5 0.5
50.00 520.00 58.13 0.5 0.5
55.00 520.00 58.54 0.5 0.5
60.00 520.00 55.74 0.5 0.5
65.00 520.00 50.07 0.5 0.5
70.00 520.00 50.71 0.5 0.5
75.00 520.00 54.43 0.5 0.5
80.00 520.00 56.09 0.5 0.5
85.00 520.00 56.67 0.5 0.5
90.00 520.00 56.95 0.5 0.5
95.00 520.00 57.43 0.5 0.5
100.00 520.00 58.09 0.5 0.5
105.00 520.00 58.55 0.5 0.5
110.00 520.00 58.26 0.5 0.5
115.00 520.00 56.61 0.5 0.5
120.00 520.00 52.75 0.5 0.5
125.00 520.00 46.37 0.5 0.5
130.00 520.00 46.13 0.5 0.5
135.00 520.00 44.24 0.5 0.5
140.00 520.00 40.85 1.0 0.0
145.00 520.00 49.23 1.0 0.0
150.00 520.00 47.22 1.0 0.0
155.00 520.00 44.45 1.0 0.0
160.00 520.00 54.58 1.0 0.0
165.00 520.00 55.79 1.0 0.0
170.00 520.00 52.60 1.0 0.0
175.00 520.00 50.89 1.0 0.0
180.00 520.00 52.45 1.0 0.0
0.00 530.00 53.41 0.0 1.0
5.00 530.00 54.19 0.0 1.0
10.00 530.00 56.51 0.0 1.0
15.00 530.00 58.99 0.0 1.0
20.00 530.00 56.82 0.0 1.0
25.00 530.00 48.68 0.0 1.0
30.00 530.00 57.24 0.0 1.0
35.00 530.00 58.31 0.0 1.0
40.00 530.00 54.94 0.0 1.0
45.00 530.00 56.85 0.5 0.5
50.00 530.00 59.12 0.5 0.5
55.00 530.00 57.92 0.5 0.5
60.00 530.00 53.31 0.5 0.5
65.00 530.00 44.26 0.5 0.5
70.00 530.00 44.33 0.5 0.5
75.00 530.00 47.66 0.5 0.5
80.00 530.00 48.06 0.5 0.5
85.00 530.00 47.47 0.5 0.5
90.00 530.00 47.34 0.5 0.5
95.00 530.00 48.79 0.5 0.5
100.00 530.00 51.17 0.5 0.5
105.00 530.00 53.14 0.5 0.5
110.00 530.00 53.92 0.5 0.5
115.00 530.00 52.89 0.5 0.5
120.00 530.00 49.36 0.5 0.5
125.00 530.00 47.97 0.5 0.5
130.00 530.00 51.28 0.5 0.5
135.00 530.00 50.03 0.5 0.5
140.00 530.00 44.63 1.0 0.0
145.00 530.00 52.35 1.0 0.0
150.00 530.00 52.60 1.0 0.0
155.00 530.00 44.18 1.0 0.0
160.00 530.00 54.70 1.0 0.0
165.00 530.00 56.81 1.0 0.0
170.00 530.00 53.72 1.0 0.0
175.00 530.00 51.18 1.0 0.0
180.00 530.00 52.45 1.0 0.0
0.00 540.00 53.41 0.0 1.0
5.00 540.00 54.04 0.0 1.0
10.00 540.00 56.18 0.0 1.0
15.00 540.00 58.49 0.0 1.0
20.00 540.00 55.77 0.0 1.0
25.00 540.00 47.42 0.0 1.0
30.00 540.00 56.62 0.0 1.0
35.00 540.00 56.74 0.0 1.0
40.00 540.00 52.46 0.0 1.0
45.00 540.00 55.72 0.5 0.5
50.00 540.00 57.45 0.5 0.5
55.00 540.00 55.46 0.5 0.5
60.00 540.00 50.36 0.5 0.5
65.00 540.00 44.26 0.5 0.5
70.00 540.00 44.97 0.5 0.5
75.00 540.00 46.80 0.5 0.5
80.00 540.00 47.61 0.5 0.5
85.00 540.00 47.71 0.5 0.5
90.00 540.00 47.43 0.5 0.5
95.00 540.00 47.77 0.5 0.5
100.00 540.00 49.34 0.5 0.5
105.00 540.00 50.94 0.5 0.5
110.00 540.00 51.12 0.5 0.5
115.00 540.00 48.26 0.5 0.5
120.00 540.00 42.89 0.5 0.5
125.00 540.00 51.92 0.5 0.5
130.00 540.00 55.83 0.5 0.5
135.00 540.00 55.02 0.5 0.5
140.00 540.00 50.91 1.0 0.0
145.00 540.00 54.77 1.0 0.0
150.00 540.00 55.25 1.0 0.0
155.00 540.00 47.70 1.0 0.0
160.00 540.00 55.15 1.0 0.0
165.00 540.00 57.53 1.0 0.0
170.00 540.00 54.48 1.0 0.0
175.00 540.00 51.48 1.0 0.0
180.00 540.00 52.45 1.0 0.0
0.00 550.00 53.41 0.0 1.0
5.00 550.00 53.87 0.0 1.0
10.00 550.00 55.58 0.0 1.0
15.00 550.00 57.83 0.0 1.0
20.00 550.00 55.35 0.0 1.0
25.00 550.00 44.16 0.0 1.0
30.00 550.00 54.65 0.0 1.0
35.00 550.00 54.98 0.0 1.0
40.00 550.00 48.54 0.0 1.0
45.00 550.00 50.94 0.5 0.5
50.00 550.00 53.22 0.5 0.5
55.00 550.00 51.81 0.5 0.5
60.00 550.00 50.74 0.5 0.5
65.00 550.00 51.69 0.5 0.5
70.00 550.00 52.52 0.5 0.5
75.00 550.00 52.73 0.5 0.5
80.00 550.00 52.45 0.5 0.5
85.00 550.00 51.75 0.5 0.5
90.00 550.00 50.95 0.5 0.5
95.00 550.00 50.81 0.5 0.5
100.00 550.00 51.56 0.5 0.5
105.00 550.00 52.08 0.5 0.5
110.00 550.00 50.84 0.5 0.5
115.00 550.00 45.03 0.5 0.5
120.00 550.00 47.90 0.5 0.5
125.00 550.00 55.59 0.5 0.5
130.00 550.00 58.05 0.5 0.5
135.00 550.00 56.58 0.5 0.5
140.00 550.00 53.81 1.0 0.0
145.00 550.00 56.89 1.0 0.0
150.00 550.00 56.38 1.0 0.0
155.00 550.00 49.39 1.0 0.0
160.00 550.00 56.14 1.0 0.0
165.00 550.00 58.05 1.0 0.0
170.00 550.00 54.88 1.0 0.0
175.00 550.00 51.76 1.0 0.0
180.00 550.00 52.45 1.0 0.0
0.00 560.00 53.41 0.0 1.0
5.00 560.00 53.68 0.0 1.0
10.00 560.00 54.71 0.0 1.0
15.00 560.00 56.92 0.0 1.0
20.00 560.00 55.36 0.0 1.0
25.00 560.00 43.95 0.0 1.0
30.00 560.00 50.60 0.0 1.0
35.00 560.00 52.71 0.0 1.0
40.00 560.00 46.75 0.0 1.0
45.00 560.00 42.59 0.5 0.5
50.00 560.00 44.66 0.5 0.5
55.00 560.00 45.28 0.5 0.5
60.00 560.00 52.08 0.5 0.5
65.00 560.00 55.96 0.5 0.5
70.00 560.00 57.90 0.5 0.5
75.00 560.00 58.76 0.5 0.5
80.00 560.00 58.94 0.5 0.5
85.00 560.00 58.71 0.5 0.5
90.00 560.00 58.28 0.5 0.5
95.00 560.00 57.85 0.5 0.5
100.00 560.00 57.34 0.5 0.5
105.00 560.00 56.28 0.5 0.5
110.00 560.00 53.84 0.5 0.5
115.00 560.00 50.57 0.5 0.5
120.00 560.00 53.71 0.5 0.5
125.00 560.00 57.33 0.5 0.5
130.00 560.00 57.79 0.5 0.5
135.00 560.00 55.41 0.5 0.5
140.00 560.00 55.92 1.0 0.0
145.00 560.00 58.23 1.0 0.0
150.00 560.00 55.82 1.0 0.0
155.00 560.00 50.89 1.0 0.0
160.00 560.00 57.49 1.0 0.0
165.00 560.00 58.35 1.0 0.0
170.00 560.00 54.96 1.0 0.0
175.00 560.00 52.01 1.0 0.0
180.00 560.00 52.45 1.0 0.0
0.00 570.00 53.41 0.0 1.0
5.00 570.00 53.51 0.0 1.0
10.00 570.00 53.64 0.0 1.0
15.00 570.00 55.57 0.0 1.0
20.00 570.00 55.17 0.0 1.0
25.00 570.00 48.87 0.0 1.0
30.00 570.00 41.56 0.0 1.0
35.00 570.00 48.37 0.0 1.0
40.00 570.00 45.18 0.0 1.0
45.00 570.00 48.19 0.5 0.5
50.00 570.00 51.68 0.5 0.5
55.00 570.00 51.90 0.5 0.5
60.00 570.00 53.05 0.5 0.5
65.00 570.00 56.47 0.5 0.5
70.00 570.00 59.46 0.5 0.5
75.00 570.00 61.42 0.5 0.5
80.00 570.00 62.54 0.5 0.5
85.00 570.00 62.99 0.5 0.5
90.00 570.00 62.93 0.5 0.5
95.00 570.00 62.36 0.5 0.5
100.00 570.00 61.19 0.5 0.5
105.00 570.00 59.08 0.5 0.5
110.00 570.00 55.61 0.5 0.5
115.00 570.00 52.10 0.5 0.5
120.00 570.00 53.34 0.5 0.5
125.00 570.00 54.50 0.5 0.5
130.00 570.00 53.35 0.5 0.5
135.00 570.00 54.63 0.5 0.5
140.00 570.00 57.80 1.0 0.0
145.00 570.00 57.69 1.0 0.0
150.00 570.00 52.64 1.0 0.0
155.00 570.00 54.36 1.0 0.0
160.00 570.00 58.73 1.0 0.0
165.00 570.00 58.29 1.0 0.0
170.00 570.00 54.76 1.0 0.0
175.00 570.00 52.23 1.0 0.0
180.00 570.00 52.45 1.0 0.0
0.00 580.00 53.41 0.0 1.0
5.00 580.00 53.37 0.0 1.0
10.00 580.00 52.57 0.0 1.0
15.00 580.00 53.54 0.0 1.0
20.00 580.00 54.09 0.0 1.0
25.00 580.00 51.12 0.0 1.0
30.00 580.00 42.81 0.0 1.0
35.00 580.00 44.92 0.0 1.0
40.00 580.00 43.42 0.0 1.0
45.00 580.00 43.39 0.5 0.5
50.00 580.00 52.18 0.5 0.5
55.00 580.00 55.90 0.5 0.5
60.00 580.00 57.59 0.5 0.5
65.00 580.00 58.59 0.5 0.5
70.00 580.00 59.58 0.5 0.5
75.00 580.00 60.67 0.5 0.5
80.00 580.00 61.60 0.5 0.5
85.00 580.00 62.07 0.5 0.5
90.00 580.00 61.94 0.5 0.5
95.00 580.00 61.08 0.5 0.5
100.00 580.00 59.33 0.5 0.5
105.00 580.00 56.48 0.5 0.5
110.00 580.00 52.44 0.5 0.5
115.00 580.00 47.89 0.5 0.5
120.00 580.00 43.19 0.5 0.5
125.00 580.00 44.93 0.5 0.5
130.00 580.00 52.63 0.5 0.5
135.00 580.00 56.32 0.5 0.5
140.00 580.00 56.54 1.0 0.0
145.00 580.00 52.79 1.0 0.0
150.00 580.00 52.24 1.0 0.0
155.00 580.00 57.77 1.0 0.0
160.00 580.00 59.30 1.0 0.0
165.00 580.00 57.71 1.0 0.0
170.00 580.00 54.36 1.0 0.0
175.00 580.00 52.42 1.0 0.0
180.00 580.00 52.45 1.0 0.0
0.00 590.00 53.41 0.0 1.0
5.00 590.00 53.27 0.0 1.0
10.00 590.00 51.86 0.0 1.0
15.00 590.00 50.85 0.0 1.0
20.00 590.00 51.47 0.0 1.0
25.00 590.00 50.61 0.0 1.0
30.00 590.00 45.73 0.0 1.0
35.00 590.00 42.59 0.0 1.0
40.00 590.00 48.46 0.0 1.0
45.00 590.00 50.04 0.5 0.5
50.00 590.00 50.08 0.5 0.5
55.00 590.00 51.87 0.5 0.5
60.00 590.00 54.95 0.5 0.5
65.00 590.00 57.62 0.5 0.5
70.00 590.00 59.60 0.5 0.5
75.00 590.00 60.95 0.5 0.5
80.00 590.00 61.77 0.5 0.5
85.00 590.00 62.10 0.5 0.5
90.00 590.00 61.99 0.5 0.5
95.00 590.00 61.43 0.5 0.5
100.00 590.00 60.37 0.5 0.5
105.00 590.00 58.68 0.5 0.5
110.00 590.00 56.01 0.5 0.5
115.00 590.00 51.54 0.5 0.5
120.00 590.00 45.20 0.5 0.5
125.00 590.00 48.38 0.5 0.5
130.00 590.00 51.44 0.5 0.5
135.00 590.00 50.64 0.5 0.5
140.00 590.00 47.11 1.0 0.0
145.00 590.00 52.50 1.0 0.0
150.00 590.00 57.38 1.0 0.0
155.00 590.00 59.21 1.0 0.0
160.00 590.00 58.76 1.0 0.0
165.00 590.00 56.58 1.0 0.0
170.00 590.00 53.92 1.0 0.0
175.00 590.00 52.60 1.0 0.0
180.00 590.00 52.45 1.0 0.0
0.00 600.00 53.41 0.0 1.0
5.00 600.00 53.19 0.0 1.0
10.00 600.00 51.71 0.0 1.0
15.00 600.00 48.83 0.0 1.0
20.00 600.00 47.22 0.0 1.0
25.00 600.00 48.79 0.0 1.0
30.00 600.00 49.39 0.0 1.0
35.00 600.00 47.65 0.0 1.0
40.00 600.00 44.35 0.0 1.0
45.00 600.00 45.91 0.5 0.5
50.00 600.00 49.83 0.5 0.5
55.00 600.00 52.51 0.5 0.5
60.00 600.00 54.42 0.5 0.5
65.00 600.00 55.98 0.5 0.5
70.00 600.00 57.30 0.5 0.5
75.00 600.00 58.33 0.5 0.5
80.00 600.00 59.01 0.5 0.5
85.00 600.00 59.26 0.5 0.5
90.00 600.00 59.04 0.5 0.5
95.00 600.00 58.32 0.5 0.5
100.00 600.00 57.09 0.5 0.5
105.00 600.00 55.38 0.5 0.5
110.00 600.00 53.34 0.5 0.5
115.00 600.00 51.17 0.5 0.5
120.00 600.00 48.64 0.5 0.5
125.00 600.00 44.17 0.5 0.5
130.00 600.00 39.69 0.5 0.5
135.00 600.00 49.01 0.5 0.5
140.00 600.00 54.34 1.0 0.0
145.00 600.00 57.17 1.0 0.0
150.00 600.00 58.35 1.0 0.0
155.00 600.00 58.21 1.0 0.0
160.00 600.00 57.00 1.0 0.0
165.00 600.00 55.21 1.0 0.0
170.00 600.00 53.62 1.0 0.0
175.00 600.00 52.76 1.0 0.0
180.00 600.00 52.45 1.0 0.0
0.00 610.00 53.41 0.0 1.0
5.00 610.00 53.10 0.0 1.0
10.00 610.00 51.91 0.0 1.0
15.00 610.00 49.25 0.0 1.0
20.00 610.00 45.50 0.0 1.0
25.00 610.00 47.72 0.0 1.0
30.00 610.00 52.36 0.0 1.0
35.00 610.00 55.33 0.0 1.0
40.00 610.00 57.03 0.0 1.0
45.00 610.00 57.83 0.5 0.5
50.00 610.00 58.03 0.5 0.5
55.00 610.00 57.88 0.5 0.5
60.00 610.00 57.60 0.5 0.5
65.00 610.00 57.33 0.5 0.5
70.00 610.00 57.12 0.5 0.5
75.00 610.00 56.97 0.5 0.5
80.00 610.00 56.83 0.5 0.5
85.00 610.00 56.66 0.5 0.5
90.00 610.00 56.40 0.5 0.5
95.00 610.00 56.03 0.5 0.5
100.00 610.00 55.51 0.5 0.5
105.00 610.00 54.76 0.5 0.5
110.00 610.00 53.60 0.5 0.5
115.00 610.00 51.77 0.5 0.5
120.00 610.00 49.01 0.5 0.5
125.00 610.00 46.15 0.5 0.5
130.00 610.00 47.32 0.5 0.5
135.00 610.00 50.73 0.5 0.5
140.00 610.00 53.24 1.0 0.0
145.00 610.00 54.69 1.0 0.0
150.00 610.00 55.31 1.0 0.0
155.00 610.00 55.31 1.0 0.0
160.00 610.00 54.88 1.0 0.0
165.00 610.00 54.23 1.0 0.0
170.00 610.00 53.52 1.0 0.0
175.00 610.00 52.90 1.0 0.0
180.00 610.00 52.45 1.0 0.0
0.00 620.00 53.41 0.0 1.0
5.00 620.00 52.96 0.0 1.0
10.00 620.00 52.03 0.0 1.0
15.00 620.00 50.30 0.0 1.0
20.00 620.00 47.56 0.0 1.0
25.00 620.00 46.05 0.0 1.0
30.00 620.00 49.72 0.0 1.0
35.00 620.00 53.92 0.0 1.0
40.00 620.00 57.05 0.0 1.0
45.00 620.00 59.28 0.5 0.5
50.00 620.00 60.86 0.5 0.5
55.00 620.00 61.95 0.5 0.5
60.00 620.00 62.71 0.5 0.5
65.00 620.00 63.26 0.5 0.5
70.00 620.00 63.71 0.5 0.5
75.00 620.00 64.09 0.5 0.5
80.00 620.00 64.37 0.5 0.5
85.00 620.00 64.49 0.5 0.5
90.00 620.00 64.42 0.5 0.5
95.00 620.00 64.10 0.5 0.5
100.00 620.00 63.50 0.5 0.5
105.00 620.00 62.59 0.5 0.5
110.00 620.00 61.30 0.5 0.5
115.00 620.00 59.56 0.5 0.5
120.00 620.00 57.23 0.5 0.5
125.00 620.00 54.09 0.5 0.5
130.00 620.00 49.89 0.5 0.5
135.00 620.00 45.99 0.5 0.5
140.00 620.00 47.47 1.0 0.0
145.00 620.00 50.47 1.0 0.0
150.00 620.00 52.41 1.0 0.0
155.00 620.00 53.47 1.0 0.0
160.00 620.00 53.89 1.0 0.0
165.00 620.00 53.86 1.0 0.0
170.00 620.00 53.52 1.0 0.0
175.00 620.00 53.01 1.0 0.0
180.00 620.00 52.45 1.0 0.0
0.00 630.00 53.41 0.0 1.0
5.00 630.00 52.77 0.0 1.0
10.00 630.00 51.81 0.0 1.0
15.00 630.00 50.36 0.0 1.0
20.00 630.00 48.15 0.0 1.0
25.00 630.00 44.58 0.0 1.0
30.00 630.00 37.92 0.0 1.0
35.00 630.00 35.06 0.0 1.0
40.00 630.00 43.38 0.0 1.0
45.00 630.00 47.79 0.5 0.5
50.00 630.00 50.47 0.5 0.5
55.00 630.00 52.18 0.5 0.5
60.00 630.00 53.21 0.5 0.5
65.00 630.00 53.73 0.5 0.5
70.00 630.00 53.93 0.5 0.5
75.00 630.00 54.01 0.5 0.5
80.00 630.00 54.13 0.5 0.5
85.00 630.00 54.32 0.5 0.5
90.00 630.00 54.48 0.5 0.5
95.00 630.00 54.45 0.5 0.5
100.00 630.00 54.09 0.5 0.5
105.00 630.00 53.27 0.5 0.5
110.00 630.00 51.89 0.5 0.5
115.00 630.00 49.72 0.5 0.5
120.00 630.00 46.34 0.5 0.5
125.00 630.00 40.71 0.5 0.5
130.00 630.00 37.23 0.5 0.5
135.00 630.00 43.68 0.5 0.5
140.00 630.00 47.85 1.0 0.0
145.00 630.00 50.40 1.0 0.0
150.00 630.00 52.02 1.0 0.0
155.00 630.00 53.02 1.0 0.0
160.00 630.00 53.54 1.0 0.0
165.00 630.00 53.68 1.0 0.0
170.00 630.00 53.51 1.0 0.0
175.00 630.00 53.08 1.0 0.0
180.00 630.00 52.45 1.0 0.0
0.00 640.00 53.41 0.0 1.0
5.00 640.00 52.51 0.0 1.0
10.00 640.00 51.15 0.0 1.0
15.00 640.00 49.10 0.0 1.0
20.00 640.00 46.40 0.0 1.0
25.00 640.00 45.31 0.0 1.0
30.00 640.00 48.33 0.0 1.0
35.00 640.00 51.97 0.0 1.0
40.00 640.00 54.87 0.0 1.0
45.00 640.00 57.14 0.5 0.5
50.00 640.00 58.90 0.5 0.5
55.00 640.00 60.26 0.5 0.5
60.00 640.00 61.26 0.5 0.5
65.00 640.00 61.95 0.5 0.5
70.00 640.00 62.39 0.5 0.5
75.00 640.00 62.61 0.5 0.5
80.00 640.00 62.69 0.5 0.5
85.00 640.00 62.65 0.5 0.5
90.00 640.00 62.50 0.5 0.5
95.00 640.00 62.21 0.5 0.5
100.00 640.00 61.71 0.5 0.5
105.00 640.00 60.97 0.5 0.5
110.00 640.00 59.89 0.5 0.5
115.00 640.00 58.39 0.5 0.5
120.00 640.00 56.34 0.5 0.5
125.00 640.00 53.53 0.5 0.5
130.00 640.00 49.66 0.5 0.5
135.00 640.00 44.94 0.5 0.5
140.00 640.00 44.61 1.0 0.0
145.00 640.00 48.08 1.0 0.0
150.00 640.00 50.61 1.0 0.0
155.00 640.00 52.13 1.0 0.0
160.00 640.00 52.99 1.0 0.0
165.00 640.00 53.38 1.0 0.0
170.00 640.00 53.40 1.0 0.0
175.00 640.00 53.11 1.0 0.0
180.00 640.00 52.45 1.0 0.0
0.00 650.00 53.41 0.0 1.0
5.00 650.00 52.21 0.0 1.0
10.00 650.00 50.15 0.0 1.0
15.00 650.00 46.66 0.0 1.0
20.00 650.00 42.90 0.0 1.0
25.00 650.00 46.21 0.0 1.0
30.00 650.00 50.49 0.0 1.0
35.00 650.00 53.20 0.0 1.0
40.00 650.00 54.87 0.0 1.0
45.00 650.00 55.89 0.5 0.5
50.00 650.00 56.54 0.5 0.5
55.00 650.00 57.00 0.5 0.5
60.00 650.00 57.38 0.5 0.5
65.00 650.00 57.76 0.5 0.5
70.00 650.00 58.12 0.5 0.5
75.00 650.00 58.40 0.5 0.5
80.00 650.00 58.52 0.5 0.5
85.00 650.00 58.43 0.5 0.5
90.00 650.00 58.08 0.5 0.5
95.00 650.00 57.44 0.5 0.5
100.00 650.00 56.49 0.5 0.5
105.00 650.00 55.12 0.5 0.5
110.00 650.00 53.17 0.5 0.5
115.00 650.00 50.36 0.5 0.5
120.00 650.00 46.42 0.5 0.5
125.00 650.00 43.56 0.5 0.5
130.00 650.00 46.19 0.5 0.5
135.00 650.00 49.24 0.5 0.5
140.00 650.00 51.07 1.0 0.0
145.00 650.00 51.97 1.0 0.0
150.00 650.00 52.31 1.0 0.0
155.00 650.00 52.44 1.0 0.0
160.00 650.00 52.65 1.0 0.0
165.00 650.00 52.95 1.0 0.0
170.00 650.00 53.17 1.0 0.0
175.00 650.00 53.07 1.0 0.0
180.00 650.00 52.45 1.0 0.0
0.00 660.00 53.41 0.0 1.0
5.00 660.00 51.90 0.0 1.0
10.00 660.00 49.15 0.0 1.0
15.00 660.00 45.25 0.0 1.0
20.00 660.00 44.47 0.0 1.0
25.00 660.00 46.44 0.0 1.0
30.00 660.00 46.48 0.0 1.0
35.00 660.00 44.35 0.0 1.0
40.00 660.00 44.98 0.0 1.0
45.00 660.00 49.72 0.5 0.5
50.00 660.00 53.31 0.5 0.5
55.00 660.00 55.61 0.5 0.5
60.00 660.00 57.07 0.5 0.5
65.00 660.00 57.98 0.5 0.5
70.00 660.00 58.53 0.5 0.5
75.00 660.00 58.81 0.5 0.5
80.00 660.00 58.86 0.5 0.5
85.00 660.00 58.70 0.5 0.5
90.00 660.00 58.33 0.5 0.5
95.00 660.00 57.75 0.5 0.5
100.00 660.00 56.98 0.5 0.5
105.00 660.00 56.00 0.5 0.5
110.00 660.00 54.77 0.5 0.5
115.00 660.00 53.10 0.5 0.5
120.00 660.00 50.56 0.5 0.5
125.00 660.00 46.97 0.5 0.5
130.00 660.00 47.36 0.5 0.5
135.00 660.00 52.13 0.5 0.5
140.00 660.00 55.47 1.0 0.0
145.00 660.00 57.14 1.0 0.0
150.00 660.00 57.40 1.0 0.0
155.00 660.00 56.41 1.0 0.0
160.00 660.00 54.60 1.0 0.0
165.00 660.00 53.09 1.0 0.0
170.00 660.00 52.85 1.0 0.0
175.00 660.00 52.99 1.0 0.0
180.00 660.00 52.45 1.0 0.0
0.00 670.00 53.41 0.0 1.0
5.00 670.00 51.63 0.0 1.0
10.00 670.00 48.81 0.0 1.0
15.00 670.00 47.89 0.0 1.0
20.00 670.00 48.94 0.0 1.0
25.00 670.00 47.33 0.0 1.0
30.00 670.00 39.08 0.0 1.0
35.00 670.00 43.87 0.0 1.0
40.00 670.00 49.72 0.0 1.0
45.00 670.00 51.05 0.5 0.5
50.00 670.00 50.37 0.5 0.5
55.00 670.00 50.86 0.5 0.5
60.00 670.00 53.93 0.5 0.5
65.00 670.00 56.93 0.5 0.5
70.00 670.00 59.06 0.5 0.5
75.00 670.00 60.43 0.5 0.5
80.00 670.00 61.20 0.5 0.5
85.00 670.00 61.49 0.5 0.5
90.00 670.00 61.33 0.5 0.5
95.00 670.00 60.70 0.5 0.5
100.00 670.00 59.56 0.5 0.5
105.00 670.00 57.72 0.5 0.5
110.00 670.00 54.82 0.5 0.5
115.00 670.00 49.96 0.5 0.5
120.00 670.00 42.59 0.5 0.5
125.00 670.00 45.68 0.5 0.5
130.00 670.00 48.52 0.5 0.5
135.00 670.00 48.58 0.5 0.5
140.00 670.00 51.25 1.0 0.0
145.00 670.00 55.78 1.0 0.0
150.00 670.00 58.43 1.0 0.0
155.00 670.00 58.90 1.0 0.0
160.00 670.00 57.36 1.0 0.0
165.00 670.00 54.42 1.0 0.0
170.00 670.00 52.65 1.0 0.0
175.00 670.00 52.85 1.0 0.0
180.00 670.00 52.45 1.0 0.0
0.00 680.00 53.41 0.0 1.0
5.00 680.00 51.45 0.0 1.0
10.00 680.00 49.52 0.0 1.0
15.00 680.00 51.14 0.0 1.0
20.00 680.00 51.72 0.0 1.0
25.00 680.00 47.88 0.0 1.0
30.00 680.00 39.60 0.0 1.0
35.00 680.00 46.04 0.0 1.0
40.00 680.00 44.82 0.0 1.0
45.00 680.00 38.83 0.5 0.5
50.00 680.00 50.63 0.5 0.5
55.00 680.00 55.40 0.5 0.5
60.00 680.00 57.72 0.5 0.5
65.00 680.00 59.10 0.5 0.5
70.00 680.00 60.21 0.5 0.5
75.00 680.00 61.18 0.5 0.5
80.00 680.00 61.86 0.5 0.5
85.00 680.00 62.10 0.5 0.5
90.00 680.00 61.79 0.5 0.5
95.00 680.00 60.82 0.5 0.5
100.00 680.00 59.11 0.5 0.5
105.00 680.00 56.65 0.5 0.5
110.00 680.00 53.70 0.5 0.5
115.00 680.00 50.61 0.5 0.5
120.00 680.00 45.96 0.5 0.5
125.00 680.00 43.33 0.5 0.5
130.00 680.00 51.53 0.5 0.5
135.00 680.00 55.11 0.5 0.5
140.00 680.00 55.18 1.0 0.0
145.00 680.00 53.52 1.0 0.0
150.00 680.00 56.03 1.0 0.0
155.00 680.00 58.90 1.0 0.0
160.00 680.00 58.88 1.0 0.0
165.00 680.00 56.08 1.0 0.0
170.00 680.00 52.73 1.0 0.0
175.00 680.00 52.69 1.0 0.0
180.00 680.00 52.45 1.0 0.0
0.00 690.00 53.41 0.0 1.0
5.00 690.00 51.38 0.0 1.0
10.00 690.00 50.83 0.0 1.0
15.00 690.00 53.49 0.0 1.0
20.00 690.00 53.12 0.0 1.0
25.00 690.00 46.34 0.0 1.0
30.00 690.00 41.18 0.0 1.0
35.00 690.00 46.63 0.0 1.0
40.00 690.00 41.69 0.0 1.0
45.00 690.00 46.95 0.5 0.5
50.00 690.00 51.54 0.5 0.5
55.00 690.00 52.73 0.5 0.5
60.00 690.00 54.52 0.5 0.5
65.00 690.00 57.57 0.5 0.5
70.00 690.00 60.06 0.5 0.5
75.00 690.00 61.61 0.5 0.5
80.00 690.00 62.42 0.5 0.5
85.00 690.00 62.68 0.5 0.5
90.00 690.00 62.45 0.5 0.5
95.00 690.00 61.68 0.5 0.5
100.00 690.00 60.14 0.5 0.5
105.00 690.00 57.31 0.5 0.5
110.00 690.00 52.20 0.5 0.5
115.00 690.00 48.35 0.5 0.5
120.00 690.00 52.58 0.5 0.5
125.00 690.00 53.76 0.5 0.5
130.00 690.00 51.90 0.5 0.5
135.00 690.00 53.56 0.5 0.5
140.00 690.00 56.94 1.0 0.0
145.00 690.00 56.79 1.0 0.0
150.00 690.00 54.35 1.0 0.0
155.00 690.00 57.17 1.0 0.0
160.00 690.00 59.12 1.0 0.0
165.00 690.00 57.24 1.0 0.0
170.00 690.00 53.02 1.0 0.0
175.00 690.00 52.51 1.0 0.0
180.00 690.00 52.45 1.0 0.0
0.00 700.00 53.41 0.0 1.0
5.00 700.00 51.42 0.0 1.0
10.00 700.00 52.15 0.0 1.0
15.00 700.00 55.10 0.0 1.0
20.00 700.00 53.79 0.0 1.0
25.00 700.00 44.71 0.0 1.0
30.00 700.00 48.61 0.0 1.0
35.00 700.00 49.81 0.0 1.0
40.00 700.00 40.86 0.0 1.0
45.00 700.00 44.24 0.5 0.5
50.00 700.00 46.77 0.5 0.5
55.00 700.00 46.92 0.5 0.5
60.00 700.00 52.92 0.5 0.5
65.00 700.00 56.66 0.5 0.5
70.00 700.00 58.26 0.5 0.5
75.00 700.00 58.63 0.5 0.5
80.00 700.00 58.36 0.5 0.5
85.00 700.00 57.88 0.5 0.5
90.00 700.00 57.50 0.5 0.5
95.00 700.00 57.23 0.5 0.5
100.00 700.00 56.72 0.5 0.5
105.00 700.00 55.32 0.5 0.5
110.00 700.00 52.18 0.5 0.5
115.00 700.00 49.96 0.5 0.5
120.00 700.00 54.69 0.5 0.5
125.00 700.00 57.75 0.5 0.5
130.00 700.00 57.65 0.5 0.5
135.00 700.00 54.66 0.5 0.5
140.00 700.00 55.30 1.0 0.0
145.00 700.00 57.65 1.0 0.0
150.00 700.00 55.71 1.0 0.0
155.00 700.00 54.99 1.0 0.0
160.00 700.00 58.52 1.0 0.0
165.00 700.00 57.74 1.0 0.0
170.00 700.00 53.29 1.0 0.0
175.00 700.00 52.33 1.0 0.0
180.00 700.00 52.45 1.0 0.0
0.00 710.00 53.41 0.0 1.0
5.00 710.00 51.55 0.0 1.0
10.00 710.00 53.20 0.0 1.0
15.00 710.00 56.23 0.0 1.0
20.00 710.00 54.37 0.0 1.0
25.00 710.00 47.46 0.0 1.0
30.00 710.00 52.66 0.0 1.0
35.00 710.00 51.82 0.0 1.0
40.00 710.00 45.03 0.0 1.0
45.00 710.00 51.47 0.5 0.5
50.00 710.00 52.81 0.5 0.5
55.00 710.00 49.87 0.5 0.5
60.00 710.00 49.72 0.5 0.5
65.00 710.00 52.76 0.5 0.5
70.00 710.00 53.65 0.5 0.5
75.00 710.00 52.79 0.5 0.5
80.00 710.00 51.02 0.5 0.5
85.00 710.00 49.21 0.5 0.5
90.00 710.00 48.05 0.5 0.5
95.00 710.00 47.80 0.5 0.5
100.00 710.00 48.11 0.5 0.5
105.00 710.00 47.74 0.5 0.5
110.00 710.00 44.64 0.5 0.5
115.00 710.00 43.50 0.5 0.5
120.00 710.00 52.63 0.5 0.5
125.00 710.00 57.37 0.5 0.5
130.00 710.00 58.72 0.5 0.5
135.00 710.00 56.63 0.5 0.5
140.00 710.00 53.60 1.0 0.0
145.00 710.00 56.70 1.0 0.0
150.00 710.00 56.29 1.0 0.0
155.00 710.00 53.38 1.0 0.0
160.00 710.00 57.55 1.0 0.0
165.00 710.00 57.73 1.0 0.0
170.00 710.00 53.33 1.0 0.0
175.00 710.00 52.17 1.0 0.0
180.00 710.00 52.45 1.0 0.0
0.00 720.00 53.41 0.0 1.0
5.00 720.00 51.73 0.0 1.0
10.00 720.00 53.92 0.0 1.0
15.00 720.00 57.06 0.0 1.0
20.00 720.00 55.26 0.0 1.0
25.00 720.00 50.52 0.0 1.0
30.00 720.00 54.93 0.0 1.0
35.00 720.00 53.81 0.0 1.0
40.00 720.00 51.20 0.0 1.0
45.00 720.00 56.14 0.5 0.5
50.00 720.00 57.12 0.5 0.5
55.00 720.00 53.91 0.5 0.5
60.00 720.00 45.80 0.5 0.5
65.00 720.00 47.26 0.5 0.5
70.00 720.00 50.49 0.5 0.5
75.00 720.00 50.18 0.5 0.5
80.00 720.00 48.25 0.5 0.5
85.00 720.00 46.85 0.5 0.5
90.00 720.00 47.12 0.5 0.5
95.00 720.00 47.47 0.5 0.5
100.00 720.00 47.02 0.5 0.5
105.00 720.00 45.80 0.5 0.5
110.00 720.00 43.78 0.5 0.5
115.00 720.00 43.60 0.5 0.5
120.00 720.00 50.20 0.5 0.5
125.00 720.00 55.26 0.5 0.5
130.00 720.00 57.23 0.5 0.5
135.00 720.00 55.67 0.5 0.5
140.00 720.00 51.52 1.0 0.0
145.00 720.00 55.12 1.0 0.0
150.00 720.00 55.58 1.0 0.0
155.00 720.00 51.91 1.0 0.0
160.00 720.00 56.60 1.0 0.0
165.00 720.00 57.33 1.0 0.0
170.00 720.00 53.04 1.0 0.0
175.00 720.00 52.03 1.0 0.0
180.00 720.00 52.45 1.0 0.0
