# FGCom-mumble Far-Field Radiation Pattern
# Frequency: 432.0 MHz
# Altitude: 0 m
# Format: Theta Phi Gain_dBi H_Polarization V_Polarization
# Theta: Elevation angle (0-180 degrees)
# Phi: Azimuth angle (0-360 degrees)
# Gain: Antenna gain in dBi
# H_Polarization: Horizontal polarization component
# V_Polarization: Vertical polarization component
0.00 0.00 85.07 0.0 1.0
5.00 0.00 92.22 0.0 1.0
10.00 0.00 98.15 0.0 1.0
15.00 0.00 99.79 0.0 1.0
20.00 0.00 97.31 0.0 1.0
25.00 0.00 94.04 0.0 1.0
30.00 0.00 96.44 0.0 1.0
35.00 0.00 96.61 0.0 1.0
40.00 0.00 94.79 0.0 1.0
45.00 0.00 92.38 0.5 0.5
50.00 0.00 91.72 0.5 0.5
55.00 0.00 94.95 0.5 0.5
60.00 0.00 97.05 0.5 0.5
65.00 0.00 97.14 0.5 0.5
70.00 0.00 95.78 0.5 0.5
75.00 0.00 93.98 0.5 0.5
80.00 0.00 93.23 0.5 0.5
85.00 0.00 93.57 0.5 0.5
90.00 0.00 93.84 0.5 0.5
95.00 0.00 93.59 0.5 0.5
100.00 0.00 93.31 0.5 0.5
105.00 0.00 94.15 0.5 0.5
110.00 0.00 96.00 0.5 0.5
115.00 0.00 97.40 0.5 0.5
120.00 0.00 97.33 0.5 0.5
125.00 0.00 95.19 0.5 0.5
130.00 0.00 91.64 0.5 0.5
135.00 0.00 91.90 0.5 0.5
140.00 0.00 94.21 1.0 0.0
145.00 0.00 96.12 1.0 0.0
150.00 0.00 96.22 1.0 0.0
155.00 0.00 93.47 1.0 0.0
160.00 0.00 96.47 1.0 0.0
165.00 0.00 99.55 1.0 0.0
170.00 0.00 98.35 1.0 0.0
175.00 0.00 92.89 1.0 0.0
180.00 0.00 85.23 1.0 0.0
0.00 10.00 85.07 0.0 1.0
5.00 10.00 92.09 0.0 1.0
10.00 10.00 98.03 0.0 1.0
15.00 10.00 99.80 0.0 1.0
20.00 10.00 97.55 0.0 1.0
25.00 10.00 94.01 0.0 1.0
30.00 10.00 96.23 0.0 1.0
35.00 10.00 96.70 0.0 1.0
40.00 10.00 95.04 0.0 1.0
45.00 10.00 92.72 0.5 0.5
50.00 10.00 91.37 0.5 0.5
55.00 10.00 94.03 0.5 0.5
60.00 10.00 96.41 0.5 0.5
65.00 10.00 96.90 0.5 0.5
70.00 10.00 95.91 0.5 0.5
75.00 10.00 94.29 0.5 0.5
80.00 10.00 93.30 0.5 0.5
85.00 10.00 93.32 0.5 0.5
90.00 10.00 93.51 0.5 0.5
95.00 10.00 93.45 0.5 0.5
100.00 10.00 93.59 0.5 0.5
105.00 10.00 94.67 0.5 0.5
110.00 10.00 96.27 0.5 0.5
115.00 10.00 97.23 0.5 0.5
120.00 10.00 96.72 0.5 0.5
125.00 10.00 94.27 0.5 0.5
130.00 10.00 91.26 0.5 0.5
135.00 10.00 92.33 0.5 0.5
140.00 10.00 94.52 1.0 0.0
145.00 10.00 96.28 1.0 0.0
150.00 10.00 96.06 1.0 0.0
155.00 10.00 93.38 1.0 0.0
160.00 10.00 96.77 1.0 0.0
165.00 10.00 99.59 1.0 0.0
170.00 10.00 98.25 1.0 0.0
175.00 10.00 92.78 1.0 0.0
180.00 10.00 85.23 1.0 0.0
0.00 20.00 85.07 0.0 1.0
5.00 20.00 91.72 0.0 1.0
10.00 20.00 97.66 0.0 1.0
15.00 20.00 99.78 0.0 1.0
20.00 20.00 98.25 0.0 1.0
25.00 20.00 94.35 0.0 1.0
30.00 20.00 95.52 0.0 1.0
35.00 20.00 96.84 0.0 1.0
40.00 20.00 95.82 0.0 1.0
45.00 20.00 93.84 0.5 0.5
50.00 20.00 91.71 0.5 0.5
55.00 20.00 91.67 0.5 0.5
60.00 20.00 93.97 0.5 0.5
65.00 20.00 95.35 0.5 0.5
70.00 20.00 95.25 0.5 0.5
75.00 20.00 94.08 0.5 0.5
80.00 20.00 92.57 0.5 0.5
85.00 20.00 91.58 0.5 0.5
90.00 20.00 91.47 0.5 0.5
95.00 20.00 92.06 0.5 0.5
100.00 20.00 93.26 0.5 0.5
105.00 20.00 94.70 0.5 0.5
110.00 20.00 95.72 0.5 0.5
115.00 20.00 95.70 0.5 0.5
120.00 20.00 94.22 0.5 0.5
125.00 20.00 91.78 0.5 0.5
130.00 20.00 91.64 0.5 0.5
135.00 20.00 93.56 0.5 0.5
140.00 20.00 95.43 1.0 0.0
145.00 20.00 96.58 1.0 0.0
150.00 20.00 95.40 1.0 0.0
155.00 20.00 93.54 1.0 0.0
160.00 20.00 97.63 1.0 0.0
165.00 20.00 99.65 1.0 0.0
170.00 20.00 97.93 1.0 0.0
175.00 20.00 92.43 1.0 0.0
180.00 20.00 85.23 1.0 0.0
0.00 30.00 85.07 0.0 1.0
5.00 30.00 91.08 0.0 1.0
10.00 30.00 96.98 0.0 1.0
15.00 30.00 99.58 0.0 1.0
20.00 30.00 99.11 0.0 1.0
25.00 30.00 95.86 0.0 1.0
30.00 30.00 94.34 0.0 1.0
35.00 30.00 96.36 0.0 1.0
40.00 30.00 96.65 0.0 1.0
45.00 30.00 95.40 0.5 0.5
50.00 30.00 93.59 0.5 0.5
55.00 30.00 91.73 0.5 0.5
60.00 30.00 90.72 0.5 0.5
65.00 30.00 91.22 0.5 0.5
70.00 30.00 91.68 0.5 0.5
75.00 30.00 91.03 0.5 0.5
80.00 30.00 88.95 0.5 0.5
85.00 30.00 85.44 0.5 0.5
90.00 30.00 83.25 0.5 0.5
95.00 30.00 86.42 0.5 0.5
100.00 30.00 89.66 0.5 0.5
105.00 30.00 91.47 0.5 0.5
110.00 30.00 91.97 0.5 0.5
115.00 30.00 91.46 0.5 0.5
120.00 30.00 91.03 0.5 0.5
125.00 30.00 92.00 0.5 0.5
130.00 30.00 93.65 0.5 0.5
135.00 30.00 95.24 0.5 0.5
140.00 30.00 96.47 1.0 0.0
145.00 30.00 96.28 1.0 0.0
150.00 30.00 94.07 1.0 0.0
155.00 30.00 95.08 1.0 0.0
160.00 30.00 98.71 1.0 0.0
165.00 30.00 99.57 1.0 0.0
170.00 30.00 97.31 1.0 0.0
175.00 30.00 91.84 1.0 0.0
180.00 30.00 85.23 1.0 0.0
0.00 40.00 85.07 0.0 1.0
5.00 40.00 90.18 0.0 1.0
10.00 40.00 95.92 0.0 1.0
15.00 40.00 99.00 0.0 1.0
20.00 40.00 99.68 0.0 1.0
25.00 40.00 98.05 0.0 1.0
30.00 40.00 94.98 0.0 1.0
35.00 40.00 94.65 0.0 1.0
40.00 40.00 96.24 0.0 1.0
45.00 40.00 96.56 0.5 0.5
50.00 40.00 95.68 0.5 0.5
55.00 40.00 94.20 0.5 0.5
60.00 40.00 92.51 0.5 0.5
65.00 40.00 90.71 0.5 0.5
70.00 40.00 88.87 0.5 0.5
75.00 40.00 86.94 0.5 0.5
80.00 40.00 84.56 0.5 0.5
85.00 40.00 81.36 0.5 0.5
90.00 40.00 79.65 0.5 0.5
95.00 40.00 82.56 0.5 0.5
100.00 40.00 85.76 0.5 0.5
105.00 40.00 88.06 0.5 0.5
110.00 40.00 89.88 0.5 0.5
115.00 40.00 91.53 0.5 0.5
120.00 40.00 93.07 0.5 0.5
125.00 40.00 94.50 0.5 0.5
130.00 40.00 95.78 0.5 0.5
135.00 40.00 96.57 0.5 0.5
140.00 40.00 96.23 1.0 0.0
145.00 40.00 94.51 1.0 0.0
150.00 40.00 94.41 1.0 0.0
155.00 40.00 97.60 1.0 0.0
160.00 40.00 99.51 1.0 0.0
165.00 40.00 99.11 1.0 0.0
170.00 40.00 96.33 1.0 0.0
175.00 40.00 91.00 1.0 0.0
180.00 40.00 85.23 1.0 0.0
0.00 50.00 85.07 0.0 1.0
5.00 50.00 89.03 0.0 1.0
10.00 50.00 94.35 0.0 1.0
15.00 50.00 97.78 0.0 1.0
20.00 50.00 99.44 0.0 1.0
25.00 50.00 99.49 0.0 1.0
30.00 50.00 98.04 0.0 1.0
35.00 50.00 95.67 0.0 1.0
40.00 50.00 94.38 0.0 1.0
45.00 50.00 95.11 0.5 0.5
50.00 50.00 95.85 0.5 0.5
55.00 50.00 95.76 0.5 0.5
60.00 50.00 94.92 0.5 0.5
65.00 50.00 93.50 0.5 0.5
70.00 50.00 91.59 0.5 0.5
75.00 50.00 89.07 0.5 0.5
80.00 50.00 85.53 0.5 0.5
85.00 50.00 80.17 0.5 0.5
90.00 50.00 77.11 0.5 0.5
95.00 50.00 83.04 0.5 0.5
100.00 50.00 87.40 0.5 0.5
105.00 50.00 90.35 0.5 0.5
110.00 50.00 92.52 0.5 0.5
115.00 50.00 94.17 0.5 0.5
120.00 50.00 95.36 0.5 0.5
125.00 50.00 96.03 0.5 0.5
130.00 50.00 95.99 0.5 0.5
135.00 50.00 95.15 0.5 0.5
140.00 50.00 94.26 1.0 0.0
145.00 50.00 95.39 1.0 0.0
150.00 50.00 97.79 1.0 0.0
155.00 50.00 99.36 1.0 0.0
160.00 50.00 99.48 1.0 0.0
165.00 50.00 98.03 1.0 0.0
170.00 50.00 94.87 1.0 0.0
175.00 50.00 89.91 1.0 0.0
180.00 50.00 85.23 1.0 0.0
0.00 60.00 85.07 0.0 1.0
5.00 60.00 87.68 0.0 1.0
10.00 60.00 92.19 0.0 1.0
15.00 60.00 95.64 0.0 1.0
20.00 60.00 97.93 0.0 1.0
25.00 60.00 99.17 0.0 1.0
30.00 60.00 99.47 0.0 1.0
35.00 60.00 98.93 0.0 1.0
40.00 60.00 97.69 0.0 1.0
45.00 60.00 96.07 0.5 0.5
50.00 60.00 94.62 0.5 0.5
55.00 60.00 93.80 0.5 0.5
60.00 60.00 93.41 0.5 0.5
65.00 60.00 92.90 0.5 0.5
70.00 60.00 91.90 0.5 0.5
75.00 60.00 90.18 0.5 0.5
80.00 60.00 87.55 0.5 0.5
85.00 60.00 83.99 0.5 0.5
90.00 60.00 82.26 0.5 0.5
95.00 60.00 85.34 0.5 0.5
100.00 60.00 88.64 0.5 0.5
105.00 60.00 90.94 0.5 0.5
110.00 60.00 92.42 0.5 0.5
115.00 60.00 93.29 0.5 0.5
120.00 60.00 93.74 0.5 0.5
125.00 60.00 94.13 0.5 0.5
130.00 60.00 94.92 0.5 0.5
135.00 60.00 96.28 0.5 0.5
140.00 60.00 97.79 1.0 0.0
145.00 60.00 98.96 1.0 0.0
150.00 60.00 99.51 1.0 0.0
155.00 60.00 99.26 1.0 0.0
160.00 60.00 98.14 1.0 0.0
165.00 60.00 96.03 1.0 0.0
170.00 60.00 92.83 1.0 0.0
175.00 60.00 88.61 1.0 0.0
180.00 60.00 85.23 1.0 0.0
0.00 70.00 85.07 0.0 1.0
5.00 70.00 86.28 0.0 1.0
10.00 70.00 89.37 0.0 1.0
15.00 70.00 92.30 0.0 1.0
20.00 70.00 94.65 0.0 1.0
25.00 70.00 96.43 0.0 1.0
30.00 70.00 97.66 0.0 1.0
35.00 70.00 98.41 0.0 1.0
40.00 70.00 98.71 0.0 1.0
45.00 70.00 98.60 0.5 0.5
50.00 70.00 98.12 0.5 0.5
55.00 70.00 97.29 0.5 0.5
60.00 70.00 96.14 0.5 0.5
65.00 70.00 94.63 0.5 0.5
70.00 70.00 92.73 0.5 0.5
75.00 70.00 90.28 0.5 0.5
80.00 70.00 87.05 0.5 0.5
85.00 70.00 83.23 0.5 0.5
90.00 70.00 82.69 0.5 0.5
95.00 70.00 86.36 0.5 0.5
100.00 70.00 89.72 0.5 0.5
105.00 70.00 92.25 0.5 0.5
110.00 70.00 94.19 0.5 0.5
115.00 70.00 95.72 0.5 0.5
120.00 70.00 96.93 0.5 0.5
125.00 70.00 97.85 0.5 0.5
130.00 70.00 98.50 0.5 0.5
135.00 70.00 98.85 0.5 0.5
140.00 70.00 98.88 1.0 0.0
145.00 70.00 98.55 1.0 0.0
150.00 70.00 97.83 1.0 0.0
155.00 70.00 96.68 1.0 0.0
160.00 70.00 95.03 1.0 0.0
165.00 70.00 92.87 1.0 0.0
170.00 70.00 90.17 1.0 0.0
175.00 70.00 87.20 1.0 0.0
180.00 70.00 85.23 1.0 0.0
0.00 80.00 85.07 0.0 1.0
5.00 80.00 85.22 0.0 1.0
10.00 80.00 86.21 0.0 1.0
15.00 80.00 87.63 0.0 1.0
20.00 80.00 89.12 0.0 1.0
25.00 80.00 90.49 0.0 1.0
30.00 80.00 91.67 0.0 1.0
35.00 80.00 92.62 0.0 1.0
40.00 80.00 93.33 0.0 1.0
45.00 80.00 93.79 0.5 0.5
50.00 80.00 93.98 0.5 0.5
55.00 80.00 93.87 0.5 0.5
60.00 80.00 93.42 0.5 0.5
65.00 80.00 92.58 0.5 0.5
70.00 80.00 91.26 0.5 0.5
75.00 80.00 89.30 0.5 0.5
80.00 80.00 86.48 0.5 0.5
85.00 80.00 82.79 0.5 0.5
90.00 80.00 81.26 0.5 0.5
95.00 80.00 84.52 0.5 0.5
100.00 80.00 87.85 0.5 0.5
105.00 80.00 90.22 0.5 0.5
110.00 80.00 91.86 0.5 0.5
115.00 80.00 92.96 0.5 0.5
120.00 80.00 93.64 0.5 0.5
125.00 80.00 93.99 0.5 0.5
130.00 80.00 94.04 0.5 0.5
135.00 80.00 93.83 0.5 0.5
140.00 80.00 93.40 1.0 0.0
145.00 80.00 92.76 1.0 0.0
150.00 80.00 91.92 1.0 0.0
155.00 80.00 90.90 1.0 0.0
160.00 80.00 89.71 1.0 0.0
165.00 80.00 88.41 1.0 0.0
170.00 80.00 87.08 1.0 0.0
175.00 80.00 85.91 1.0 0.0
180.00 80.00 85.23 1.0 0.0
0.00 90.00 85.07 0.0 1.0
5.00 90.00 85.01 0.0 1.0
10.00 90.00 84.77 0.0 1.0
15.00 90.00 84.37 0.0 1.0
20.00 90.00 83.77 0.0 1.0
25.00 90.00 82.98 0.0 1.0
30.00 90.00 81.94 0.0 1.0
35.00 90.00 80.64 0.0 1.0
40.00 90.00 79.03 0.0 1.0
45.00 90.00 77.04 0.5 0.5
50.00 90.00 74.61 0.5 0.5
55.00 90.00 71.63 0.5 0.5
60.00 90.00 67.95 0.5 0.5
65.00 90.00 63.33 0.5 0.5
70.00 90.00 57.43 0.5 0.5
75.00 90.00 51.08 0.5 0.5
80.00 90.00 49.69 0.5 0.5
85.00 90.00 50.04 0.5 0.5
90.00 90.00 48.94 0.5 0.5
95.00 90.00 47.64 0.5 0.5
100.00 90.00 49.36 0.5 0.5
105.00 90.00 54.41 0.5 0.5
110.00 90.00 59.97 0.5 0.5
115.00 90.00 64.84 0.5 0.5
120.00 90.00 68.91 0.5 0.5
125.00 90.00 72.26 0.5 0.5
130.00 90.00 75.03 0.5 0.5
135.00 90.00 77.33 0.5 0.5
140.00 90.00 79.23 1.0 0.0
145.00 90.00 80.80 1.0 0.0
150.00 90.00 82.08 1.0 0.0
155.00 90.00 83.11 1.0 0.0
160.00 90.00 83.91 1.0 0.0
165.00 90.00 84.52 1.0 0.0
170.00 90.00 84.93 1.0 0.0
175.00 90.00 85.17 1.0 0.0
180.00 90.00 85.23 1.0 0.0
0.00 100.00 85.07 0.0 1.0
5.00 100.00 85.80 0.0 1.0
10.00 100.00 86.97 0.0 1.0
15.00 100.00 88.29 0.0 1.0
20.00 100.00 89.56 0.0 1.0
25.00 100.00 90.70 0.0 1.0
30.00 100.00 91.69 0.0 1.0
35.00 100.00 92.51 0.0 1.0
40.00 100.00 93.12 0.0 1.0
45.00 100.00 93.52 0.5 0.5
50.00 100.00 93.67 0.5 0.5
55.00 100.00 93.55 0.5 0.5
60.00 100.00 93.10 0.5 0.5
65.00 100.00 92.26 0.5 0.5
70.00 100.00 90.96 0.5 0.5
75.00 100.00 89.03 0.5 0.5
80.00 100.00 86.25 0.5 0.5
85.00 100.00 82.65 0.5 0.5
90.00 100.00 81.38 0.5 0.5
95.00 100.00 84.80 0.5 0.5
100.00 100.00 88.17 0.5 0.5
105.00 100.00 90.57 0.5 0.5
110.00 100.00 92.23 0.5 0.5
115.00 100.00 93.34 0.5 0.5
120.00 100.00 94.01 0.5 0.5
125.00 100.00 94.30 0.5 0.5
130.00 100.00 94.28 0.5 0.5
135.00 100.00 93.96 0.5 0.5
140.00 100.00 93.38 1.0 0.0
145.00 100.00 92.54 1.0 0.0
150.00 100.00 91.47 1.0 0.0
155.00 100.00 90.21 1.0 0.0
160.00 100.00 88.81 1.0 0.0
165.00 100.00 87.39 1.0 0.0
170.00 100.00 86.13 1.0 0.0
175.00 100.00 85.33 1.0 0.0
180.00 100.00 85.23 1.0 0.0
0.00 110.00 85.07 0.0 1.0
5.00 110.00 87.17 0.0 1.0
10.00 110.00 90.18 0.0 1.0
15.00 110.00 92.84 0.0 1.0
20.00 110.00 94.96 0.0 1.0
25.00 110.00 96.57 0.0 1.0
30.00 110.00 97.71 0.0 1.0
35.00 110.00 98.42 0.0 1.0
40.00 110.00 98.73 0.0 1.0
45.00 110.00 98.67 0.5 0.5
50.00 110.00 98.27 0.5 0.5
55.00 110.00 97.56 0.5 0.5
60.00 110.00 96.54 0.5 0.5
65.00 110.00 95.21 0.5 0.5
70.00 110.00 93.52 0.5 0.5
75.00 110.00 91.35 0.5 0.5
80.00 110.00 88.48 0.5 0.5
85.00 110.00 84.74 0.5 0.5
90.00 110.00 82.05 0.5 0.5
95.00 110.00 84.75 0.5 0.5
100.00 110.00 88.50 0.5 0.5
105.00 110.00 91.38 0.5 0.5
110.00 110.00 93.57 0.5 0.5
115.00 110.00 95.30 0.5 0.5
120.00 110.00 96.67 0.5 0.5
125.00 110.00 97.72 0.5 0.5
130.00 110.00 98.45 0.5 0.5
135.00 110.00 98.84 0.5 0.5
140.00 110.00 98.85 1.0 0.0
145.00 110.00 98.45 1.0 0.0
150.00 110.00 97.60 1.0 0.0
155.00 110.00 96.26 1.0 0.0
160.00 110.00 94.40 1.0 0.0
165.00 110.00 92.01 1.0 0.0
170.00 110.00 89.14 1.0 0.0
175.00 110.00 86.30 1.0 0.0
180.00 110.00 85.23 1.0 0.0
0.00 120.00 85.07 0.0 1.0
5.00 120.00 88.66 0.0 1.0
10.00 120.00 92.90 0.0 1.0
15.00 120.00 96.05 0.0 1.0
20.00 120.00 98.13 0.0 1.0
25.00 120.00 99.26 0.0 1.0
30.00 120.00 99.52 0.0 1.0
35.00 120.00 99.01 0.0 1.0
40.00 120.00 97.86 0.0 1.0
45.00 120.00 96.33 0.5 0.5
50.00 120.00 94.87 0.5 0.5
55.00 120.00 93.89 0.5 0.5
60.00 120.00 93.31 0.5 0.5
65.00 120.00 92.68 0.5 0.5
70.00 120.00 91.64 0.5 0.5
75.00 120.00 89.93 0.5 0.5
80.00 120.00 87.30 0.5 0.5
85.00 120.00 83.77 0.5 0.5
90.00 120.00 82.30 0.5 0.5
95.00 120.00 85.54 0.5 0.5
100.00 120.00 88.84 0.5 0.5
105.00 120.00 91.14 0.5 0.5
110.00 120.00 92.60 0.5 0.5
115.00 120.00 93.43 0.5 0.5
120.00 120.00 93.81 0.5 0.5
125.00 120.00 94.10 0.5 0.5
130.00 120.00 94.86 0.5 0.5
135.00 120.00 96.27 0.5 0.5
140.00 120.00 97.85 1.0 0.0
145.00 120.00 99.01 1.0 0.0
150.00 120.00 99.47 1.0 0.0
155.00 120.00 99.07 1.0 0.0
160.00 120.00 97.74 1.0 0.0
165.00 120.00 95.39 1.0 0.0
170.00 120.00 91.94 1.0 0.0
175.00 120.00 87.61 1.0 0.0
180.00 120.00 85.23 1.0 0.0
0.00 130.00 85.07 0.0 1.0
5.00 130.00 90.01 0.0 1.0
10.00 130.00 94.96 0.0 1.0
15.00 130.00 98.09 0.0 1.0
20.00 130.00 99.55 0.0 1.0
25.00 130.00 99.49 0.0 1.0
30.00 130.00 98.02 0.0 1.0
35.00 130.00 95.69 0.0 1.0
40.00 130.00 94.37 0.0 1.0
45.00 130.00 95.01 0.5 0.5
50.00 130.00 95.75 0.5 0.5
55.00 130.00 95.74 0.5 0.5
60.00 130.00 95.01 0.5 0.5
65.00 130.00 93.73 0.5 0.5
70.00 130.00 91.94 0.5 0.5
75.00 130.00 89.54 0.5 0.5
80.00 130.00 86.20 0.5 0.5
85.00 130.00 81.12 0.5 0.5
90.00 130.00 76.70 0.5 0.5
95.00 130.00 82.32 0.5 0.5
100.00 130.00 86.96 0.5 0.5
105.00 130.00 90.06 0.5 0.5
110.00 130.00 92.31 0.5 0.5
115.00 130.00 94.03 0.5 0.5
120.00 130.00 95.28 0.5 0.5
125.00 130.00 95.99 0.5 0.5
130.00 130.00 95.97 0.5 0.5
135.00 130.00 95.11 0.5 0.5
140.00 130.00 94.32 1.0 0.0
145.00 130.00 95.66 1.0 0.0
150.00 130.00 98.03 1.0 0.0
155.00 130.00 99.40 1.0 0.0
160.00 130.00 99.28 1.0 0.0
165.00 130.00 97.56 1.0 0.0
170.00 130.00 94.11 1.0 0.0
175.00 130.00 88.91 1.0 0.0
180.00 130.00 85.23 1.0 0.0
0.00 140.00 85.07 0.0 1.0
5.00 140.00 91.13 0.0 1.0
10.00 140.00 96.45 0.0 1.0
15.00 140.00 99.23 0.0 1.0
20.00 140.00 99.68 0.0 1.0
25.00 140.00 97.91 0.0 1.0
30.00 140.00 94.85 0.0 1.0
35.00 140.00 94.62 0.0 1.0
40.00 140.00 96.19 0.0 1.0
45.00 140.00 96.52 0.5 0.5
50.00 140.00 95.71 0.5 0.5
55.00 140.00 94.35 0.5 0.5
60.00 140.00 92.80 0.5 0.5
65.00 140.00 91.13 0.5 0.5
70.00 140.00 89.37 0.5 0.5
75.00 140.00 87.45 0.5 0.5
80.00 140.00 84.96 0.5 0.5
85.00 140.00 81.55 0.5 0.5
90.00 140.00 79.47 0.5 0.5
95.00 140.00 82.30 0.5 0.5
100.00 140.00 85.47 0.5 0.5
105.00 140.00 87.69 0.5 0.5
110.00 140.00 89.48 0.5 0.5
115.00 140.00 91.23 0.5 0.5
120.00 140.00 92.92 0.5 0.5
125.00 140.00 94.46 0.5 0.5
130.00 140.00 95.78 0.5 0.5
135.00 140.00 96.54 0.5 0.5
140.00 140.00 96.11 1.0 0.0
145.00 140.00 94.39 1.0 0.0
150.00 140.00 94.79 1.0 0.0
155.00 140.00 97.93 1.0 0.0
160.00 140.00 99.52 1.0 0.0
165.00 140.00 98.80 1.0 0.0
170.00 140.00 95.69 1.0 0.0
175.00 140.00 90.04 1.0 0.0
180.00 140.00 85.23 1.0 0.0
0.00 150.00 85.07 0.0 1.0
5.00 150.00 92.00 0.0 1.0
10.00 150.00 97.46 0.0 1.0
15.00 150.00 99.72 0.0 1.0
20.00 150.00 98.98 0.0 1.0
25.00 150.00 95.57 0.0 1.0
30.00 150.00 94.34 0.0 1.0
35.00 150.00 96.36 0.0 1.0
40.00 150.00 96.59 0.0 1.0
45.00 150.00 95.36 0.5 0.5
50.00 150.00 93.67 0.5 0.5
55.00 150.00 91.92 0.5 0.5
60.00 150.00 90.85 0.5 0.5
65.00 150.00 91.16 0.5 0.5
70.00 150.00 91.54 0.5 0.5
75.00 150.00 90.90 0.5 0.5
80.00 150.00 88.88 0.5 0.5
85.00 150.00 85.40 0.5 0.5
90.00 150.00 82.99 0.5 0.5
95.00 150.00 86.21 0.5 0.5
100.00 150.00 89.61 0.5 0.5
105.00 150.00 91.53 0.5 0.5
110.00 150.00 92.07 0.5 0.5
115.00 150.00 91.48 0.5 0.5
120.00 150.00 90.89 0.5 0.5
125.00 150.00 91.89 0.5 0.5
130.00 150.00 93.69 0.5 0.5
135.00 150.00 95.35 0.5 0.5
140.00 150.00 96.50 1.0 0.0
145.00 150.00 96.11 1.0 0.0
150.00 150.00 93.95 1.0 0.0
155.00 150.00 95.60 1.0 0.0
160.00 150.00 98.92 1.0 0.0
165.00 150.00 99.38 1.0 0.0
170.00 150.00 96.77 1.0 0.0
175.00 150.00 90.93 1.0 0.0
180.00 150.00 85.23 1.0 0.0
0.00 160.00 85.07 0.0 1.0
5.00 160.00 92.61 0.0 1.0
10.00 160.00 98.10 0.0 1.0
15.00 160.00 99.85 0.0 1.0
20.00 160.00 97.99 0.0 1.0
25.00 160.00 94.11 0.0 1.0
30.00 160.00 95.62 0.0 1.0
35.00 160.00 96.78 0.0 1.0
40.00 160.00 95.68 0.0 1.0
45.00 160.00 93.76 0.5 0.5
50.00 160.00 91.74 0.5 0.5
55.00 160.00 91.75 0.5 0.5
60.00 160.00 94.05 0.5 0.5
65.00 160.00 95.47 0.5 0.5
70.00 160.00 95.46 0.5 0.5
75.00 160.00 94.42 0.5 0.5
80.00 160.00 92.97 0.5 0.5
85.00 160.00 91.83 0.5 0.5
90.00 160.00 91.37 0.5 0.5
95.00 160.00 91.68 0.5 0.5
100.00 160.00 92.80 0.5 0.5
105.00 160.00 94.34 0.5 0.5
110.00 160.00 95.48 0.5 0.5
115.00 160.00 95.54 0.5 0.5
120.00 160.00 94.06 0.5 0.5
125.00 160.00 91.58 0.5 0.5
130.00 160.00 91.62 0.5 0.5
135.00 160.00 93.74 0.5 0.5
140.00 160.00 95.61 1.0 0.0
145.00 160.00 96.57 1.0 0.0
150.00 160.00 95.14 1.0 0.0
155.00 160.00 93.91 1.0 0.0
160.00 160.00 98.00 1.0 0.0
165.00 160.00 99.56 1.0 0.0
170.00 160.00 97.46 1.0 0.0
175.00 160.00 91.57 1.0 0.0
180.00 160.00 85.23 1.0 0.0
0.00 170.00 85.07 0.0 1.0
5.00 170.00 92.98 0.0 1.0
10.00 170.00 98.44 0.0 1.0
15.00 170.00 99.82 0.0 1.0
20.00 170.00 97.19 0.0 1.0
25.00 170.00 93.92 0.0 1.0
30.00 170.00 96.32 0.0 1.0
35.00 170.00 96.57 0.0 1.0
40.00 170.00 94.84 0.0 1.0
45.00 170.00 92.58 0.5 0.5
50.00 170.00 91.47 0.5 0.5
55.00 170.00 94.31 0.5 0.5
60.00 170.00 96.67 0.5 0.5
65.00 170.00 97.14 0.5 0.5
70.00 170.00 96.18 0.5 0.5
75.00 170.00 94.62 0.5 0.5
80.00 170.00 93.57 0.5 0.5
85.00 170.00 93.44 0.5 0.5
90.00 170.00 93.50 0.5 0.5
95.00 170.00 93.33 0.5 0.5
100.00 170.00 93.37 0.5 0.5
105.00 170.00 94.41 0.5 0.5
110.00 170.00 96.02 0.5 0.5
115.00 170.00 97.00 0.5 0.5
120.00 170.00 96.48 0.5 0.5
125.00 170.00 93.97 0.5 0.5
130.00 170.00 91.07 0.5 0.5
135.00 170.00 92.49 0.5 0.5
140.00 170.00 94.76 1.0 0.0
145.00 170.00 96.37 1.0 0.0
150.00 170.00 95.86 1.0 0.0
155.00 170.00 93.47 1.0 0.0
160.00 170.00 97.23 1.0 0.0
165.00 170.00 99.57 1.0 0.0
170.00 170.00 97.83 1.0 0.0
175.00 170.00 91.95 1.0 0.0
180.00 170.00 85.23 1.0 0.0
0.00 180.00 85.07 0.0 1.0
5.00 180.00 93.11 0.0 1.0
10.00 180.00 98.56 0.0 1.0
15.00 180.00 99.80 0.0 1.0
20.00 180.00 96.90 0.0 1.0
25.00 180.00 94.02 0.0 1.0
30.00 180.00 96.52 0.0 1.0
35.00 180.00 96.45 0.0 1.0
40.00 180.00 94.55 0.0 1.0
45.00 180.00 92.19 0.5 0.5
50.00 180.00 91.96 0.5 0.5
55.00 180.00 95.34 0.5 0.5
60.00 180.00 97.36 0.5 0.5
65.00 180.00 97.38 0.5 0.5
70.00 180.00 95.97 0.5 0.5
75.00 180.00 94.15 0.5 0.5
80.00 180.00 93.34 0.5 0.5
85.00 180.00 93.61 0.5 0.5
90.00 180.00 93.85 0.5 0.5
95.00 180.00 93.58 0.5 0.5
100.00 180.00 93.25 0.5 0.5
105.00 180.00 94.01 0.5 0.5
110.00 180.00 95.82 0.5 0.5
115.00 180.00 97.19 0.5 0.5
120.00 180.00 97.10 0.5 0.5
125.00 180.00 94.92 0.5 0.5
130.00 180.00 91.41 0.5 0.5
135.00 180.00 92.03 0.5 0.5
140.00 180.00 94.44 1.0 0.0
145.00 180.00 96.24 1.0 0.0
150.00 180.00 96.06 1.0 0.0
155.00 180.00 93.48 1.0 0.0
160.00 180.00 96.93 1.0 0.0
165.00 180.00 99.56 1.0 0.0
170.00 180.00 97.96 1.0 0.0
175.00 180.00 92.08 1.0 0.0
180.00 180.00 85.23 1.0 0.0
0.00 190.00 85.07 0.0 1.0
5.00 190.00 93.00 0.0 1.0
10.00 190.00 98.47 0.0 1.0
15.00 190.00 99.84 0.0 1.0
20.00 190.00 97.20 0.0 1.0
25.00 190.00 93.98 0.0 1.0
30.00 190.00 96.39 0.0 1.0
35.00 190.00 96.62 0.0 1.0
40.00 190.00 94.90 0.0 1.0
45.00 190.00 92.65 0.5 0.5
50.00 190.00 91.61 0.5 0.5
55.00 190.00 94.47 0.5 0.5
60.00 190.00 96.78 0.5 0.5
65.00 190.00 97.20 0.5 0.5
70.00 190.00 96.20 0.5 0.5
75.00 190.00 94.61 0.5 0.5
80.00 190.00 93.57 0.5 0.5
85.00 190.00 93.45 0.5 0.5
90.00 190.00 93.51 0.5 0.5
95.00 190.00 93.32 0.5 0.5
100.00 190.00 93.34 0.5 0.5
105.00 190.00 94.38 0.5 0.5
110.00 190.00 96.01 0.5 0.5
115.00 190.00 97.00 0.5 0.5
120.00 190.00 96.51 0.5 0.5
125.00 190.00 94.04 0.5 0.5
130.00 190.00 91.16 0.5 0.5
135.00 190.00 92.50 0.5 0.5
140.00 190.00 94.77 1.0 0.0
145.00 190.00 96.39 1.0 0.0
150.00 190.00 95.91 1.0 0.0
155.00 190.00 93.49 1.0 0.0
160.00 190.00 97.22 1.0 0.0
165.00 190.00 99.58 1.0 0.0
170.00 190.00 97.86 1.0 0.0
175.00 190.00 91.97 1.0 0.0
180.00 190.00 85.23 1.0 0.0
0.00 200.00 85.07 0.0 1.0
5.00 200.00 92.64 0.0 1.0
10.00 200.00 98.15 0.0 1.0
15.00 200.00 99.90 0.0 1.0
20.00 200.00 98.02 0.0 1.0
25.00 200.00 94.19 0.0 1.0
30.00 200.00 95.77 0.0 1.0
35.00 200.00 96.89 0.0 1.0
40.00 200.00 95.78 0.0 1.0
45.00 200.00 93.87 0.5 0.5
50.00 200.00 91.88 0.5 0.5
55.00 200.00 92.01 0.5 0.5
60.00 200.00 94.29 0.5 0.5
65.00 200.00 95.63 0.5 0.5
70.00 200.00 95.56 0.5 0.5
75.00 200.00 94.48 0.5 0.5
80.00 200.00 93.04 0.5 0.5
85.00 200.00 91.92 0.5 0.5
90.00 200.00 91.45 0.5 0.5
95.00 200.00 91.70 0.5 0.5
100.00 200.00 92.79 0.5 0.5
105.00 200.00 94.33 0.5 0.5
110.00 200.00 95.48 0.5 0.5
115.00 200.00 95.55 0.5 0.5
120.00 200.00 94.12 0.5 0.5
125.00 200.00 91.72 0.5 0.5
130.00 200.00 91.70 0.5 0.5
135.00 200.00 93.76 0.5 0.5
140.00 200.00 95.64 1.0 0.0
145.00 200.00 96.63 1.0 0.0
150.00 200.00 95.25 1.0 0.0
155.00 200.00 93.90 1.0 0.0
160.00 200.00 97.98 1.0 0.0
165.00 200.00 99.59 1.0 0.0
170.00 200.00 97.50 1.0 0.0
175.00 200.00 91.60 1.0 0.0
180.00 200.00 85.23 1.0 0.0
0.00 210.00 85.07 0.0 1.0
5.00 210.00 92.05 0.0 1.0
10.00 210.00 97.54 0.0 1.0
15.00 210.00 99.80 0.0 1.0
20.00 210.00 99.04 0.0 1.0
25.00 210.00 95.62 0.0 1.0
30.00 210.00 94.55 0.0 1.0
35.00 210.00 96.55 0.0 1.0
40.00 210.00 96.73 0.0 1.0
45.00 210.00 95.50 0.5 0.5
50.00 210.00 93.81 0.5 0.5
55.00 210.00 92.05 0.5 0.5
60.00 210.00 91.01 0.5 0.5
65.00 210.00 91.33 0.5 0.5
70.00 210.00 91.67 0.5 0.5
75.00 210.00 90.97 0.5 0.5
80.00 210.00 88.95 0.5 0.5
85.00 210.00 85.60 0.5 0.5
90.00 210.00 83.42 0.5 0.5
95.00 210.00 86.38 0.5 0.5
100.00 210.00 89.64 0.5 0.5
105.00 210.00 91.50 0.5 0.5
110.00 210.00 92.03 0.5 0.5
115.00 210.00 91.50 0.5 0.5
120.00 210.00 90.98 0.5 0.5
125.00 210.00 91.97 0.5 0.5
130.00 210.00 93.75 0.5 0.5
135.00 210.00 95.41 0.5 0.5
140.00 210.00 96.58 1.0 0.0
145.00 210.00 96.25 1.0 0.0
150.00 210.00 94.08 1.0 0.0
155.00 210.00 95.55 1.0 0.0
160.00 210.00 98.92 1.0 0.0
165.00 210.00 99.44 1.0 0.0
170.00 210.00 96.84 1.0 0.0
175.00 210.00 90.98 1.0 0.0
180.00 210.00 85.23 1.0 0.0
0.00 220.00 85.07 0.0 1.0
5.00 220.00 91.19 0.0 1.0
10.00 220.00 96.55 0.0 1.0
15.00 220.00 99.34 0.0 1.0
20.00 220.00 99.77 0.0 1.0
25.00 220.00 97.96 0.0 1.0
30.00 220.00 94.94 0.0 1.0
35.00 220.00 94.87 0.0 1.0
40.00 220.00 96.41 0.0 1.0
45.00 220.00 96.69 0.5 0.5
50.00 220.00 95.86 0.5 0.5
55.00 220.00 94.48 0.5 0.5
60.00 220.00 92.89 0.5 0.5
65.00 220.00 91.16 0.5 0.5
70.00 220.00 89.33 0.5 0.5
75.00 220.00 87.33 0.5 0.5
80.00 220.00 84.79 0.5 0.5
85.00 220.00 81.45 0.5 0.5
90.00 220.00 79.61 0.5 0.5
95.00 220.00 82.33 0.5 0.5
100.00 220.00 85.39 0.5 0.5
105.00 220.00 87.62 0.5 0.5
110.00 220.00 89.46 0.5 0.5
115.00 220.00 91.24 0.5 0.5
120.00 220.00 92.95 0.5 0.5
125.00 220.00 94.52 0.5 0.5
130.00 220.00 95.87 0.5 0.5
135.00 220.00 96.66 0.5 0.5
140.00 220.00 96.29 1.0 0.0
145.00 220.00 94.58 1.0 0.0
150.00 220.00 94.77 1.0 0.0
155.00 220.00 97.90 1.0 0.0
160.00 220.00 99.56 1.0 0.0
165.00 220.00 98.89 1.0 0.0
170.00 220.00 95.79 1.0 0.0
175.00 220.00 90.10 1.0 0.0
180.00 220.00 85.23 1.0 0.0
0.00 230.00 85.07 0.0 1.0
5.00 230.00 90.08 0.0 1.0
10.00 230.00 95.10 0.0 1.0
15.00 230.00 98.25 0.0 1.0
20.00 230.00 99.70 0.0 1.0
25.00 230.00 99.60 0.0 1.0
30.00 230.00 98.08 0.0 1.0
35.00 230.00 95.75 0.0 1.0
40.00 230.00 94.55 0.0 1.0
45.00 230.00 95.24 0.5 0.5
50.00 230.00 95.94 0.5 0.5
55.00 230.00 95.88 0.5 0.5
60.00 230.00 95.10 0.5 0.5
65.00 230.00 93.76 0.5 0.5
70.00 230.00 91.92 0.5 0.5
75.00 230.00 89.47 0.5 0.5
80.00 230.00 86.09 0.5 0.5
85.00 230.00 81.16 0.5 0.5
90.00 230.00 77.42 0.5 0.5
95.00 230.00 82.48 0.5 0.5
100.00 230.00 86.92 0.5 0.5
105.00 230.00 89.98 0.5 0.5
110.00 230.00 92.26 0.5 0.5
115.00 230.00 94.03 0.5 0.5
120.00 230.00 95.34 0.5 0.5
125.00 230.00 96.10 0.5 0.5
130.00 230.00 96.13 0.5 0.5
135.00 230.00 95.32 0.5 0.5
140.00 230.00 94.46 1.0 0.0
145.00 230.00 95.63 1.0 0.0
150.00 230.00 98.00 1.0 0.0
155.00 230.00 99.45 1.0 0.0
160.00 230.00 99.38 1.0 0.0
165.00 230.00 97.69 1.0 0.0
170.00 230.00 94.24 1.0 0.0
175.00 230.00 88.99 1.0 0.0
180.00 230.00 85.23 1.0 0.0
0.00 240.00 85.07 0.0 1.0
5.00 240.00 88.73 0.0 1.0
10.00 240.00 93.05 0.0 1.0
15.00 240.00 96.25 0.0 1.0
20.00 240.00 98.34 0.0 1.0
25.00 240.00 99.45 0.0 1.0
30.00 240.00 99.66 0.0 1.0
35.00 240.00 99.10 0.0 1.0
40.00 240.00 97.91 0.0 1.0
45.00 240.00 96.36 0.5 0.5
50.00 240.00 94.93 0.5 0.5
55.00 240.00 94.00 0.5 0.5
60.00 240.00 93.43 0.5 0.5
65.00 240.00 92.78 0.5 0.5
70.00 240.00 91.70 0.5 0.5
75.00 240.00 89.94 0.5 0.5
80.00 240.00 87.28 0.5 0.5
85.00 240.00 83.78 0.5 0.5
90.00 240.00 82.44 0.5 0.5
95.00 240.00 85.63 0.5 0.5
100.00 240.00 88.89 0.5 0.5
105.00 240.00 91.18 0.5 0.5
110.00 240.00 92.66 0.5 0.5
115.00 240.00 93.50 0.5 0.5
120.00 240.00 93.90 0.5 0.5
125.00 240.00 94.19 0.5 0.5
130.00 240.00 94.90 0.5 0.5
135.00 240.00 96.26 0.5 0.5
140.00 240.00 97.83 1.0 0.0
145.00 240.00 99.03 1.0 0.0
150.00 240.00 99.54 1.0 0.0
155.00 240.00 99.19 1.0 0.0
160.00 240.00 97.90 1.0 0.0
165.00 240.00 95.57 1.0 0.0
170.00 240.00 92.10 1.0 0.0
175.00 240.00 87.69 1.0 0.0
180.00 240.00 85.23 1.0 0.0
0.00 250.00 85.07 0.0 1.0
5.00 250.00 87.23 0.0 1.0
10.00 250.00 90.35 0.0 1.0
15.00 250.00 93.08 0.0 1.0
20.00 250.00 95.24 0.0 1.0
25.00 250.00 96.85 0.0 1.0
30.00 250.00 97.96 0.0 1.0
35.00 250.00 98.63 0.0 1.0
40.00 250.00 98.88 0.0 1.0
45.00 250.00 98.78 0.5 0.5
50.00 250.00 98.34 0.5 0.5
55.00 250.00 97.60 0.5 0.5
60.00 250.00 96.56 0.5 0.5
65.00 250.00 95.22 0.5 0.5
70.00 250.00 93.51 0.5 0.5
75.00 250.00 91.32 0.5 0.5
80.00 250.00 88.44 0.5 0.5
85.00 250.00 84.72 0.5 0.5
90.00 250.00 82.19 0.5 0.5
95.00 250.00 84.89 0.5 0.5
100.00 250.00 88.56 0.5 0.5
105.00 250.00 91.40 0.5 0.5
110.00 250.00 93.58 0.5 0.5
115.00 250.00 95.29 0.5 0.5
120.00 250.00 96.66 0.5 0.5
125.00 250.00 97.71 0.5 0.5
130.00 250.00 98.45 0.5 0.5
135.00 250.00 98.87 0.5 0.5
140.00 250.00 98.92 1.0 0.0
145.00 250.00 98.57 1.0 0.0
150.00 250.00 97.77 1.0 0.0
155.00 250.00 96.47 1.0 0.0
160.00 250.00 94.64 1.0 0.0
165.00 250.00 92.25 1.0 0.0
170.00 250.00 89.33 1.0 0.0
175.00 250.00 86.36 1.0 0.0
180.00 250.00 85.23 1.0 0.0
0.00 260.00 85.07 0.0 1.0
5.00 260.00 85.83 0.0 1.0
10.00 260.00 87.11 0.0 1.0
15.00 260.00 88.53 0.0 1.0
20.00 260.00 89.88 0.0 1.0
25.00 260.00 91.08 0.0 1.0
30.00 260.00 92.08 0.0 1.0
35.00 260.00 92.87 0.0 1.0
40.00 260.00 93.45 0.0 1.0
45.00 260.00 93.79 0.5 0.5
50.00 260.00 93.89 0.5 0.5
55.00 260.00 93.71 0.5 0.5
60.00 260.00 93.23 0.5 0.5
65.00 260.00 92.37 0.5 0.5
70.00 260.00 91.05 0.5 0.5
75.00 260.00 89.10 0.5 0.5
80.00 260.00 86.27 0.5 0.5
85.00 260.00 82.60 0.5 0.5
90.00 260.00 81.36 0.5 0.5
95.00 260.00 84.84 0.5 0.5
100.00 260.00 88.22 0.5 0.5
105.00 260.00 90.61 0.5 0.5
110.00 260.00 92.25 0.5 0.5
115.00 260.00 93.35 0.5 0.5
120.00 260.00 94.02 0.5 0.5
125.00 260.00 94.34 0.5 0.5
130.00 260.00 94.34 0.5 0.5
135.00 260.00 94.07 0.5 0.5
140.00 260.00 93.53 1.0 0.0
145.00 260.00 92.76 1.0 0.0
150.00 260.00 91.74 1.0 0.0
155.00 260.00 90.52 1.0 0.0
160.00 260.00 89.11 1.0 0.0
165.00 260.00 87.63 1.0 0.0
170.00 260.00 86.27 1.0 0.0
175.00 260.00 85.36 1.0 0.0
180.00 260.00 85.23 1.0 0.0
0.00 270.00 85.07 0.0 1.0
5.00 270.00 84.98 0.0 1.0
10.00 270.00 84.72 0.0 1.0
15.00 270.00 84.29 0.0 1.0
20.00 270.00 83.67 0.0 1.0
25.00 270.00 82.86 0.0 1.0
30.00 270.00 81.83 0.0 1.0
35.00 270.00 80.56 0.0 1.0
40.00 270.00 79.01 0.0 1.0
45.00 270.00 77.14 0.5 0.5
50.00 270.00 74.90 0.5 0.5
55.00 270.00 72.22 0.5 0.5
60.00 270.00 69.01 0.5 0.5
65.00 270.00 65.13 0.5 0.5
70.00 270.00 60.43 0.5 0.5
75.00 270.00 54.64 0.5 0.5
80.00 270.00 47.59 0.5 0.5
85.00 270.00 41.22 0.5 0.5
90.00 270.00 42.97 0.5 0.5
95.00 270.00 47.31 0.5 0.5
100.00 270.00 51.47 0.5 0.5
105.00 270.00 56.02 0.5 0.5
110.00 270.00 60.84 0.5 0.5
115.00 270.00 65.32 0.5 0.5
120.00 270.00 69.16 0.5 0.5
125.00 270.00 72.38 0.5 0.5
130.00 270.00 75.05 0.5 0.5
135.00 270.00 77.27 0.5 0.5
140.00 270.00 79.11 1.0 0.0
145.00 270.00 80.64 1.0 0.0
150.00 270.00 81.91 1.0 0.0
155.00 270.00 82.95 1.0 0.0
160.00 270.00 83.77 1.0 0.0
165.00 270.00 84.40 1.0 0.0
170.00 270.00 84.85 1.0 0.0
175.00 270.00 85.13 1.0 0.0
180.00 270.00 85.23 1.0 0.0
0.00 280.00 85.07 0.0 1.0
5.00 280.00 85.14 0.0 1.0
10.00 280.00 86.02 0.0 1.0
15.00 280.00 87.39 0.0 1.0
20.00 280.00 88.88 0.0 1.0
25.00 280.00 90.30 0.0 1.0
30.00 280.00 91.54 0.0 1.0
35.00 280.00 92.55 0.0 1.0
40.00 280.00 93.31 0.0 1.0
45.00 280.00 93.80 0.5 0.5
50.00 280.00 94.01 0.5 0.5
55.00 280.00 93.91 0.5 0.5
60.00 280.00 93.46 0.5 0.5
65.00 280.00 92.63 0.5 0.5
70.00 280.00 91.31 0.5 0.5
75.00 280.00 89.38 0.5 0.5
80.00 280.00 86.60 0.5 0.5
85.00 280.00 83.00 0.5 0.5
90.00 280.00 81.46 0.5 0.5
95.00 280.00 84.61 0.5 0.5
100.00 280.00 87.93 0.5 0.5
105.00 280.00 90.32 0.5 0.5
110.00 280.00 91.98 0.5 0.5
115.00 280.00 93.09 0.5 0.5
120.00 280.00 93.76 0.5 0.5
125.00 280.00 94.08 0.5 0.5
130.00 280.00 94.08 0.5 0.5
135.00 280.00 93.82 0.5 0.5
140.00 280.00 93.31 1.0 0.0
145.00 280.00 92.60 1.0 0.0
150.00 280.00 91.69 1.0 0.0
155.00 280.00 90.62 1.0 0.0
160.00 280.00 89.42 1.0 0.0
165.00 280.00 88.14 1.0 0.0
170.00 280.00 86.88 1.0 0.0
175.00 280.00 85.83 1.0 0.0
180.00 280.00 85.23 1.0 0.0
0.00 290.00 85.07 0.0 1.0
5.00 290.00 86.19 0.0 1.0
10.00 290.00 89.22 0.0 1.0
15.00 290.00 92.17 0.0 1.0
20.00 290.00 94.57 0.0 1.0
25.00 290.00 96.40 0.0 1.0
30.00 290.00 97.70 0.0 1.0
35.00 290.00 98.49 0.0 1.0
40.00 290.00 98.83 0.0 1.0
45.00 290.00 98.74 0.5 0.5
50.00 290.00 98.27 0.5 0.5
55.00 290.00 97.44 0.5 0.5
60.00 290.00 96.27 0.5 0.5
65.00 290.00 94.75 0.5 0.5
70.00 290.00 92.82 0.5 0.5
75.00 290.00 90.34 0.5 0.5
80.00 290.00 87.08 0.5 0.5
85.00 290.00 83.23 0.5 0.5
90.00 290.00 82.71 0.5 0.5
95.00 290.00 86.40 0.5 0.5
100.00 290.00 89.78 0.5 0.5
105.00 290.00 92.32 0.5 0.5
110.00 290.00 94.29 0.5 0.5
115.00 290.00 95.84 0.5 0.5
120.00 290.00 97.06 0.5 0.5
125.00 290.00 97.99 0.5 0.5
130.00 290.00 98.62 0.5 0.5
135.00 290.00 98.94 0.5 0.5
140.00 290.00 98.92 1.0 0.0
145.00 290.00 98.53 1.0 0.0
150.00 290.00 97.75 1.0 0.0
155.00 290.00 96.53 1.0 0.0
160.00 290.00 94.85 1.0 0.0
165.00 290.00 92.67 1.0 0.0
170.00 290.00 90.00 1.0 0.0
175.00 290.00 87.10 1.0 0.0
180.00 290.00 85.23 1.0 0.0
0.00 300.00 85.07 0.0 1.0
5.00 300.00 87.60 0.0 1.0
10.00 300.00 92.10 0.0 1.0
15.00 300.00 95.58 0.0 1.0
20.00 300.00 97.93 0.0 1.0
25.00 300.00 99.25 0.0 1.0
30.00 300.00 99.62 0.0 1.0
35.00 300.00 99.15 0.0 1.0
40.00 300.00 97.95 0.0 1.0
45.00 300.00 96.34 0.5 0.5
50.00 300.00 94.84 0.5 0.5
55.00 300.00 93.94 0.5 0.5
60.00 300.00 93.47 0.5 0.5
65.00 300.00 92.91 0.5 0.5
70.00 300.00 91.88 0.5 0.5
75.00 300.00 90.14 0.5 0.5
80.00 300.00 87.50 0.5 0.5
85.00 300.00 83.97 0.5 0.5
90.00 300.00 82.37 0.5 0.5
95.00 300.00 85.43 0.5 0.5
100.00 300.00 88.67 0.5 0.5
105.00 300.00 90.95 0.5 0.5
110.00 300.00 92.43 0.5 0.5
115.00 300.00 93.31 0.5 0.5
120.00 300.00 93.80 0.5 0.5
125.00 300.00 94.26 0.5 0.5
130.00 300.00 95.12 0.5 0.5
135.00 300.00 96.51 0.5 0.5
140.00 300.00 97.98 1.0 0.0
145.00 300.00 99.08 1.0 0.0
150.00 300.00 99.54 1.0 0.0
155.00 300.00 99.22 1.0 0.0
160.00 300.00 98.04 1.0 0.0
165.00 300.00 95.90 1.0 0.0
170.00 300.00 92.70 1.0 0.0
175.00 300.00 88.52 1.0 0.0
180.00 300.00 85.23 1.0 0.0
0.00 310.00 85.07 0.0 1.0
5.00 310.00 88.97 0.0 1.0
10.00 310.00 94.30 0.0 1.0
15.00 310.00 97.77 0.0 1.0
20.00 310.00 99.50 0.0 1.0
25.00 310.00 99.64 0.0 1.0
30.00 310.00 98.29 0.0 1.0
35.00 310.00 95.98 0.0 1.0
40.00 310.00 94.60 0.0 1.0
45.00 310.00 95.24 0.5 0.5
50.00 310.00 95.98 0.5 0.5
55.00 310.00 95.91 0.5 0.5
60.00 310.00 95.09 0.5 0.5
65.00 310.00 93.67 0.5 0.5
70.00 310.00 91.70 0.5 0.5
75.00 310.00 89.07 0.5 0.5
80.00 310.00 85.36 0.5 0.5
85.00 310.00 79.78 0.5 0.5
90.00 310.00 77.49 0.5 0.5
95.00 310.00 83.36 0.5 0.5
100.00 310.00 87.54 0.5 0.5
105.00 310.00 90.41 0.5 0.5
110.00 310.00 92.55 0.5 0.5
115.00 310.00 94.19 0.5 0.5
120.00 310.00 95.40 0.5 0.5
125.00 310.00 96.07 0.5 0.5
130.00 310.00 96.03 0.5 0.5
135.00 310.00 95.20 0.5 0.5
140.00 310.00 94.40 1.0 0.0
145.00 310.00 95.62 1.0 0.0
150.00 310.00 97.95 1.0 0.0
155.00 310.00 99.40 1.0 0.0
160.00 310.00 99.44 1.0 0.0
165.00 310.00 97.94 1.0 0.0
170.00 310.00 94.77 1.0 0.0
175.00 310.00 89.84 1.0 0.0
180.00 310.00 85.23 1.0 0.0
0.00 320.00 85.07 0.0 1.0
5.00 320.00 90.14 0.0 1.0
10.00 320.00 95.89 0.0 1.0
15.00 320.00 99.02 0.0 1.0
20.00 320.00 99.78 0.0 1.0
25.00 320.00 98.26 0.0 1.0
30.00 320.00 95.26 0.0 1.0
35.00 320.00 94.80 0.0 1.0
40.00 320.00 96.37 0.0 1.0
45.00 320.00 96.73 0.5 0.5
50.00 320.00 95.91 0.5 0.5
55.00 320.00 94.47 0.5 0.5
60.00 320.00 92.75 0.5 0.5
65.00 320.00 90.88 0.5 0.5
70.00 320.00 88.94 0.5 0.5
75.00 320.00 86.92 0.5 0.5
80.00 320.00 84.45 0.5 0.5
85.00 320.00 81.27 0.5 0.5
90.00 320.00 79.89 0.5 0.5
95.00 320.00 82.80 0.5 0.5
100.00 320.00 85.88 0.5 0.5
105.00 320.00 88.11 0.5 0.5
110.00 320.00 89.90 0.5 0.5
115.00 320.00 91.55 0.5 0.5
120.00 320.00 93.12 0.5 0.5
125.00 320.00 94.58 0.5 0.5
130.00 320.00 95.87 0.5 0.5
135.00 320.00 96.64 0.5 0.5
140.00 320.00 96.25 1.0 0.0
145.00 320.00 94.53 1.0 0.0
150.00 320.00 94.60 1.0 0.0
155.00 320.00 97.72 1.0 0.0
160.00 320.00 99.52 1.0 0.0
165.00 320.00 99.07 1.0 0.0
170.00 320.00 96.26 1.0 0.0
175.00 320.00 90.94 1.0 0.0
180.00 320.00 85.23 1.0 0.0
0.00 330.00 85.07 0.0 1.0
5.00 330.00 91.05 0.0 1.0
10.00 330.00 96.97 0.0 1.0
15.00 330.00 99.62 0.0 1.0
20.00 330.00 99.22 0.0 1.0
25.00 330.00 96.07 0.0 1.0
30.00 330.00 94.47 0.0 1.0
35.00 330.00 96.47 0.0 1.0
40.00 330.00 96.82 0.0 1.0
45.00 330.00 95.64 0.5 0.5
50.00 330.00 93.89 0.5 0.5
55.00 330.00 92.03 0.5 0.5
60.00 330.00 90.93 0.5 0.5
65.00 330.00 91.26 0.5 0.5
70.00 330.00 91.61 0.5 0.5
75.00 330.00 90.87 0.5 0.5
80.00 330.00 88.72 0.5 0.5
85.00 330.00 85.16 0.5 0.5
90.00 330.00 83.08 0.5 0.5
95.00 330.00 86.35 0.5 0.5
100.00 330.00 89.58 0.5 0.5
105.00 330.00 91.38 0.5 0.5
110.00 330.00 91.88 0.5 0.5
115.00 330.00 91.40 0.5 0.5
120.00 330.00 91.05 0.5 0.5
125.00 330.00 92.10 0.5 0.5
130.00 330.00 93.77 0.5 0.5
135.00 330.00 95.36 0.5 0.5
140.00 330.00 96.55 1.0 0.0
145.00 330.00 96.28 1.0 0.0
150.00 330.00 94.07 1.0 0.0
155.00 330.00 95.22 1.0 0.0
160.00 330.00 98.76 1.0 0.0
165.00 330.00 99.54 1.0 0.0
170.00 330.00 97.27 1.0 0.0
175.00 330.00 91.80 1.0 0.0
180.00 330.00 85.23 1.0 0.0
0.00 340.00 85.07 0.0 1.0
5.00 340.00 91.70 0.0 1.0
10.00 340.00 97.66 0.0 1.0
15.00 340.00 99.81 0.0 1.0
20.00 340.00 98.35 0.0 1.0
25.00 340.00 94.50 0.0 1.0
30.00 340.00 95.59 0.0 1.0
35.00 340.00 96.95 0.0 1.0
40.00 340.00 95.98 0.0 1.0
45.00 340.00 94.07 0.5 0.5
50.00 340.00 91.98 0.5 0.5
55.00 340.00 91.81 0.5 0.5
60.00 340.00 93.99 0.5 0.5
65.00 340.00 95.33 0.5 0.5
70.00 340.00 95.22 0.5 0.5
75.00 340.00 94.05 0.5 0.5
80.00 340.00 92.52 0.5 0.5
85.00 340.00 91.49 0.5 0.5
90.00 340.00 91.34 0.5 0.5
95.00 340.00 91.96 0.5 0.5
100.00 340.00 93.19 0.5 0.5
105.00 340.00 94.65 0.5 0.5
110.00 340.00 95.67 0.5 0.5
115.00 340.00 95.63 0.5 0.5
120.00 340.00 94.13 0.5 0.5
125.00 340.00 91.73 0.5 0.5
130.00 340.00 91.73 0.5 0.5
135.00 340.00 93.68 0.5 0.5
140.00 340.00 95.52 1.0 0.0
145.00 340.00 96.62 1.0 0.0
150.00 340.00 95.38 1.0 0.0
155.00 340.00 93.61 1.0 0.0
160.00 340.00 97.69 1.0 0.0
165.00 340.00 99.64 1.0 0.0
170.00 340.00 97.90 1.0 0.0
175.00 340.00 92.40 1.0 0.0
180.00 340.00 85.23 1.0 0.0
0.00 350.00 85.07 0.0 1.0
5.00 350.00 92.08 0.0 1.0
10.00 350.00 98.03 0.0 1.0
15.00 350.00 99.82 0.0 1.0
20.00 350.00 97.61 0.0 1.0
25.00 350.00 94.07 0.0 1.0
30.00 350.00 96.27 0.0 1.0
35.00 350.00 96.77 0.0 1.0
40.00 350.00 95.15 0.0 1.0
45.00 350.00 92.87 0.5 0.5
50.00 350.00 91.48 0.5 0.5
55.00 350.00 94.06 0.5 0.5
60.00 350.00 96.43 0.5 0.5
65.00 350.00 96.91 0.5 0.5
70.00 350.00 95.94 0.5 0.5
75.00 350.00 94.34 0.5 0.5
80.00 350.00 93.32 0.5 0.5
85.00 350.00 93.29 0.5 0.5
90.00 350.00 93.47 0.5 0.5
95.00 350.00 93.43 0.5 0.5
100.00 350.00 93.59 0.5 0.5
105.00 350.00 94.67 0.5 0.5
110.00 350.00 96.26 0.5 0.5
115.00 350.00 97.21 0.5 0.5
120.00 350.00 96.69 0.5 0.5
125.00 350.00 94.21 0.5 0.5
130.00 350.00 91.26 0.5 0.5
135.00 350.00 92.39 0.5 0.5
140.00 350.00 94.58 1.0 0.0
145.00 350.00 96.31 1.0 0.0
150.00 350.00 96.06 1.0 0.0
155.00 350.00 93.39 1.0 0.0
160.00 350.00 96.81 1.0 0.0
165.00 350.00 99.59 1.0 0.0
170.00 350.00 98.24 1.0 0.0
175.00 350.00 92.77 1.0 0.0
180.00 350.00 85.23 1.0 0.0
0.00 360.00 85.07 0.0 1.0
5.00 360.00 92.22 0.0 1.0
10.00 360.00 98.15 0.0 1.0
15.00 360.00 99.79 0.0 1.0
20.00 360.00 97.31 0.0 1.0
25.00 360.00 94.04 0.0 1.0
30.00 360.00 96.44 0.0 1.0
35.00 360.00 96.61 0.0 1.0
40.00 360.00 94.79 0.0 1.0
45.00 360.00 92.38 0.5 0.5
50.00 360.00 91.72 0.5 0.5
55.00 360.00 94.95 0.5 0.5
60.00 360.00 97.05 0.5 0.5
65.00 360.00 97.14 0.5 0.5
70.00 360.00 95.78 0.5 0.5
75.00 360.00 93.98 0.5 0.5
80.00 360.00 93.23 0.5 0.5
85.00 360.00 93.57 0.5 0.5
90.00 360.00 93.84 0.5 0.5
95.00 360.00 93.59 0.5 0.5
100.00 360.00 93.31 0.5 0.5
105.00 360.00 94.15 0.5 0.5
110.00 360.00 96.00 0.5 0.5
115.00 360.00 97.40 0.5 0.5
120.00 360.00 97.33 0.5 0.5
125.00 360.00 95.19 0.5 0.5
130.00 360.00 91.64 0.5 0.5
135.00 360.00 91.90 0.5 0.5
140.00 360.00 94.21 1.0 0.0
145.00 360.00 96.12 1.0 0.0
150.00 360.00 96.22 1.0 0.0
155.00 360.00 93.47 1.0 0.0
160.00 360.00 96.47 1.0 0.0
165.00 360.00 99.55 1.0 0.0
170.00 360.00 98.35 1.0 0.0
175.00 360.00 92.89 1.0 0.0
180.00 360.00 85.23 1.0 0.0
0.00 370.00 85.07 0.0 1.0
5.00 370.00 92.09 0.0 1.0
10.00 370.00 98.03 0.0 1.0
15.00 370.00 99.80 0.0 1.0
20.00 370.00 97.55 0.0 1.0
25.00 370.00 94.01 0.0 1.0
30.00 370.00 96.23 0.0 1.0
35.00 370.00 96.70 0.0 1.0
40.00 370.00 95.04 0.0 1.0
45.00 370.00 92.72 0.5 0.5
50.00 370.00 91.37 0.5 0.5
55.00 370.00 94.03 0.5 0.5
60.00 370.00 96.41 0.5 0.5
65.00 370.00 96.90 0.5 0.5
70.00 370.00 95.91 0.5 0.5
75.00 370.00 94.29 0.5 0.5
80.00 370.00 93.30 0.5 0.5
85.00 370.00 93.32 0.5 0.5
90.00 370.00 93.51 0.5 0.5
95.00 370.00 93.45 0.5 0.5
100.00 370.00 93.59 0.5 0.5
105.00 370.00 94.67 0.5 0.5
110.00 370.00 96.27 0.5 0.5
115.00 370.00 97.23 0.5 0.5
120.00 370.00 96.72 0.5 0.5
125.00 370.00 94.27 0.5 0.5
130.00 370.00 91.26 0.5 0.5
135.00 370.00 92.33 0.5 0.5
140.00 370.00 94.52 1.0 0.0
145.00 370.00 96.28 1.0 0.0
150.00 370.00 96.06 1.0 0.0
155.00 370.00 93.38 1.0 0.0
160.00 370.00 96.77 1.0 0.0
165.00 370.00 99.59 1.0 0.0
170.00 370.00 98.25 1.0 0.0
175.00 370.00 92.78 1.0 0.0
180.00 370.00 85.23 1.0 0.0
0.00 380.00 85.07 0.0 1.0
5.00 380.00 91.72 0.0 1.0
10.00 380.00 97.66 0.0 1.0
15.00 380.00 99.78 0.0 1.0
20.00 380.00 98.25 0.0 1.0
25.00 380.00 94.35 0.0 1.0
30.00 380.00 95.52 0.0 1.0
35.00 380.00 96.84 0.0 1.0
40.00 380.00 95.82 0.0 1.0
45.00 380.00 93.84 0.5 0.5
50.00 380.00 91.71 0.5 0.5
55.00 380.00 91.67 0.5 0.5
60.00 380.00 93.97 0.5 0.5
65.00 380.00 95.35 0.5 0.5
70.00 380.00 95.25 0.5 0.5
75.00 380.00 94.08 0.5 0.5
80.00 380.00 92.57 0.5 0.5
85.00 380.00 91.58 0.5 0.5
90.00 380.00 91.47 0.5 0.5
95.00 380.00 92.06 0.5 0.5
100.00 380.00 93.26 0.5 0.5
105.00 380.00 94.70 0.5 0.5
110.00 380.00 95.72 0.5 0.5
115.00 380.00 95.70 0.5 0.5
120.00 380.00 94.22 0.5 0.5
125.00 380.00 91.78 0.5 0.5
130.00 380.00 91.64 0.5 0.5
135.00 380.00 93.56 0.5 0.5
140.00 380.00 95.43 1.0 0.0
145.00 380.00 96.58 1.0 0.0
150.00 380.00 95.40 1.0 0.0
155.00 380.00 93.54 1.0 0.0
160.00 380.00 97.63 1.0 0.0
165.00 380.00 99.65 1.0 0.0
170.00 380.00 97.93 1.0 0.0
175.00 380.00 92.43 1.0 0.0
180.00 380.00 85.23 1.0 0.0
0.00 390.00 85.07 0.0 1.0
5.00 390.00 91.08 0.0 1.0
10.00 390.00 96.98 0.0 1.0
15.00 390.00 99.58 0.0 1.0
20.00 390.00 99.11 0.0 1.0
25.00 390.00 95.86 0.0 1.0
30.00 390.00 94.34 0.0 1.0
35.00 390.00 96.36 0.0 1.0
40.00 390.00 96.65 0.0 1.0
45.00 390.00 95.40 0.5 0.5
50.00 390.00 93.59 0.5 0.5
55.00 390.00 91.73 0.5 0.5
60.00 390.00 90.72 0.5 0.5
65.00 390.00 91.22 0.5 0.5
70.00 390.00 91.68 0.5 0.5
75.00 390.00 91.03 0.5 0.5
80.00 390.00 88.95 0.5 0.5
85.00 390.00 85.44 0.5 0.5
90.00 390.00 83.25 0.5 0.5
95.00 390.00 86.42 0.5 0.5
100.00 390.00 89.66 0.5 0.5
105.00 390.00 91.47 0.5 0.5
110.00 390.00 91.97 0.5 0.5
115.00 390.00 91.46 0.5 0.5
120.00 390.00 91.03 0.5 0.5
125.00 390.00 92.00 0.5 0.5
130.00 390.00 93.65 0.5 0.5
135.00 390.00 95.24 0.5 0.5
140.00 390.00 96.47 1.0 0.0
145.00 390.00 96.28 1.0 0.0
150.00 390.00 94.07 1.0 0.0
155.00 390.00 95.08 1.0 0.0
160.00 390.00 98.71 1.0 0.0
165.00 390.00 99.57 1.0 0.0
170.00 390.00 97.31 1.0 0.0
175.00 390.00 91.84 1.0 0.0
180.00 390.00 85.23 1.0 0.0
0.00 400.00 85.07 0.0 1.0
5.00 400.00 90.18 0.0 1.0
10.00 400.00 95.92 0.0 1.0
15.00 400.00 99.00 0.0 1.0
20.00 400.00 99.68 0.0 1.0
25.00 400.00 98.05 0.0 1.0
30.00 400.00 94.98 0.0 1.0
35.00 400.00 94.65 0.0 1.0
40.00 400.00 96.24 0.0 1.0
45.00 400.00 96.56 0.5 0.5
50.00 400.00 95.68 0.5 0.5
55.00 400.00 94.20 0.5 0.5
60.00 400.00 92.51 0.5 0.5
65.00 400.00 90.71 0.5 0.5
70.00 400.00 88.87 0.5 0.5
75.00 400.00 86.94 0.5 0.5
80.00 400.00 84.56 0.5 0.5
85.00 400.00 81.36 0.5 0.5
90.00 400.00 79.65 0.5 0.5
95.00 400.00 82.56 0.5 0.5
100.00 400.00 85.76 0.5 0.5
105.00 400.00 88.06 0.5 0.5
110.00 400.00 89.88 0.5 0.5
115.00 400.00 91.53 0.5 0.5
120.00 400.00 93.07 0.5 0.5
125.00 400.00 94.50 0.5 0.5
130.00 400.00 95.78 0.5 0.5
135.00 400.00 96.57 0.5 0.5
140.00 400.00 96.23 1.0 0.0
145.00 400.00 94.51 1.0 0.0
150.00 400.00 94.41 1.0 0.0
155.00 400.00 97.60 1.0 0.0
160.00 400.00 99.51 1.0 0.0
165.00 400.00 99.11 1.0 0.0
170.00 400.00 96.33 1.0 0.0
175.00 400.00 91.00 1.0 0.0
180.00 400.00 85.23 1.0 0.0
0.00 410.00 85.07 0.0 1.0
5.00 410.00 89.03 0.0 1.0
10.00 410.00 94.35 0.0 1.0
15.00 410.00 97.78 0.0 1.0
20.00 410.00 99.44 0.0 1.0
25.00 410.00 99.49 0.0 1.0
30.00 410.00 98.04 0.0 1.0
35.00 410.00 95.67 0.0 1.0
40.00 410.00 94.38 0.0 1.0
45.00 410.00 95.11 0.5 0.5
50.00 410.00 95.85 0.5 0.5
55.00 410.00 95.76 0.5 0.5
60.00 410.00 94.92 0.5 0.5
65.00 410.00 93.50 0.5 0.5
70.00 410.00 91.59 0.5 0.5
75.00 410.00 89.07 0.5 0.5
80.00 410.00 85.53 0.5 0.5
85.00 410.00 80.17 0.5 0.5
90.00 410.00 77.11 0.5 0.5
95.00 410.00 83.04 0.5 0.5
100.00 410.00 87.40 0.5 0.5
105.00 410.00 90.35 0.5 0.5
110.00 410.00 92.52 0.5 0.5
115.00 410.00 94.17 0.5 0.5
120.00 410.00 95.36 0.5 0.5
125.00 410.00 96.03 0.5 0.5
130.00 410.00 95.99 0.5 0.5
135.00 410.00 95.15 0.5 0.5
140.00 410.00 94.26 1.0 0.0
145.00 410.00 95.39 1.0 0.0
150.00 410.00 97.79 1.0 0.0
155.00 410.00 99.36 1.0 0.0
160.00 410.00 99.48 1.0 0.0
165.00 410.00 98.03 1.0 0.0
170.00 410.00 94.87 1.0 0.0
175.00 410.00 89.91 1.0 0.0
180.00 410.00 85.23 1.0 0.0
0.00 420.00 85.07 0.0 1.0
5.00 420.00 87.68 0.0 1.0
10.00 420.00 92.19 0.0 1.0
15.00 420.00 95.64 0.0 1.0
20.00 420.00 97.93 0.0 1.0
25.00 420.00 99.17 0.0 1.0
30.00 420.00 99.47 0.0 1.0
35.00 420.00 98.93 0.0 1.0
40.00 420.00 97.69 0.0 1.0
45.00 420.00 96.07 0.5 0.5
50.00 420.00 94.62 0.5 0.5
55.00 420.00 93.80 0.5 0.5
60.00 420.00 93.41 0.5 0.5
65.00 420.00 92.90 0.5 0.5
70.00 420.00 91.90 0.5 0.5
75.00 420.00 90.18 0.5 0.5
80.00 420.00 87.55 0.5 0.5
85.00 420.00 83.99 0.5 0.5
90.00 420.00 82.26 0.5 0.5
95.00 420.00 85.34 0.5 0.5
100.00 420.00 88.64 0.5 0.5
105.00 420.00 90.94 0.5 0.5
110.00 420.00 92.42 0.5 0.5
115.00 420.00 93.29 0.5 0.5
120.00 420.00 93.74 0.5 0.5
125.00 420.00 94.13 0.5 0.5
130.00 420.00 94.92 0.5 0.5
135.00 420.00 96.28 0.5 0.5
140.00 420.00 97.79 1.0 0.0
145.00 420.00 98.96 1.0 0.0
150.00 420.00 99.51 1.0 0.0
155.00 420.00 99.26 1.0 0.0
160.00 420.00 98.14 1.0 0.0
165.00 420.00 96.03 1.0 0.0
170.00 420.00 92.83 1.0 0.0
175.00 420.00 88.61 1.0 0.0
180.00 420.00 85.23 1.0 0.0
0.00 430.00 85.07 0.0 1.0
5.00 430.00 86.28 0.0 1.0
10.00 430.00 89.37 0.0 1.0
15.00 430.00 92.30 0.0 1.0
20.00 430.00 94.65 0.0 1.0
25.00 430.00 96.43 0.0 1.0
30.00 430.00 97.66 0.0 1.0
35.00 430.00 98.41 0.0 1.0
40.00 430.00 98.71 0.0 1.0
45.00 430.00 98.60 0.5 0.5
50.00 430.00 98.12 0.5 0.5
55.00 430.00 97.29 0.5 0.5
60.00 430.00 96.14 0.5 0.5
65.00 430.00 94.63 0.5 0.5
70.00 430.00 92.73 0.5 0.5
75.00 430.00 90.28 0.5 0.5
80.00 430.00 87.05 0.5 0.5
85.00 430.00 83.23 0.5 0.5
90.00 430.00 82.69 0.5 0.5
95.00 430.00 86.36 0.5 0.5
100.00 430.00 89.72 0.5 0.5
105.00 430.00 92.25 0.5 0.5
110.00 430.00 94.19 0.5 0.5
115.00 430.00 95.72 0.5 0.5
120.00 430.00 96.93 0.5 0.5
125.00 430.00 97.85 0.5 0.5
130.00 430.00 98.50 0.5 0.5
135.00 430.00 98.85 0.5 0.5
140.00 430.00 98.88 1.0 0.0
145.00 430.00 98.55 1.0 0.0
150.00 430.00 97.83 1.0 0.0
155.00 430.00 96.68 1.0 0.0
160.00 430.00 95.03 1.0 0.0
165.00 430.00 92.87 1.0 0.0
170.00 430.00 90.17 1.0 0.0
175.00 430.00 87.20 1.0 0.0
180.00 430.00 85.23 1.0 0.0
0.00 440.00 85.07 0.0 1.0
5.00 440.00 85.22 0.0 1.0
10.00 440.00 86.21 0.0 1.0
15.00 440.00 87.63 0.0 1.0
20.00 440.00 89.12 0.0 1.0
25.00 440.00 90.49 0.0 1.0
30.00 440.00 91.67 0.0 1.0
35.00 440.00 92.62 0.0 1.0
40.00 440.00 93.33 0.0 1.0
45.00 440.00 93.79 0.5 0.5
50.00 440.00 93.98 0.5 0.5
55.00 440.00 93.87 0.5 0.5
60.00 440.00 93.42 0.5 0.5
65.00 440.00 92.58 0.5 0.5
70.00 440.00 91.26 0.5 0.5
75.00 440.00 89.30 0.5 0.5
80.00 440.00 86.48 0.5 0.5
85.00 440.00 82.79 0.5 0.5
90.00 440.00 81.26 0.5 0.5
95.00 440.00 84.52 0.5 0.5
100.00 440.00 87.85 0.5 0.5
105.00 440.00 90.22 0.5 0.5
110.00 440.00 91.86 0.5 0.5
115.00 440.00 92.96 0.5 0.5
120.00 440.00 93.64 0.5 0.5
125.00 440.00 93.99 0.5 0.5
130.00 440.00 94.04 0.5 0.5
135.00 440.00 93.83 0.5 0.5
140.00 440.00 93.40 1.0 0.0
145.00 440.00 92.76 1.0 0.0
150.00 440.00 91.92 1.0 0.0
155.00 440.00 90.90 1.0 0.0
160.00 440.00 89.71 1.0 0.0
165.00 440.00 88.41 1.0 0.0
170.00 440.00 87.08 1.0 0.0
175.00 440.00 85.91 1.0 0.0
180.00 440.00 85.23 1.0 0.0
0.00 450.00 85.07 0.0 1.0
5.00 450.00 85.01 0.0 1.0
10.00 450.00 84.77 0.0 1.0
15.00 450.00 84.37 0.0 1.0
20.00 450.00 83.77 0.0 1.0
25.00 450.00 82.98 0.0 1.0
30.00 450.00 81.94 0.0 1.0
35.00 450.00 80.64 0.0 1.0
40.00 450.00 79.03 0.0 1.0
45.00 450.00 77.04 0.5 0.5
50.00 450.00 74.61 0.5 0.5
55.00 450.00 71.63 0.5 0.5
60.00 450.00 67.95 0.5 0.5
65.00 450.00 63.33 0.5 0.5
70.00 450.00 57.43 0.5 0.5
75.00 450.00 51.08 0.5 0.5
80.00 450.00 49.69 0.5 0.5
85.00 450.00 50.04 0.5 0.5
90.00 450.00 48.94 0.5 0.5
95.00 450.00 47.64 0.5 0.5
100.00 450.00 49.36 0.5 0.5
105.00 450.00 54.41 0.5 0.5
110.00 450.00 59.97 0.5 0.5
115.00 450.00 64.84 0.5 0.5
120.00 450.00 68.91 0.5 0.5
125.00 450.00 72.26 0.5 0.5
130.00 450.00 75.03 0.5 0.5
135.00 450.00 77.33 0.5 0.5
140.00 450.00 79.23 1.0 0.0
145.00 450.00 80.80 1.0 0.0
150.00 450.00 82.08 1.0 0.0
155.00 450.00 83.11 1.0 0.0
160.00 450.00 83.91 1.0 0.0
165.00 450.00 84.52 1.0 0.0
170.00 450.00 84.93 1.0 0.0
175.00 450.00 85.17 1.0 0.0
180.00 450.00 85.23 1.0 0.0
0.00 460.00 85.07 0.0 1.0
5.00 460.00 85.80 0.0 1.0
10.00 460.00 86.97 0.0 1.0
15.00 460.00 88.29 0.0 1.0
20.00 460.00 89.56 0.0 1.0
25.00 460.00 90.70 0.0 1.0
30.00 460.00 91.69 0.0 1.0
35.00 460.00 92.51 0.0 1.0
40.00 460.00 93.12 0.0 1.0
45.00 460.00 93.52 0.5 0.5
50.00 460.00 93.67 0.5 0.5
55.00 460.00 93.55 0.5 0.5
60.00 460.00 93.10 0.5 0.5
65.00 460.00 92.26 0.5 0.5
70.00 460.00 90.96 0.5 0.5
75.00 460.00 89.03 0.5 0.5
80.00 460.00 86.25 0.5 0.5
85.00 460.00 82.65 0.5 0.5
90.00 460.00 81.38 0.5 0.5
95.00 460.00 84.80 0.5 0.5
100.00 460.00 88.17 0.5 0.5
105.00 460.00 90.57 0.5 0.5
110.00 460.00 92.23 0.5 0.5
115.00 460.00 93.34 0.5 0.5
120.00 460.00 94.01 0.5 0.5
125.00 460.00 94.30 0.5 0.5
130.00 460.00 94.28 0.5 0.5
135.00 460.00 93.96 0.5 0.5
140.00 460.00 93.38 1.0 0.0
145.00 460.00 92.54 1.0 0.0
150.00 460.00 91.47 1.0 0.0
155.00 460.00 90.21 1.0 0.0
160.00 460.00 88.81 1.0 0.0
165.00 460.00 87.39 1.0 0.0
170.00 460.00 86.13 1.0 0.0
175.00 460.00 85.33 1.0 0.0
180.00 460.00 85.23 1.0 0.0
0.00 470.00 85.07 0.0 1.0
5.00 470.00 87.17 0.0 1.0
10.00 470.00 90.18 0.0 1.0
15.00 470.00 92.84 0.0 1.0
20.00 470.00 94.96 0.0 1.0
25.00 470.00 96.57 0.0 1.0
30.00 470.00 97.71 0.0 1.0
35.00 470.00 98.42 0.0 1.0
40.00 470.00 98.73 0.0 1.0
45.00 470.00 98.67 0.5 0.5
50.00 470.00 98.27 0.5 0.5
55.00 470.00 97.56 0.5 0.5
60.00 470.00 96.54 0.5 0.5
65.00 470.00 95.21 0.5 0.5
70.00 470.00 93.52 0.5 0.5
75.00 470.00 91.35 0.5 0.5
80.00 470.00 88.48 0.5 0.5
85.00 470.00 84.74 0.5 0.5
90.00 470.00 82.05 0.5 0.5
95.00 470.00 84.75 0.5 0.5
100.00 470.00 88.50 0.5 0.5
105.00 470.00 91.38 0.5 0.5
110.00 470.00 93.57 0.5 0.5
115.00 470.00 95.30 0.5 0.5
120.00 470.00 96.67 0.5 0.5
125.00 470.00 97.72 0.5 0.5
130.00 470.00 98.45 0.5 0.5
135.00 470.00 98.84 0.5 0.5
140.00 470.00 98.85 1.0 0.0
145.00 470.00 98.45 1.0 0.0
150.00 470.00 97.60 1.0 0.0
155.00 470.00 96.26 1.0 0.0
160.00 470.00 94.40 1.0 0.0
165.00 470.00 92.01 1.0 0.0
170.00 470.00 89.14 1.0 0.0
175.00 470.00 86.30 1.0 0.0
180.00 470.00 85.23 1.0 0.0
0.00 480.00 85.07 0.0 1.0
5.00 480.00 88.66 0.0 1.0
10.00 480.00 92.90 0.0 1.0
15.00 480.00 96.05 0.0 1.0
20.00 480.00 98.13 0.0 1.0
25.00 480.00 99.26 0.0 1.0
30.00 480.00 99.52 0.0 1.0
35.00 480.00 99.01 0.0 1.0
40.00 480.00 97.86 0.0 1.0
45.00 480.00 96.33 0.5 0.5
50.00 480.00 94.87 0.5 0.5
55.00 480.00 93.89 0.5 0.5
60.00 480.00 93.31 0.5 0.5
65.00 480.00 92.68 0.5 0.5
70.00 480.00 91.64 0.5 0.5
75.00 480.00 89.93 0.5 0.5
80.00 480.00 87.30 0.5 0.5
85.00 480.00 83.77 0.5 0.5
90.00 480.00 82.30 0.5 0.5
95.00 480.00 85.54 0.5 0.5
100.00 480.00 88.84 0.5 0.5
105.00 480.00 91.14 0.5 0.5
110.00 480.00 92.60 0.5 0.5
115.00 480.00 93.43 0.5 0.5
120.00 480.00 93.81 0.5 0.5
125.00 480.00 94.10 0.5 0.5
130.00 480.00 94.86 0.5 0.5
135.00 480.00 96.27 0.5 0.5
140.00 480.00 97.85 1.0 0.0
145.00 480.00 99.01 1.0 0.0
150.00 480.00 99.47 1.0 0.0
155.00 480.00 99.07 1.0 0.0
160.00 480.00 97.74 1.0 0.0
165.00 480.00 95.39 1.0 0.0
170.00 480.00 91.94 1.0 0.0
175.00 480.00 87.61 1.0 0.0
180.00 480.00 85.23 1.0 0.0
0.00 490.00 85.07 0.0 1.0
5.00 490.00 90.01 0.0 1.0
10.00 490.00 94.96 0.0 1.0
15.00 490.00 98.09 0.0 1.0
20.00 490.00 99.55 0.0 1.0
25.00 490.00 99.49 0.0 1.0
30.00 490.00 98.02 0.0 1.0
35.00 490.00 95.69 0.0 1.0
40.00 490.00 94.37 0.0 1.0
45.00 490.00 95.01 0.5 0.5
50.00 490.00 95.75 0.5 0.5
55.00 490.00 95.74 0.5 0.5
60.00 490.00 95.01 0.5 0.5
65.00 490.00 93.73 0.5 0.5
70.00 490.00 91.94 0.5 0.5
75.00 490.00 89.54 0.5 0.5
80.00 490.00 86.20 0.5 0.5
85.00 490.00 81.12 0.5 0.5
90.00 490.00 76.70 0.5 0.5
95.00 490.00 82.32 0.5 0.5
100.00 490.00 86.96 0.5 0.5
105.00 490.00 90.06 0.5 0.5
110.00 490.00 92.31 0.5 0.5
115.00 490.00 94.03 0.5 0.5
120.00 490.00 95.28 0.5 0.5
125.00 490.00 95.99 0.5 0.5
130.00 490.00 95.97 0.5 0.5
135.00 490.00 95.11 0.5 0.5
140.00 490.00 94.32 1.0 0.0
145.00 490.00 95.66 1.0 0.0
150.00 490.00 98.03 1.0 0.0
155.00 490.00 99.40 1.0 0.0
160.00 490.00 99.28 1.0 0.0
165.00 490.00 97.56 1.0 0.0
170.00 490.00 94.11 1.0 0.0
175.00 490.00 88.91 1.0 0.0
180.00 490.00 85.23 1.0 0.0
0.00 500.00 85.07 0.0 1.0
5.00 500.00 91.13 0.0 1.0
10.00 500.00 96.45 0.0 1.0
15.00 500.00 99.23 0.0 1.0
20.00 500.00 99.68 0.0 1.0
25.00 500.00 97.91 0.0 1.0
30.00 500.00 94.85 0.0 1.0
35.00 500.00 94.62 0.0 1.0
40.00 500.00 96.19 0.0 1.0
45.00 500.00 96.52 0.5 0.5
50.00 500.00 95.71 0.5 0.5
55.00 500.00 94.35 0.5 0.5
60.00 500.00 92.80 0.5 0.5
65.00 500.00 91.13 0.5 0.5
70.00 500.00 89.37 0.5 0.5
75.00 500.00 87.45 0.5 0.5
80.00 500.00 84.96 0.5 0.5
85.00 500.00 81.55 0.5 0.5
90.00 500.00 79.47 0.5 0.5
95.00 500.00 82.30 0.5 0.5
100.00 500.00 85.47 0.5 0.5
105.00 500.00 87.69 0.5 0.5
110.00 500.00 89.48 0.5 0.5
115.00 500.00 91.23 0.5 0.5
120.00 500.00 92.92 0.5 0.5
125.00 500.00 94.46 0.5 0.5
130.00 500.00 95.78 0.5 0.5
135.00 500.00 96.54 0.5 0.5
140.00 500.00 96.11 1.0 0.0
145.00 500.00 94.39 1.0 0.0
150.00 500.00 94.79 1.0 0.0
155.00 500.00 97.93 1.0 0.0
160.00 500.00 99.52 1.0 0.0
165.00 500.00 98.80 1.0 0.0
170.00 500.00 95.69 1.0 0.0
175.00 500.00 90.04 1.0 0.0
180.00 500.00 85.23 1.0 0.0
0.00 510.00 85.07 0.0 1.0
5.00 510.00 92.00 0.0 1.0
10.00 510.00 97.46 0.0 1.0
15.00 510.00 99.72 0.0 1.0
20.00 510.00 98.98 0.0 1.0
25.00 510.00 95.57 0.0 1.0
30.00 510.00 94.34 0.0 1.0
35.00 510.00 96.36 0.0 1.0
40.00 510.00 96.59 0.0 1.0
45.00 510.00 95.36 0.5 0.5
50.00 510.00 93.67 0.5 0.5
55.00 510.00 91.92 0.5 0.5
60.00 510.00 90.85 0.5 0.5
65.00 510.00 91.16 0.5 0.5
70.00 510.00 91.54 0.5 0.5
75.00 510.00 90.90 0.5 0.5
80.00 510.00 88.88 0.5 0.5
85.00 510.00 85.40 0.5 0.5
90.00 510.00 82.99 0.5 0.5
95.00 510.00 86.21 0.5 0.5
100.00 510.00 89.61 0.5 0.5
105.00 510.00 91.53 0.5 0.5
110.00 510.00 92.07 0.5 0.5
115.00 510.00 91.48 0.5 0.5
120.00 510.00 90.89 0.5 0.5
125.00 510.00 91.89 0.5 0.5
130.00 510.00 93.69 0.5 0.5
135.00 510.00 95.35 0.5 0.5
140.00 510.00 96.50 1.0 0.0
145.00 510.00 96.11 1.0 0.0
150.00 510.00 93.95 1.0 0.0
155.00 510.00 95.60 1.0 0.0
160.00 510.00 98.92 1.0 0.0
165.00 510.00 99.38 1.0 0.0
170.00 510.00 96.77 1.0 0.0
175.00 510.00 90.93 1.0 0.0
180.00 510.00 85.23 1.0 0.0
0.00 520.00 85.07 0.0 1.0
5.00 520.00 92.61 0.0 1.0
10.00 520.00 98.10 0.0 1.0
15.00 520.00 99.85 0.0 1.0
20.00 520.00 97.99 0.0 1.0
25.00 520.00 94.11 0.0 1.0
30.00 520.00 95.62 0.0 1.0
35.00 520.00 96.78 0.0 1.0
40.00 520.00 95.68 0.0 1.0
45.00 520.00 93.76 0.5 0.5
50.00 520.00 91.74 0.5 0.5
55.00 520.00 91.75 0.5 0.5
60.00 520.00 94.05 0.5 0.5
65.00 520.00 95.47 0.5 0.5
70.00 520.00 95.46 0.5 0.5
75.00 520.00 94.42 0.5 0.5
80.00 520.00 92.97 0.5 0.5
85.00 520.00 91.83 0.5 0.5
90.00 520.00 91.37 0.5 0.5
95.00 520.00 91.68 0.5 0.5
100.00 520.00 92.80 0.5 0.5
105.00 520.00 94.34 0.5 0.5
110.00 520.00 95.48 0.5 0.5
115.00 520.00 95.54 0.5 0.5
120.00 520.00 94.06 0.5 0.5
125.00 520.00 91.58 0.5 0.5
130.00 520.00 91.62 0.5 0.5
135.00 520.00 93.74 0.5 0.5
140.00 520.00 95.61 1.0 0.0
145.00 520.00 96.57 1.0 0.0
150.00 520.00 95.14 1.0 0.0
155.00 520.00 93.91 1.0 0.0
160.00 520.00 98.00 1.0 0.0
165.00 520.00 99.56 1.0 0.0
170.00 520.00 97.46 1.0 0.0
175.00 520.00 91.57 1.0 0.0
180.00 520.00 85.23 1.0 0.0
0.00 530.00 85.07 0.0 1.0
5.00 530.00 92.98 0.0 1.0
10.00 530.00 98.44 0.0 1.0
15.00 530.00 99.82 0.0 1.0
20.00 530.00 97.19 0.0 1.0
25.00 530.00 93.92 0.0 1.0
30.00 530.00 96.32 0.0 1.0
35.00 530.00 96.57 0.0 1.0
40.00 530.00 94.84 0.0 1.0
45.00 530.00 92.58 0.5 0.5
50.00 530.00 91.47 0.5 0.5
55.00 530.00 94.31 0.5 0.5
60.00 530.00 96.67 0.5 0.5
65.00 530.00 97.14 0.5 0.5
70.00 530.00 96.18 0.5 0.5
75.00 530.00 94.62 0.5 0.5
80.00 530.00 93.57 0.5 0.5
85.00 530.00 93.44 0.5 0.5
90.00 530.00 93.50 0.5 0.5
95.00 530.00 93.33 0.5 0.5
100.00 530.00 93.37 0.5 0.5
105.00 530.00 94.41 0.5 0.5
110.00 530.00 96.02 0.5 0.5
115.00 530.00 97.00 0.5 0.5
120.00 530.00 96.48 0.5 0.5
125.00 530.00 93.97 0.5 0.5
130.00 530.00 91.07 0.5 0.5
135.00 530.00 92.49 0.5 0.5
140.00 530.00 94.76 1.0 0.0
145.00 530.00 96.37 1.0 0.0
150.00 530.00 95.86 1.0 0.0
155.00 530.00 93.47 1.0 0.0
160.00 530.00 97.23 1.0 0.0
165.00 530.00 99.57 1.0 0.0
170.00 530.00 97.83 1.0 0.0
175.00 530.00 91.95 1.0 0.0
180.00 530.00 85.23 1.0 0.0
0.00 540.00 85.07 0.0 1.0
5.00 540.00 93.11 0.0 1.0
10.00 540.00 98.56 0.0 1.0
15.00 540.00 99.80 0.0 1.0
20.00 540.00 96.90 0.0 1.0
25.00 540.00 94.02 0.0 1.0
30.00 540.00 96.52 0.0 1.0
35.00 540.00 96.45 0.0 1.0
40.00 540.00 94.55 0.0 1.0
45.00 540.00 92.19 0.5 0.5
50.00 540.00 91.96 0.5 0.5
55.00 540.00 95.34 0.5 0.5
60.00 540.00 97.36 0.5 0.5
65.00 540.00 97.38 0.5 0.5
70.00 540.00 95.97 0.5 0.5
75.00 540.00 94.15 0.5 0.5
80.00 540.00 93.34 0.5 0.5
85.00 540.00 93.61 0.5 0.5
90.00 540.00 93.85 0.5 0.5
95.00 540.00 93.58 0.5 0.5
100.00 540.00 93.25 0.5 0.5
105.00 540.00 94.01 0.5 0.5
110.00 540.00 95.82 0.5 0.5
115.00 540.00 97.19 0.5 0.5
120.00 540.00 97.10 0.5 0.5
125.00 540.00 94.92 0.5 0.5
130.00 540.00 91.41 0.5 0.5
135.00 540.00 92.03 0.5 0.5
140.00 540.00 94.44 1.0 0.0
145.00 540.00 96.24 1.0 0.0
150.00 540.00 96.06 1.0 0.0
155.00 540.00 93.48 1.0 0.0
160.00 540.00 96.93 1.0 0.0
165.00 540.00 99.56 1.0 0.0
170.00 540.00 97.96 1.0 0.0
175.00 540.00 92.08 1.0 0.0
180.00 540.00 85.23 1.0 0.0
0.00 550.00 85.07 0.0 1.0
5.00 550.00 93.00 0.0 1.0
10.00 550.00 98.47 0.0 1.0
15.00 550.00 99.84 0.0 1.0
20.00 550.00 97.20 0.0 1.0
25.00 550.00 93.98 0.0 1.0
30.00 550.00 96.39 0.0 1.0
35.00 550.00 96.62 0.0 1.0
40.00 550.00 94.90 0.0 1.0
45.00 550.00 92.65 0.5 0.5
50.00 550.00 91.61 0.5 0.5
55.00 550.00 94.47 0.5 0.5
60.00 550.00 96.78 0.5 0.5
65.00 550.00 97.20 0.5 0.5
70.00 550.00 96.20 0.5 0.5
75.00 550.00 94.61 0.5 0.5
80.00 550.00 93.57 0.5 0.5
85.00 550.00 93.45 0.5 0.5
90.00 550.00 93.51 0.5 0.5
95.00 550.00 93.32 0.5 0.5
100.00 550.00 93.34 0.5 0.5
105.00 550.00 94.38 0.5 0.5
110.00 550.00 96.01 0.5 0.5
115.00 550.00 97.00 0.5 0.5
120.00 550.00 96.51 0.5 0.5
125.00 550.00 94.04 0.5 0.5
130.00 550.00 91.16 0.5 0.5
135.00 550.00 92.50 0.5 0.5
140.00 550.00 94.77 1.0 0.0
145.00 550.00 96.39 1.0 0.0
150.00 550.00 95.91 1.0 0.0
155.00 550.00 93.49 1.0 0.0
160.00 550.00 97.22 1.0 0.0
165.00 550.00 99.58 1.0 0.0
170.00 550.00 97.86 1.0 0.0
175.00 550.00 91.97 1.0 0.0
180.00 550.00 85.23 1.0 0.0
0.00 560.00 85.07 0.0 1.0
5.00 560.00 92.64 0.0 1.0
10.00 560.00 98.15 0.0 1.0
15.00 560.00 99.90 0.0 1.0
20.00 560.00 98.02 0.0 1.0
25.00 560.00 94.19 0.0 1.0
30.00 560.00 95.77 0.0 1.0
35.00 560.00 96.89 0.0 1.0
40.00 560.00 95.78 0.0 1.0
45.00 560.00 93.87 0.5 0.5
50.00 560.00 91.88 0.5 0.5
55.00 560.00 92.01 0.5 0.5
60.00 560.00 94.29 0.5 0.5
65.00 560.00 95.63 0.5 0.5
70.00 560.00 95.56 0.5 0.5
75.00 560.00 94.48 0.5 0.5
80.00 560.00 93.04 0.5 0.5
85.00 560.00 91.92 0.5 0.5
90.00 560.00 91.45 0.5 0.5
95.00 560.00 91.70 0.5 0.5
100.00 560.00 92.79 0.5 0.5
105.00 560.00 94.33 0.5 0.5
110.00 560.00 95.48 0.5 0.5
115.00 560.00 95.55 0.5 0.5
120.00 560.00 94.12 0.5 0.5
125.00 560.00 91.72 0.5 0.5
130.00 560.00 91.70 0.5 0.5
135.00 560.00 93.76 0.5 0.5
140.00 560.00 95.64 1.0 0.0
145.00 560.00 96.63 1.0 0.0
150.00 560.00 95.25 1.0 0.0
155.00 560.00 93.90 1.0 0.0
160.00 560.00 97.98 1.0 0.0
165.00 560.00 99.59 1.0 0.0
170.00 560.00 97.50 1.0 0.0
175.00 560.00 91.60 1.0 0.0
180.00 560.00 85.23 1.0 0.0
0.00 570.00 85.07 0.0 1.0
5.00 570.00 92.05 0.0 1.0
10.00 570.00 97.54 0.0 1.0
15.00 570.00 99.80 0.0 1.0
20.00 570.00 99.04 0.0 1.0
25.00 570.00 95.62 0.0 1.0
30.00 570.00 94.55 0.0 1.0
35.00 570.00 96.55 0.0 1.0
40.00 570.00 96.73 0.0 1.0
45.00 570.00 95.50 0.5 0.5
50.00 570.00 93.81 0.5 0.5
55.00 570.00 92.05 0.5 0.5
60.00 570.00 91.01 0.5 0.5
65.00 570.00 91.33 0.5 0.5
70.00 570.00 91.67 0.5 0.5
75.00 570.00 90.97 0.5 0.5
80.00 570.00 88.95 0.5 0.5
85.00 570.00 85.60 0.5 0.5
90.00 570.00 83.42 0.5 0.5
95.00 570.00 86.38 0.5 0.5
100.00 570.00 89.64 0.5 0.5
105.00 570.00 91.50 0.5 0.5
110.00 570.00 92.03 0.5 0.5
115.00 570.00 91.50 0.5 0.5
120.00 570.00 90.98 0.5 0.5
125.00 570.00 91.97 0.5 0.5
130.00 570.00 93.75 0.5 0.5
135.00 570.00 95.41 0.5 0.5
140.00 570.00 96.58 1.0 0.0
145.00 570.00 96.25 1.0 0.0
150.00 570.00 94.08 1.0 0.0
155.00 570.00 95.55 1.0 0.0
160.00 570.00 98.92 1.0 0.0
165.00 570.00 99.44 1.0 0.0
170.00 570.00 96.84 1.0 0.0
175.00 570.00 90.98 1.0 0.0
180.00 570.00 85.23 1.0 0.0
0.00 580.00 85.07 0.0 1.0
5.00 580.00 91.19 0.0 1.0
10.00 580.00 96.55 0.0 1.0
15.00 580.00 99.34 0.0 1.0
20.00 580.00 99.77 0.0 1.0
25.00 580.00 97.96 0.0 1.0
30.00 580.00 94.94 0.0 1.0
35.00 580.00 94.87 0.0 1.0
40.00 580.00 96.41 0.0 1.0
45.00 580.00 96.69 0.5 0.5
50.00 580.00 95.86 0.5 0.5
55.00 580.00 94.48 0.5 0.5
60.00 580.00 92.89 0.5 0.5
65.00 580.00 91.16 0.5 0.5
70.00 580.00 89.33 0.5 0.5
75.00 580.00 87.33 0.5 0.5
80.00 580.00 84.79 0.5 0.5
85.00 580.00 81.45 0.5 0.5
90.00 580.00 79.61 0.5 0.5
95.00 580.00 82.33 0.5 0.5
100.00 580.00 85.39 0.5 0.5
105.00 580.00 87.62 0.5 0.5
110.00 580.00 89.46 0.5 0.5
115.00 580.00 91.24 0.5 0.5
120.00 580.00 92.95 0.5 0.5
125.00 580.00 94.52 0.5 0.5
130.00 580.00 95.87 0.5 0.5
135.00 580.00 96.66 0.5 0.5
140.00 580.00 96.29 1.0 0.0
145.00 580.00 94.58 1.0 0.0
150.00 580.00 94.77 1.0 0.0
155.00 580.00 97.90 1.0 0.0
160.00 580.00 99.56 1.0 0.0
165.00 580.00 98.89 1.0 0.0
170.00 580.00 95.79 1.0 0.0
175.00 580.00 90.10 1.0 0.0
180.00 580.00 85.23 1.0 0.0
0.00 590.00 85.07 0.0 1.0
5.00 590.00 90.08 0.0 1.0
10.00 590.00 95.10 0.0 1.0
15.00 590.00 98.25 0.0 1.0
20.00 590.00 99.70 0.0 1.0
25.00 590.00 99.60 0.0 1.0
30.00 590.00 98.08 0.0 1.0
35.00 590.00 95.75 0.0 1.0
40.00 590.00 94.55 0.0 1.0
45.00 590.00 95.24 0.5 0.5
50.00 590.00 95.94 0.5 0.5
55.00 590.00 95.88 0.5 0.5
60.00 590.00 95.10 0.5 0.5
65.00 590.00 93.76 0.5 0.5
70.00 590.00 91.92 0.5 0.5
75.00 590.00 89.47 0.5 0.5
80.00 590.00 86.09 0.5 0.5
85.00 590.00 81.16 0.5 0.5
90.00 590.00 77.42 0.5 0.5
95.00 590.00 82.48 0.5 0.5
100.00 590.00 86.92 0.5 0.5
105.00 590.00 89.98 0.5 0.5
110.00 590.00 92.26 0.5 0.5
115.00 590.00 94.03 0.5 0.5
120.00 590.00 95.34 0.5 0.5
125.00 590.00 96.10 0.5 0.5
130.00 590.00 96.13 0.5 0.5
135.00 590.00 95.32 0.5 0.5
140.00 590.00 94.46 1.0 0.0
145.00 590.00 95.63 1.0 0.0
150.00 590.00 98.00 1.0 0.0
155.00 590.00 99.45 1.0 0.0
160.00 590.00 99.38 1.0 0.0
165.00 590.00 97.69 1.0 0.0
170.00 590.00 94.24 1.0 0.0
175.00 590.00 88.99 1.0 0.0
180.00 590.00 85.23 1.0 0.0
0.00 600.00 85.07 0.0 1.0
5.00 600.00 88.73 0.0 1.0
10.00 600.00 93.05 0.0 1.0
15.00 600.00 96.25 0.0 1.0
20.00 600.00 98.34 0.0 1.0
25.00 600.00 99.45 0.0 1.0
30.00 600.00 99.66 0.0 1.0
35.00 600.00 99.10 0.0 1.0
40.00 600.00 97.91 0.0 1.0
45.00 600.00 96.36 0.5 0.5
50.00 600.00 94.93 0.5 0.5
55.00 600.00 94.00 0.5 0.5
60.00 600.00 93.43 0.5 0.5
65.00 600.00 92.78 0.5 0.5
70.00 600.00 91.70 0.5 0.5
75.00 600.00 89.94 0.5 0.5
80.00 600.00 87.28 0.5 0.5
85.00 600.00 83.78 0.5 0.5
90.00 600.00 82.44 0.5 0.5
95.00 600.00 85.63 0.5 0.5
100.00 600.00 88.89 0.5 0.5
105.00 600.00 91.18 0.5 0.5
110.00 600.00 92.66 0.5 0.5
115.00 600.00 93.50 0.5 0.5
120.00 600.00 93.90 0.5 0.5
125.00 600.00 94.19 0.5 0.5
130.00 600.00 94.90 0.5 0.5
135.00 600.00 96.26 0.5 0.5
140.00 600.00 97.83 1.0 0.0
145.00 600.00 99.03 1.0 0.0
150.00 600.00 99.54 1.0 0.0
155.00 600.00 99.19 1.0 0.0
160.00 600.00 97.90 1.0 0.0
165.00 600.00 95.57 1.0 0.0
170.00 600.00 92.10 1.0 0.0
175.00 600.00 87.69 1.0 0.0
180.00 600.00 85.23 1.0 0.0
0.00 610.00 85.07 0.0 1.0
5.00 610.00 87.23 0.0 1.0
10.00 610.00 90.35 0.0 1.0
15.00 610.00 93.08 0.0 1.0
20.00 610.00 95.24 0.0 1.0
25.00 610.00 96.85 0.0 1.0
30.00 610.00 97.96 0.0 1.0
35.00 610.00 98.63 0.0 1.0
40.00 610.00 98.88 0.0 1.0
45.00 610.00 98.78 0.5 0.5
50.00 610.00 98.34 0.5 0.5
55.00 610.00 97.60 0.5 0.5
60.00 610.00 96.56 0.5 0.5
65.00 610.00 95.22 0.5 0.5
70.00 610.00 93.51 0.5 0.5
75.00 610.00 91.32 0.5 0.5
80.00 610.00 88.44 0.5 0.5
85.00 610.00 84.72 0.5 0.5
90.00 610.00 82.19 0.5 0.5
95.00 610.00 84.89 0.5 0.5
100.00 610.00 88.56 0.5 0.5
105.00 610.00 91.40 0.5 0.5
110.00 610.00 93.58 0.5 0.5
115.00 610.00 95.29 0.5 0.5
120.00 610.00 96.66 0.5 0.5
125.00 610.00 97.71 0.5 0.5
130.00 610.00 98.45 0.5 0.5
135.00 610.00 98.87 0.5 0.5
140.00 610.00 98.92 1.0 0.0
145.00 610.00 98.57 1.0 0.0
150.00 610.00 97.77 1.0 0.0
155.00 610.00 96.47 1.0 0.0
160.00 610.00 94.64 1.0 0.0
165.00 610.00 92.25 1.0 0.0
170.00 610.00 89.33 1.0 0.0
175.00 610.00 86.36 1.0 0.0
180.00 610.00 85.23 1.0 0.0
0.00 620.00 85.07 0.0 1.0
5.00 620.00 85.83 0.0 1.0
10.00 620.00 87.11 0.0 1.0
15.00 620.00 88.53 0.0 1.0
20.00 620.00 89.88 0.0 1.0
25.00 620.00 91.08 0.0 1.0
30.00 620.00 92.08 0.0 1.0
35.00 620.00 92.87 0.0 1.0
40.00 620.00 93.45 0.0 1.0
45.00 620.00 93.79 0.5 0.5
50.00 620.00 93.89 0.5 0.5
55.00 620.00 93.71 0.5 0.5
60.00 620.00 93.23 0.5 0.5
65.00 620.00 92.37 0.5 0.5
70.00 620.00 91.05 0.5 0.5
75.00 620.00 89.10 0.5 0.5
80.00 620.00 86.27 0.5 0.5
85.00 620.00 82.60 0.5 0.5
90.00 620.00 81.36 0.5 0.5
95.00 620.00 84.84 0.5 0.5
100.00 620.00 88.22 0.5 0.5
105.00 620.00 90.61 0.5 0.5
110.00 620.00 92.25 0.5 0.5
115.00 620.00 93.35 0.5 0.5
120.00 620.00 94.02 0.5 0.5
125.00 620.00 94.34 0.5 0.5
130.00 620.00 94.34 0.5 0.5
135.00 620.00 94.07 0.5 0.5
140.00 620.00 93.53 1.0 0.0
145.00 620.00 92.76 1.0 0.0
150.00 620.00 91.74 1.0 0.0
155.00 620.00 90.52 1.0 0.0
160.00 620.00 89.11 1.0 0.0
165.00 620.00 87.63 1.0 0.0
170.00 620.00 86.27 1.0 0.0
175.00 620.00 85.36 1.0 0.0
180.00 620.00 85.23 1.0 0.0
0.00 630.00 85.07 0.0 1.0
5.00 630.00 84.98 0.0 1.0
10.00 630.00 84.72 0.0 1.0
15.00 630.00 84.29 0.0 1.0
20.00 630.00 83.67 0.0 1.0
25.00 630.00 82.86 0.0 1.0
30.00 630.00 81.83 0.0 1.0
35.00 630.00 80.56 0.0 1.0
40.00 630.00 79.01 0.0 1.0
45.00 630.00 77.14 0.5 0.5
50.00 630.00 74.90 0.5 0.5
55.00 630.00 72.22 0.5 0.5
60.00 630.00 69.01 0.5 0.5
65.00 630.00 65.13 0.5 0.5
70.00 630.00 60.43 0.5 0.5
75.00 630.00 54.64 0.5 0.5
80.00 630.00 47.59 0.5 0.5
85.00 630.00 41.22 0.5 0.5
90.00 630.00 42.97 0.5 0.5
95.00 630.00 47.31 0.5 0.5
100.00 630.00 51.47 0.5 0.5
105.00 630.00 56.02 0.5 0.5
110.00 630.00 60.84 0.5 0.5
115.00 630.00 65.32 0.5 0.5
120.00 630.00 69.16 0.5 0.5
125.00 630.00 72.38 0.5 0.5
130.00 630.00 75.05 0.5 0.5
135.00 630.00 77.27 0.5 0.5
140.00 630.00 79.11 1.0 0.0
145.00 630.00 80.64 1.0 0.0
150.00 630.00 81.91 1.0 0.0
155.00 630.00 82.95 1.0 0.0
160.00 630.00 83.77 1.0 0.0
165.00 630.00 84.40 1.0 0.0
170.00 630.00 84.85 1.0 0.0
175.00 630.00 85.13 1.0 0.0
180.00 630.00 85.23 1.0 0.0
0.00 640.00 85.07 0.0 1.0
5.00 640.00 85.14 0.0 1.0
10.00 640.00 86.02 0.0 1.0
15.00 640.00 87.39 0.0 1.0
20.00 640.00 88.88 0.0 1.0
25.00 640.00 90.30 0.0 1.0
30.00 640.00 91.54 0.0 1.0
35.00 640.00 92.55 0.0 1.0
40.00 640.00 93.31 0.0 1.0
45.00 640.00 93.80 0.5 0.5
50.00 640.00 94.01 0.5 0.5
55.00 640.00 93.91 0.5 0.5
60.00 640.00 93.46 0.5 0.5
65.00 640.00 92.63 0.5 0.5
70.00 640.00 91.31 0.5 0.5
75.00 640.00 89.38 0.5 0.5
80.00 640.00 86.60 0.5 0.5
85.00 640.00 83.00 0.5 0.5
90.00 640.00 81.46 0.5 0.5
95.00 640.00 84.61 0.5 0.5
100.00 640.00 87.93 0.5 0.5
105.00 640.00 90.32 0.5 0.5
110.00 640.00 91.98 0.5 0.5
115.00 640.00 93.09 0.5 0.5
120.00 640.00 93.76 0.5 0.5
125.00 640.00 94.08 0.5 0.5
130.00 640.00 94.08 0.5 0.5
135.00 640.00 93.82 0.5 0.5
140.00 640.00 93.31 1.0 0.0
145.00 640.00 92.60 1.0 0.0
150.00 640.00 91.69 1.0 0.0
155.00 640.00 90.62 1.0 0.0
160.00 640.00 89.42 1.0 0.0
165.00 640.00 88.14 1.0 0.0
170.00 640.00 86.88 1.0 0.0
175.00 640.00 85.83 1.0 0.0
180.00 640.00 85.23 1.0 0.0
0.00 650.00 85.07 0.0 1.0
5.00 650.00 86.19 0.0 1.0
10.00 650.00 89.22 0.0 1.0
15.00 650.00 92.17 0.0 1.0
20.00 650.00 94.57 0.0 1.0
25.00 650.00 96.40 0.0 1.0
30.00 650.00 97.70 0.0 1.0
35.00 650.00 98.49 0.0 1.0
40.00 650.00 98.83 0.0 1.0
45.00 650.00 98.74 0.5 0.5
50.00 650.00 98.27 0.5 0.5
55.00 650.00 97.44 0.5 0.5
60.00 650.00 96.27 0.5 0.5
65.00 650.00 94.75 0.5 0.5
70.00 650.00 92.82 0.5 0.5
75.00 650.00 90.34 0.5 0.5
80.00 650.00 87.08 0.5 0.5
85.00 650.00 83.23 0.5 0.5
90.00 650.00 82.71 0.5 0.5
95.00 650.00 86.40 0.5 0.5
100.00 650.00 89.78 0.5 0.5
105.00 650.00 92.32 0.5 0.5
110.00 650.00 94.29 0.5 0.5
115.00 650.00 95.84 0.5 0.5
120.00 650.00 97.06 0.5 0.5
125.00 650.00 97.99 0.5 0.5
130.00 650.00 98.62 0.5 0.5
135.00 650.00 98.94 0.5 0.5
140.00 650.00 98.92 1.0 0.0
145.00 650.00 98.53 1.0 0.0
150.00 650.00 97.75 1.0 0.0
155.00 650.00 96.53 1.0 0.0
160.00 650.00 94.85 1.0 0.0
165.00 650.00 92.67 1.0 0.0
170.00 650.00 90.00 1.0 0.0
175.00 650.00 87.10 1.0 0.0
180.00 650.00 85.23 1.0 0.0
0.00 660.00 85.07 0.0 1.0
5.00 660.00 87.60 0.0 1.0
10.00 660.00 92.10 0.0 1.0
15.00 660.00 95.58 0.0 1.0
20.00 660.00 97.93 0.0 1.0
25.00 660.00 99.25 0.0 1.0
30.00 660.00 99.62 0.0 1.0
35.00 660.00 99.15 0.0 1.0
40.00 660.00 97.95 0.0 1.0
45.00 660.00 96.34 0.5 0.5
50.00 660.00 94.84 0.5 0.5
55.00 660.00 93.94 0.5 0.5
60.00 660.00 93.47 0.5 0.5
65.00 660.00 92.91 0.5 0.5
70.00 660.00 91.88 0.5 0.5
75.00 660.00 90.14 0.5 0.5
80.00 660.00 87.50 0.5 0.5
85.00 660.00 83.97 0.5 0.5
90.00 660.00 82.37 0.5 0.5
95.00 660.00 85.43 0.5 0.5
100.00 660.00 88.67 0.5 0.5
105.00 660.00 90.95 0.5 0.5
110.00 660.00 92.43 0.5 0.5
115.00 660.00 93.31 0.5 0.5
120.00 660.00 93.80 0.5 0.5
125.00 660.00 94.26 0.5 0.5
130.00 660.00 95.12 0.5 0.5
135.00 660.00 96.51 0.5 0.5
140.00 660.00 97.98 1.0 0.0
145.00 660.00 99.08 1.0 0.0
150.00 660.00 99.54 1.0 0.0
155.00 660.00 99.22 1.0 0.0
160.00 660.00 98.04 1.0 0.0
165.00 660.00 95.90 1.0 0.0
170.00 660.00 92.70 1.0 0.0
175.00 660.00 88.52 1.0 0.0
180.00 660.00 85.23 1.0 0.0
0.00 670.00 85.07 0.0 1.0
5.00 670.00 88.97 0.0 1.0
10.00 670.00 94.30 0.0 1.0
15.00 670.00 97.77 0.0 1.0
20.00 670.00 99.50 0.0 1.0
25.00 670.00 99.64 0.0 1.0
30.00 670.00 98.29 0.0 1.0
35.00 670.00 95.98 0.0 1.0
40.00 670.00 94.60 0.0 1.0
45.00 670.00 95.24 0.5 0.5
50.00 670.00 95.98 0.5 0.5
55.00 670.00 95.91 0.5 0.5
60.00 670.00 95.09 0.5 0.5
65.00 670.00 93.67 0.5 0.5
70.00 670.00 91.70 0.5 0.5
75.00 670.00 89.07 0.5 0.5
80.00 670.00 85.36 0.5 0.5
85.00 670.00 79.78 0.5 0.5
90.00 670.00 77.49 0.5 0.5
95.00 670.00 83.36 0.5 0.5
100.00 670.00 87.54 0.5 0.5
105.00 670.00 90.41 0.5 0.5
110.00 670.00 92.55 0.5 0.5
115.00 670.00 94.19 0.5 0.5
120.00 670.00 95.40 0.5 0.5
125.00 670.00 96.07 0.5 0.5
130.00 670.00 96.03 0.5 0.5
135.00 670.00 95.20 0.5 0.5
140.00 670.00 94.40 1.0 0.0
145.00 670.00 95.62 1.0 0.0
150.00 670.00 97.95 1.0 0.0
155.00 670.00 99.40 1.0 0.0
160.00 670.00 99.44 1.0 0.0
165.00 670.00 97.94 1.0 0.0
170.00 670.00 94.77 1.0 0.0
175.00 670.00 89.84 1.0 0.0
180.00 670.00 85.23 1.0 0.0
0.00 680.00 85.07 0.0 1.0
5.00 680.00 90.14 0.0 1.0
10.00 680.00 95.89 0.0 1.0
15.00 680.00 99.02 0.0 1.0
20.00 680.00 99.78 0.0 1.0
25.00 680.00 98.26 0.0 1.0
30.00 680.00 95.26 0.0 1.0
35.00 680.00 94.80 0.0 1.0
40.00 680.00 96.37 0.0 1.0
45.00 680.00 96.73 0.5 0.5
50.00 680.00 95.91 0.5 0.5
55.00 680.00 94.47 0.5 0.5
60.00 680.00 92.75 0.5 0.5
65.00 680.00 90.88 0.5 0.5
70.00 680.00 88.94 0.5 0.5
75.00 680.00 86.92 0.5 0.5
80.00 680.00 84.45 0.5 0.5
85.00 680.00 81.27 0.5 0.5
90.00 680.00 79.89 0.5 0.5
95.00 680.00 82.80 0.5 0.5
100.00 680.00 85.88 0.5 0.5
105.00 680.00 88.11 0.5 0.5
110.00 680.00 89.90 0.5 0.5
115.00 680.00 91.55 0.5 0.5
120.00 680.00 93.12 0.5 0.5
125.00 680.00 94.58 0.5 0.5
130.00 680.00 95.87 0.5 0.5
135.00 680.00 96.64 0.5 0.5
140.00 680.00 96.25 1.0 0.0
145.00 680.00 94.53 1.0 0.0
150.00 680.00 94.60 1.0 0.0
155.00 680.00 97.72 1.0 0.0
160.00 680.00 99.52 1.0 0.0
165.00 680.00 99.07 1.0 0.0
170.00 680.00 96.26 1.0 0.0
175.00 680.00 90.94 1.0 0.0
180.00 680.00 85.23 1.0 0.0
0.00 690.00 85.07 0.0 1.0
5.00 690.00 91.05 0.0 1.0
10.00 690.00 96.97 0.0 1.0
15.00 690.00 99.62 0.0 1.0
20.00 690.00 99.22 0.0 1.0
25.00 690.00 96.07 0.0 1.0
30.00 690.00 94.47 0.0 1.0
35.00 690.00 96.47 0.0 1.0
40.00 690.00 96.82 0.0 1.0
45.00 690.00 95.64 0.5 0.5
50.00 690.00 93.89 0.5 0.5
55.00 690.00 92.03 0.5 0.5
60.00 690.00 90.93 0.5 0.5
65.00 690.00 91.26 0.5 0.5
70.00 690.00 91.61 0.5 0.5
75.00 690.00 90.87 0.5 0.5
80.00 690.00 88.72 0.5 0.5
85.00 690.00 85.16 0.5 0.5
90.00 690.00 83.08 0.5 0.5
95.00 690.00 86.35 0.5 0.5
100.00 690.00 89.58 0.5 0.5
105.00 690.00 91.38 0.5 0.5
110.00 690.00 91.88 0.5 0.5
115.00 690.00 91.40 0.5 0.5
120.00 690.00 91.05 0.5 0.5
125.00 690.00 92.10 0.5 0.5
130.00 690.00 93.77 0.5 0.5
135.00 690.00 95.36 0.5 0.5
140.00 690.00 96.55 1.0 0.0
145.00 690.00 96.28 1.0 0.0
150.00 690.00 94.07 1.0 0.0
155.00 690.00 95.22 1.0 0.0
160.00 690.00 98.76 1.0 0.0
165.00 690.00 99.54 1.0 0.0
170.00 690.00 97.27 1.0 0.0
175.00 690.00 91.80 1.0 0.0
180.00 690.00 85.23 1.0 0.0
0.00 700.00 85.07 0.0 1.0
5.00 700.00 91.70 0.0 1.0
10.00 700.00 97.66 0.0 1.0
15.00 700.00 99.81 0.0 1.0
20.00 700.00 98.35 0.0 1.0
25.00 700.00 94.50 0.0 1.0
30.00 700.00 95.59 0.0 1.0
35.00 700.00 96.95 0.0 1.0
40.00 700.00 95.98 0.0 1.0
45.00 700.00 94.07 0.5 0.5
50.00 700.00 91.98 0.5 0.5
55.00 700.00 91.81 0.5 0.5
60.00 700.00 93.99 0.5 0.5
65.00 700.00 95.33 0.5 0.5
70.00 700.00 95.22 0.5 0.5
75.00 700.00 94.05 0.5 0.5
80.00 700.00 92.52 0.5 0.5
85.00 700.00 91.49 0.5 0.5
90.00 700.00 91.34 0.5 0.5
95.00 700.00 91.96 0.5 0.5
100.00 700.00 93.19 0.5 0.5
105.00 700.00 94.65 0.5 0.5
110.00 700.00 95.67 0.5 0.5
115.00 700.00 95.63 0.5 0.5
120.00 700.00 94.13 0.5 0.5
125.00 700.00 91.73 0.5 0.5
130.00 700.00 91.73 0.5 0.5
135.00 700.00 93.68 0.5 0.5
140.00 700.00 95.52 1.0 0.0
145.00 700.00 96.62 1.0 0.0
150.00 700.00 95.38 1.0 0.0
155.00 700.00 93.61 1.0 0.0
160.00 700.00 97.69 1.0 0.0
165.00 700.00 99.64 1.0 0.0
170.00 700.00 97.90 1.0 0.0
175.00 700.00 92.40 1.0 0.0
180.00 700.00 85.23 1.0 0.0
0.00 710.00 85.07 0.0 1.0
5.00 710.00 92.08 0.0 1.0
10.00 710.00 98.03 0.0 1.0
15.00 710.00 99.82 0.0 1.0
20.00 710.00 97.61 0.0 1.0
25.00 710.00 94.07 0.0 1.0
30.00 710.00 96.27 0.0 1.0
35.00 710.00 96.77 0.0 1.0
40.00 710.00 95.15 0.0 1.0
45.00 710.00 92.87 0.5 0.5
50.00 710.00 91.48 0.5 0.5
55.00 710.00 94.06 0.5 0.5
60.00 710.00 96.43 0.5 0.5
65.00 710.00 96.91 0.5 0.5
70.00 710.00 95.94 0.5 0.5
75.00 710.00 94.34 0.5 0.5
80.00 710.00 93.32 0.5 0.5
85.00 710.00 93.29 0.5 0.5
90.00 710.00 93.47 0.5 0.5
95.00 710.00 93.43 0.5 0.5
100.00 710.00 93.59 0.5 0.5
105.00 710.00 94.67 0.5 0.5
110.00 710.00 96.26 0.5 0.5
115.00 710.00 97.21 0.5 0.5
120.00 710.00 96.69 0.5 0.5
125.00 710.00 94.21 0.5 0.5
130.00 710.00 91.26 0.5 0.5
135.00 710.00 92.39 0.5 0.5
140.00 710.00 94.58 1.0 0.0
145.00 710.00 96.31 1.0 0.0
150.00 710.00 96.06 1.0 0.0
155.00 710.00 93.39 1.0 0.0
160.00 710.00 96.81 1.0 0.0
165.00 710.00 99.59 1.0 0.0
170.00 710.00 98.24 1.0 0.0
175.00 710.00 92.77 1.0 0.0
180.00 710.00 85.23 1.0 0.0
0.00 720.00 85.07 0.0 1.0
5.00 720.00 92.22 0.0 1.0
10.00 720.00 98.15 0.0 1.0
15.00 720.00 99.79 0.0 1.0
20.00 720.00 97.31 0.0 1.0
25.00 720.00 94.04 0.0 1.0
30.00 720.00 96.44 0.0 1.0
35.00 720.00 96.61 0.0 1.0
40.00 720.00 94.79 0.0 1.0
45.00 720.00 92.38 0.5 0.5
50.00 720.00 91.72 0.5 0.5
55.00 720.00 94.95 0.5 0.5
60.00 720.00 97.05 0.5 0.5
65.00 720.00 97.14 0.5 0.5
70.00 720.00 95.78 0.5 0.5
75.00 720.00 93.98 0.5 0.5
80.00 720.00 93.23 0.5 0.5
85.00 720.00 93.57 0.5 0.5
90.00 720.00 93.84 0.5 0.5
95.00 720.00 93.59 0.5 0.5
100.00 720.00 93.31 0.5 0.5
105.00 720.00 94.15 0.5 0.5
110.00 720.00 96.00 0.5 0.5
115.00 720.00 97.40 0.5 0.5
120.00 720.00 97.33 0.5 0.5
125.00 720.00 95.19 0.5 0.5
130.00 720.00 91.64 0.5 0.5
135.00 720.00 91.90 0.5 0.5
140.00 720.00 94.21 1.0 0.0
145.00 720.00 96.12 1.0 0.0
150.00 720.00 96.22 1.0 0.0
155.00 720.00 93.47 1.0 0.0
160.00 720.00 96.47 1.0 0.0
165.00 720.00 99.55 1.0 0.0
170.00 720.00 98.35 1.0 0.0
175.00 720.00 92.89 1.0 0.0
180.00 720.00 85.23 1.0 0.0
