# FGCom-mumble Far-Field Radiation Pattern
# Frequency: 432.0 MHz
# Altitude: 0 m
# Format: Theta Phi Gain_dBi H_Polarization V_Polarization
# Theta: Elevation angle (0-180 degrees)
# Phi: Azimuth angle (0-360 degrees)
# Gain: Antenna gain in dBi
# H_Polarization: Horizontal polarization component
# V_Polarization: Vertical polarization component
0.00 0.00 46.67 0.0 1.0
5.00 0.00 51.08 0.0 1.0
10.00 0.00 54.64 0.0 1.0
15.00 0.00 53.88 0.0 1.0
20.00 0.00 50.98 0.0 1.0
25.00 0.00 51.12 0.0 1.0
30.00 0.00 50.69 0.0 1.0
35.00 0.00 51.07 0.0 1.0
40.00 0.00 53.07 0.0 1.0
45.00 0.00 54.15 0.5 0.5
50.00 0.00 54.78 0.5 0.5
55.00 0.00 54.87 0.5 0.5
60.00 0.00 53.89 0.5 0.5
65.00 0.00 51.81 0.5 0.5
70.00 0.00 49.03 0.5 0.5
75.00 0.00 46.00 0.5 0.5
80.00 0.00 42.65 0.5 0.5
85.00 0.00 38.49 0.5 0.5
90.00 0.00 35.60 0.5 0.5
95.00 0.00 38.77 0.5 0.5
100.00 0.00 42.86 0.5 0.5
105.00 0.00 46.61 0.5 0.5
110.00 0.00 50.03 0.5 0.5
115.00 0.00 52.72 0.5 0.5
120.00 0.00 54.39 0.5 0.5
125.00 0.00 55.00 0.5 0.5
130.00 0.00 54.84 0.5 0.5
135.00 0.00 54.28 0.5 0.5
140.00 0.00 52.92 1.0 0.0
145.00 0.00 51.22 1.0 0.0
150.00 0.00 51.81 1.0 0.0
155.00 0.00 51.36 1.0 0.0
160.00 0.00 51.13 1.0 0.0
165.00 0.00 54.77 1.0 0.0
170.00 0.00 55.08 1.0 0.0
175.00 0.00 50.38 1.0 0.0
180.00 0.00 46.54 1.0 0.0
0.00 10.00 46.67 0.0 1.0
5.00 10.00 50.88 0.0 1.0
10.00 10.00 54.31 0.0 1.0
15.00 10.00 53.50 0.0 1.0
20.00 10.00 50.34 0.0 1.0
25.00 10.00 50.09 0.0 1.0
30.00 10.00 49.57 0.0 1.0
35.00 10.00 49.11 0.0 1.0
40.00 10.00 50.96 0.0 1.0
45.00 10.00 52.21 0.5 0.5
50.00 10.00 52.40 0.5 0.5
55.00 10.00 51.82 0.5 0.5
60.00 10.00 50.73 0.5 0.5
65.00 10.00 49.35 0.5 0.5
70.00 10.00 47.66 0.5 0.5
75.00 10.00 45.44 0.5 0.5
80.00 10.00 42.63 0.5 0.5
85.00 10.00 40.01 0.5 0.5
90.00 10.00 39.75 0.5 0.5
95.00 10.00 41.89 0.5 0.5
100.00 10.00 44.93 0.5 0.5
105.00 10.00 48.39 0.5 0.5
110.00 10.00 51.68 0.5 0.5
115.00 10.00 54.25 0.5 0.5
120.00 10.00 55.83 0.5 0.5
125.00 10.00 56.41 0.5 0.5
130.00 10.00 56.20 0.5 0.5
135.00 10.00 55.33 0.5 0.5
140.00 10.00 53.55 1.0 0.0
145.00 10.00 52.09 1.0 0.0
150.00 10.00 52.69 1.0 0.0
155.00 10.00 51.76 1.0 0.0
160.00 10.00 51.95 1.0 0.0
165.00 10.00 55.35 1.0 0.0
170.00 10.00 55.31 1.0 0.0
175.00 10.00 50.43 1.0 0.0
180.00 10.00 46.54 1.0 0.0
0.00 20.00 46.67 0.0 1.0
5.00 20.00 50.48 0.0 1.0
10.00 20.00 53.86 0.0 1.0
15.00 20.00 53.28 0.0 1.0
20.00 20.00 49.94 0.0 1.0
25.00 20.00 48.63 0.0 1.0
30.00 20.00 48.36 0.0 1.0
35.00 20.00 46.42 0.0 1.0
40.00 20.00 47.18 0.0 1.0
45.00 20.00 48.87 0.5 0.5
50.00 20.00 48.27 0.5 0.5
55.00 20.00 45.48 0.5 0.5
60.00 20.00 43.31 0.5 0.5
65.00 20.00 44.14 0.5 0.5
70.00 20.00 44.74 0.5 0.5
75.00 20.00 44.40 0.5 0.5
80.00 20.00 43.66 0.5 0.5
85.00 20.00 43.05 0.5 0.5
90.00 20.00 43.09 0.5 0.5
95.00 20.00 44.21 0.5 0.5
100.00 20.00 46.52 0.5 0.5
105.00 20.00 49.45 0.5 0.5
110.00 20.00 52.23 0.5 0.5
115.00 20.00 54.35 0.5 0.5
120.00 20.00 55.68 0.5 0.5
125.00 20.00 56.25 0.5 0.5
130.00 20.00 56.09 0.5 0.5
135.00 20.00 54.99 0.5 0.5
140.00 20.00 53.12 1.0 0.0
145.00 20.00 52.71 1.0 0.0
150.00 20.00 53.13 1.0 0.0
155.00 20.00 51.66 1.0 0.0
160.00 20.00 53.11 1.0 0.0
165.00 20.00 56.00 1.0 0.0
170.00 20.00 55.37 1.0 0.0
175.00 20.00 50.23 1.0 0.0
180.00 20.00 46.54 1.0 0.0
0.00 30.00 46.67 0.0 1.0
5.00 30.00 49.89 0.0 1.0
10.00 30.00 53.23 0.0 1.0
15.00 30.00 53.10 0.0 1.0
20.00 30.00 50.05 0.0 1.0
25.00 30.00 46.80 0.0 1.0
30.00 30.00 46.61 0.0 1.0
35.00 30.00 44.57 0.0 1.0
40.00 30.00 40.65 0.0 1.0
45.00 30.00 42.35 0.5 0.5
50.00 30.00 42.18 0.5 0.5
55.00 30.00 38.75 0.5 0.5
60.00 30.00 43.69 0.5 0.5
65.00 30.00 48.21 0.5 0.5
70.00 30.00 50.35 0.5 0.5
75.00 30.00 51.18 0.5 0.5
80.00 30.00 51.17 0.5 0.5
85.00 30.00 50.48 0.5 0.5
90.00 30.00 49.05 0.5 0.5
95.00 30.00 46.82 0.5 0.5
100.00 30.00 44.42 0.5 0.5
105.00 30.00 45.16 0.5 0.5
110.00 30.00 48.61 0.5 0.5
115.00 30.00 51.60 0.5 0.5
120.00 30.00 53.59 0.5 0.5
125.00 30.00 54.54 0.5 0.5
130.00 30.00 54.34 0.5 0.5
135.00 30.00 53.17 0.5 0.5
140.00 30.00 52.61 1.0 0.0
145.00 30.00 53.32 1.0 0.0
150.00 30.00 52.73 1.0 0.0
155.00 30.00 51.71 1.0 0.0
160.00 30.00 54.68 1.0 0.0
165.00 30.00 56.59 1.0 0.0
170.00 30.00 55.20 1.0 0.0
175.00 30.00 49.79 1.0 0.0
180.00 30.00 46.54 1.0 0.0
0.00 40.00 46.67 0.0 1.0
5.00 40.00 49.11 0.0 1.0
10.00 40.00 52.33 0.0 1.0
15.00 40.00 52.75 0.0 1.0
20.00 40.00 50.58 0.0 1.0
25.00 40.00 46.05 0.0 1.0
30.00 40.00 43.10 0.0 1.0
35.00 40.00 42.81 0.0 1.0
40.00 40.00 38.42 0.0 1.0
45.00 40.00 25.62 0.5 0.5
50.00 40.00 35.05 0.5 0.5
55.00 40.00 39.18 0.5 0.5
60.00 40.00 44.97 0.5 0.5
65.00 40.00 49.37 0.5 0.5
70.00 40.00 52.02 0.5 0.5
75.00 40.00 53.48 0.5 0.5
80.00 40.00 54.08 0.5 0.5
85.00 40.00 53.95 0.5 0.5
90.00 40.00 53.08 0.5 0.5
95.00 40.00 51.27 0.5 0.5
100.00 40.00 48.08 0.5 0.5
105.00 40.00 43.01 0.5 0.5
110.00 40.00 42.37 0.5 0.5
115.00 40.00 47.16 0.5 0.5
120.00 40.00 49.88 0.5 0.5
125.00 40.00 50.89 0.5 0.5
130.00 40.00 51.20 0.5 0.5
135.00 40.00 52.02 0.5 0.5
140.00 40.00 53.06 1.0 0.0
145.00 40.00 52.83 1.0 0.0
150.00 40.00 51.60 1.0 0.0
155.00 40.00 53.45 1.0 0.0
160.00 40.00 56.30 1.0 0.0
165.00 40.00 56.88 1.0 0.0
170.00 40.00 54.68 1.0 0.0
175.00 40.00 49.09 1.0 0.0
180.00 40.00 46.54 1.0 0.0
0.00 50.00 46.67 0.0 1.0
5.00 50.00 48.17 0.0 1.0
10.00 50.00 51.06 0.0 1.0
15.00 50.00 51.96 0.0 1.0
20.00 50.00 50.88 0.0 1.0
25.00 50.00 47.49 0.0 1.0
30.00 50.00 40.69 0.0 1.0
35.00 50.00 35.60 0.0 1.0
40.00 50.00 36.89 0.0 1.0
45.00 50.00 33.45 0.5 0.5
50.00 50.00 37.84 0.5 0.5
55.00 50.00 43.43 0.5 0.5
60.00 50.00 46.80 0.5 0.5
65.00 50.00 49.17 0.5 0.5
70.00 50.00 50.89 0.5 0.5
75.00 50.00 51.99 0.5 0.5
80.00 50.00 52.51 0.5 0.5
85.00 50.00 52.44 0.5 0.5
90.00 50.00 51.72 0.5 0.5
95.00 50.00 50.21 0.5 0.5
100.00 50.00 47.61 0.5 0.5
105.00 50.00 43.17 0.5 0.5
110.00 50.00 34.69 0.5 0.5
115.00 50.00 37.70 0.5 0.5
120.00 50.00 44.65 0.5 0.5
125.00 50.00 48.61 0.5 0.5
130.00 50.00 50.99 0.5 0.5
135.00 50.00 51.96 0.5 0.5
140.00 50.00 51.55 1.0 0.0
145.00 50.00 51.14 1.0 0.0
150.00 50.00 53.39 1.0 0.0
155.00 50.00 56.16 1.0 0.0
160.00 50.00 57.35 1.0 0.0
165.00 50.00 56.61 1.0 0.0
170.00 50.00 53.69 1.0 0.0
175.00 50.00 48.15 1.0 0.0
180.00 50.00 46.54 1.0 0.0
0.00 60.00 46.67 0.0 1.0
5.00 60.00 47.15 0.0 1.0
10.00 60.00 49.28 0.0 1.0
15.00 60.00 50.37 0.0 1.0
20.00 60.00 50.21 0.0 1.0
25.00 60.00 48.51 0.0 1.0
30.00 60.00 44.48 0.0 1.0
35.00 60.00 35.45 0.0 1.0
40.00 60.00 33.20 0.0 1.0
45.00 60.00 39.11 0.5 0.5
50.00 60.00 40.87 0.5 0.5
55.00 60.00 42.91 0.5 0.5
60.00 60.00 45.81 0.5 0.5
65.00 60.00 48.41 0.5 0.5
70.00 60.00 50.31 0.5 0.5
75.00 60.00 51.52 0.5 0.5
80.00 60.00 52.08 0.5 0.5
85.00 60.00 52.02 0.5 0.5
90.00 60.00 51.31 0.5 0.5
95.00 60.00 49.85 0.5 0.5
100.00 60.00 47.40 0.5 0.5
105.00 60.00 43.49 0.5 0.5
110.00 60.00 38.74 0.5 0.5
115.00 60.00 40.67 0.5 0.5
120.00 60.00 44.33 0.5 0.5
125.00 60.00 46.20 0.5 0.5
130.00 60.00 47.16 0.5 0.5
135.00 60.00 48.87 0.5 0.5
140.00 60.00 51.87 1.0 0.0
145.00 60.00 54.78 1.0 0.0
150.00 60.00 56.77 1.0 0.0
155.00 60.00 57.62 1.0 0.0
160.00 60.00 57.23 1.0 0.0
165.00 60.00 55.47 1.0 0.0
170.00 60.00 52.07 1.0 0.0
175.00 60.00 47.12 1.0 0.0
180.00 60.00 46.54 1.0 0.0
0.00 70.00 46.67 0.0 1.0
5.00 70.00 46.27 0.0 1.0
10.00 70.00 46.99 0.0 1.0
15.00 70.00 47.62 0.0 1.0
20.00 70.00 47.86 0.0 1.0
25.00 70.00 47.36 0.0 1.0
30.00 70.00 45.53 0.0 1.0
35.00 70.00 41.59 0.0 1.0
40.00 70.00 36.99 0.0 1.0
45.00 70.00 41.29 0.5 0.5
50.00 70.00 45.56 0.5 0.5
55.00 70.00 48.30 0.5 0.5
60.00 70.00 50.29 0.5 0.5
65.00 70.00 51.82 0.5 0.5
70.00 70.00 52.94 0.5 0.5
75.00 70.00 53.65 0.5 0.5
80.00 70.00 53.97 0.5 0.5
85.00 70.00 53.89 0.5 0.5
90.00 70.00 53.41 0.5 0.5
95.00 70.00 52.49 0.5 0.5
100.00 70.00 51.02 0.5 0.5
105.00 70.00 48.72 0.5 0.5
110.00 70.00 44.98 0.5 0.5
115.00 70.00 39.33 0.5 0.5
120.00 70.00 42.30 0.5 0.5
125.00 70.00 48.18 0.5 0.5
130.00 70.00 51.95 0.5 0.5
135.00 70.00 54.45 0.5 0.5
140.00 70.00 56.08 1.0 0.0
145.00 70.00 56.99 1.0 0.0
150.00 70.00 57.21 1.0 0.0
155.00 70.00 56.71 1.0 0.0
160.00 70.00 55.40 1.0 0.0
165.00 70.00 53.11 1.0 0.0
170.00 70.00 49.75 1.0 0.0
175.00 70.00 46.34 1.0 0.0
180.00 70.00 46.54 1.0 0.0
0.00 80.00 46.67 0.0 1.0
5.00 80.00 45.85 0.0 1.0
10.00 80.00 44.93 0.0 1.0
15.00 80.00 43.71 0.0 1.0
20.00 80.00 42.74 0.0 1.0
25.00 80.00 42.32 0.0 1.0
30.00 80.00 41.52 0.0 1.0
35.00 80.00 39.40 0.0 1.0
40.00 80.00 37.79 0.0 1.0
45.00 80.00 41.41 0.5 0.5
50.00 80.00 45.37 0.5 0.5
55.00 80.00 47.96 0.5 0.5
60.00 80.00 49.54 0.5 0.5
65.00 80.00 50.48 0.5 0.5
70.00 80.00 51.02 0.5 0.5
75.00 80.00 51.29 0.5 0.5
80.00 80.00 51.31 0.5 0.5
85.00 80.00 51.00 0.5 0.5
90.00 80.00 50.25 0.5 0.5
95.00 80.00 48.88 0.5 0.5
100.00 80.00 46.62 0.5 0.5
105.00 80.00 43.12 0.5 0.5
110.00 80.00 39.71 0.5 0.5
115.00 80.00 42.50 0.5 0.5
120.00 80.00 46.66 0.5 0.5
125.00 80.00 49.57 0.5 0.5
130.00 80.00 51.52 0.5 0.5
135.00 80.00 52.78 0.5 0.5
140.00 80.00 53.50 1.0 0.0
145.00 80.00 53.73 1.0 0.0
150.00 80.00 53.49 1.0 0.0
155.00 80.00 52.72 1.0 0.0
160.00 80.00 51.40 1.0 0.0
165.00 80.00 49.55 1.0 0.0
170.00 80.00 47.54 1.0 0.0
175.00 80.00 46.36 1.0 0.0
180.00 80.00 46.54 1.0 0.0
0.00 90.00 46.67 0.0 1.0
5.00 90.00 46.17 0.0 1.0
10.00 90.00 45.18 0.0 1.0
15.00 90.00 43.49 0.0 1.0
20.00 90.00 40.91 0.0 1.0
25.00 90.00 37.02 0.0 1.0
30.00 90.00 30.90 0.0 1.0
35.00 90.00 31.15 0.0 1.0
40.00 90.00 37.94 0.0 1.0
45.00 90.00 42.31 0.5 0.5
50.00 90.00 45.23 0.5 0.5
55.00 90.00 47.21 0.5 0.5
60.00 90.00 48.50 0.5 0.5
65.00 90.00 49.28 0.5 0.5
70.00 90.00 49.67 0.5 0.5
75.00 90.00 49.77 0.5 0.5
80.00 90.00 49.62 0.5 0.5
85.00 90.00 49.23 0.5 0.5
90.00 90.00 48.56 0.5 0.5
95.00 90.00 47.55 0.5 0.5
100.00 90.00 46.05 0.5 0.5
105.00 90.00 43.85 0.5 0.5
110.00 90.00 40.57 0.5 0.5
115.00 90.00 36.03 0.5 0.5
120.00 90.00 35.62 0.5 0.5
125.00 90.00 40.30 0.5 0.5
130.00 90.00 43.84 0.5 0.5
135.00 90.00 46.22 0.5 0.5
140.00 90.00 47.81 1.0 0.0
145.00 90.00 48.84 1.0 0.0
150.00 90.00 49.40 1.0 0.0
155.00 90.00 49.55 1.0 0.0
160.00 90.00 49.34 1.0 0.0
165.00 90.00 48.84 1.0 0.0
170.00 90.00 48.13 1.0 0.0
175.00 90.00 47.33 1.0 0.0
180.00 90.00 46.54 1.0 0.0
0.00 100.00 46.67 0.0 1.0
5.00 100.00 47.09 0.0 1.0
10.00 100.00 47.51 0.0 1.0
15.00 100.00 47.72 0.0 1.0
20.00 100.00 47.57 0.0 1.0
25.00 100.00 46.78 0.0 1.0
30.00 100.00 44.90 0.0 1.0
35.00 100.00 41.35 0.0 1.0
40.00 100.00 38.41 0.0 1.0
45.00 100.00 42.32 0.5 0.5
50.00 100.00 46.09 0.5 0.5
55.00 100.00 48.47 0.5 0.5
60.00 100.00 50.12 0.5 0.5
65.00 100.00 51.45 0.5 0.5
70.00 100.00 52.58 0.5 0.5
75.00 100.00 53.47 0.5 0.5
80.00 100.00 54.00 0.5 0.5
85.00 100.00 54.11 0.5 0.5
90.00 100.00 53.73 0.5 0.5
95.00 100.00 52.80 0.5 0.5
100.00 100.00 51.17 0.5 0.5
105.00 100.00 48.57 0.5 0.5
110.00 100.00 44.64 0.5 0.5
115.00 100.00 41.35 0.5 0.5
120.00 100.00 44.79 0.5 0.5
125.00 100.00 48.76 0.5 0.5
130.00 100.00 51.41 0.5 0.5
135.00 100.00 53.14 0.5 0.5
140.00 100.00 54.21 1.0 0.0
145.00 100.00 54.79 1.0 0.0
150.00 100.00 54.93 1.0 0.0
155.00 100.00 54.65 1.0 0.0
160.00 100.00 53.91 1.0 0.0
165.00 100.00 52.67 1.0 0.0
170.00 100.00 50.94 1.0 0.0
175.00 100.00 48.79 1.0 0.0
180.00 100.00 46.54 1.0 0.0
0.00 110.00 46.67 0.0 1.0
5.00 110.00 48.27 0.0 1.0
10.00 110.00 49.91 0.0 1.0
15.00 110.00 50.92 0.0 1.0
20.00 110.00 51.18 0.0 1.0
25.00 110.00 50.38 0.0 1.0
30.00 110.00 48.00 0.0 1.0
35.00 110.00 43.43 0.0 1.0
40.00 110.00 41.11 0.0 1.0
45.00 110.00 45.60 0.5 0.5
50.00 110.00 48.85 0.5 0.5
55.00 110.00 50.84 0.5 0.5
60.00 110.00 52.14 0.5 0.5
65.00 110.00 52.96 0.5 0.5
70.00 110.00 53.41 0.5 0.5
75.00 110.00 53.54 0.5 0.5
80.00 110.00 53.41 0.5 0.5
85.00 110.00 53.06 0.5 0.5
90.00 110.00 52.51 0.5 0.5
95.00 110.00 51.73 0.5 0.5
100.00 110.00 50.63 0.5 0.5
105.00 110.00 49.03 0.5 0.5
110.00 110.00 46.49 0.5 0.5
115.00 110.00 41.99 0.5 0.5
120.00 110.00 37.48 0.5 0.5
125.00 110.00 44.76 0.5 0.5
130.00 110.00 50.09 0.5 0.5
135.00 110.00 53.47 0.5 0.5
140.00 110.00 55.68 1.0 0.0
145.00 110.00 57.06 1.0 0.0
150.00 110.00 57.76 1.0 0.0
155.00 110.00 57.81 1.0 0.0
160.00 110.00 57.19 1.0 0.0
165.00 110.00 55.80 1.0 0.0
170.00 110.00 53.50 1.0 0.0
175.00 110.00 50.27 1.0 0.0
180.00 110.00 46.54 1.0 0.0
0.00 120.00 46.67 0.0 1.0
5.00 120.00 49.45 0.0 1.0
10.00 120.00 51.78 0.0 1.0
15.00 120.00 52.84 0.0 1.0
20.00 120.00 52.60 0.0 1.0
25.00 120.00 50.72 0.0 1.0
30.00 120.00 46.53 0.0 1.0
35.00 120.00 39.37 0.0 1.0
40.00 120.00 36.97 0.0 1.0
45.00 120.00 38.95 0.5 0.5
50.00 120.00 38.18 0.5 0.5
55.00 120.00 36.17 0.5 0.5
60.00 120.00 39.38 0.5 0.5
65.00 120.00 44.55 0.5 0.5
70.00 120.00 48.06 0.5 0.5
75.00 120.00 50.20 0.5 0.5
80.00 120.00 51.33 0.5 0.5
85.00 120.00 51.64 0.5 0.5
90.00 120.00 51.18 0.5 0.5
95.00 120.00 49.89 0.5 0.5
100.00 120.00 47.50 0.5 0.5
105.00 120.00 43.33 0.5 0.5
110.00 120.00 36.98 0.5 0.5
115.00 120.00 39.76 0.5 0.5
120.00 120.00 44.19 0.5 0.5
125.00 120.00 45.96 0.5 0.5
130.00 120.00 46.20 0.5 0.5
135.00 120.00 47.23 0.5 0.5
140.00 120.00 50.75 1.0 0.0
145.00 120.00 54.37 1.0 0.0
150.00 120.00 56.90 1.0 0.0
155.00 120.00 58.27 1.0 0.0
160.00 120.00 58.51 1.0 0.0
165.00 120.00 57.58 1.0 0.0
170.00 120.00 55.32 1.0 0.0
175.00 120.00 51.53 1.0 0.0
180.00 120.00 46.54 1.0 0.0
0.00 130.00 46.67 0.0 1.0
5.00 130.00 50.49 0.0 1.0
10.00 130.00 53.15 0.0 1.0
15.00 130.00 53.83 0.0 1.0
20.00 130.00 52.48 0.0 1.0
25.00 130.00 48.41 0.0 1.0
30.00 130.00 39.53 0.0 1.0
35.00 130.00 32.56 0.0 1.0
40.00 130.00 35.26 0.0 1.0
45.00 130.00 35.77 0.5 0.5
50.00 130.00 40.63 0.5 0.5
55.00 130.00 44.58 0.5 0.5
60.00 130.00 47.27 0.5 0.5
65.00 130.00 49.19 0.5 0.5
70.00 130.00 50.61 0.5 0.5
75.00 130.00 51.63 0.5 0.5
80.00 130.00 52.23 0.5 0.5
85.00 130.00 52.31 0.5 0.5
90.00 130.00 51.79 0.5 0.5
95.00 130.00 50.54 0.5 0.5
100.00 130.00 48.36 0.5 0.5
105.00 130.00 44.70 0.5 0.5
110.00 130.00 38.31 0.5 0.5
115.00 130.00 37.77 0.5 0.5
120.00 130.00 44.74 0.5 0.5
125.00 130.00 48.81 0.5 0.5
130.00 130.00 51.05 0.5 0.5
135.00 130.00 51.64 0.5 0.5
140.00 130.00 50.39 1.0 0.0
145.00 130.00 48.71 1.0 0.0
150.00 130.00 52.11 1.0 0.0
155.00 130.00 56.14 1.0 0.0
160.00 130.00 58.18 1.0 0.0
165.00 130.00 58.29 1.0 0.0
170.00 130.00 56.48 1.0 0.0
175.00 130.00 52.53 1.0 0.0
180.00 130.00 46.54 1.0 0.0
0.00 140.00 46.67 0.0 1.0
5.00 140.00 51.37 0.0 1.0
10.00 140.00 54.13 0.0 1.0
15.00 140.00 54.21 0.0 1.0
20.00 140.00 51.39 0.0 1.0
25.00 140.00 44.63 0.0 1.0
30.00 140.00 41.62 0.0 1.0
35.00 140.00 42.93 0.0 1.0
40.00 140.00 39.23 0.0 1.0
45.00 140.00 33.17 0.5 0.5
50.00 140.00 35.95 0.5 0.5
55.00 140.00 39.88 0.5 0.5
60.00 140.00 44.24 0.5 0.5
65.00 140.00 48.07 0.5 0.5
70.00 140.00 50.76 0.5 0.5
75.00 140.00 52.39 0.5 0.5
80.00 140.00 53.12 0.5 0.5
85.00 140.00 53.06 0.5 0.5
90.00 140.00 52.23 0.5 0.5
95.00 140.00 50.49 0.5 0.5
100.00 140.00 47.52 0.5 0.5
105.00 140.00 43.07 0.5 0.5
110.00 140.00 42.47 0.5 0.5
115.00 140.00 46.92 0.5 0.5
120.00 140.00 49.91 0.5 0.5
125.00 140.00 51.44 0.5 0.5
130.00 140.00 52.25 0.5 0.5
135.00 140.00 53.03 0.5 0.5
140.00 140.00 53.50 1.0 0.0
145.00 140.00 52.37 1.0 0.0
150.00 140.00 48.98 1.0 0.0
155.00 140.00 51.64 1.0 0.0
160.00 140.00 56.45 1.0 0.0
165.00 140.00 58.16 1.0 0.0
170.00 140.00 57.10 1.0 0.0
175.00 140.00 53.26 1.0 0.0
180.00 140.00 46.54 1.0 0.0
0.00 150.00 46.67 0.0 1.0
5.00 150.00 52.06 0.0 1.0
10.00 150.00 54.84 0.0 1.0
15.00 150.00 54.31 0.0 1.0
20.00 150.00 50.15 0.0 1.0
25.00 150.00 44.94 0.0 1.0
30.00 150.00 46.77 0.0 1.0
35.00 150.00 45.73 0.0 1.0
40.00 150.00 43.15 0.0 1.0
45.00 150.00 42.85 0.5 0.5
50.00 150.00 41.75 0.5 0.5
55.00 150.00 39.13 0.5 0.5
60.00 150.00 40.47 0.5 0.5
65.00 150.00 44.21 0.5 0.5
70.00 150.00 46.69 0.5 0.5
75.00 150.00 47.95 0.5 0.5
80.00 150.00 48.22 0.5 0.5
85.00 150.00 47.52 0.5 0.5
90.00 150.00 45.74 0.5 0.5
95.00 150.00 43.26 0.5 0.5
100.00 150.00 43.64 0.5 0.5
105.00 150.00 47.32 0.5 0.5
110.00 150.00 50.35 0.5 0.5
115.00 150.00 52.25 0.5 0.5
120.00 150.00 53.43 0.5 0.5
125.00 150.00 54.24 0.5 0.5
130.00 150.00 54.61 0.5 0.5
135.00 150.00 54.36 0.5 0.5
140.00 150.00 54.03 1.0 0.0
145.00 150.00 53.93 1.0 0.0
150.00 150.00 52.17 1.0 0.0
155.00 150.00 48.26 1.0 0.0
160.00 150.00 53.75 1.0 0.0
165.00 150.00 57.45 1.0 0.0
170.00 150.00 57.32 1.0 0.0
175.00 150.00 53.74 1.0 0.0
180.00 150.00 46.54 1.0 0.0
0.00 160.00 46.67 0.0 1.0
5.00 160.00 52.59 0.0 1.0
10.00 160.00 55.39 0.0 1.0
15.00 160.00 54.40 0.0 1.0
20.00 160.00 49.62 0.0 1.0
25.00 160.00 47.50 0.0 1.0
30.00 160.00 49.08 0.0 1.0
35.00 160.00 48.64 0.0 1.0
40.00 160.00 49.24 0.0 1.0
45.00 160.00 49.50 0.5 0.5
50.00 160.00 48.26 0.5 0.5
55.00 160.00 46.26 0.5 0.5
60.00 160.00 44.25 0.5 0.5
65.00 160.00 42.22 0.5 0.5
70.00 160.00 40.89 0.5 0.5
75.00 160.00 41.34 0.5 0.5
80.00 160.00 42.54 0.5 0.5
85.00 160.00 43.54 0.5 0.5
90.00 160.00 44.21 0.5 0.5
95.00 160.00 44.85 0.5 0.5
100.00 160.00 46.58 0.5 0.5
105.00 160.00 49.74 0.5 0.5
110.00 160.00 52.92 0.5 0.5
115.00 160.00 55.14 0.5 0.5
120.00 160.00 56.18 0.5 0.5
125.00 160.00 56.20 0.5 0.5
130.00 160.00 55.78 0.5 0.5
135.00 160.00 55.31 0.5 0.5
140.00 160.00 54.54 1.0 0.0
145.00 160.00 53.94 1.0 0.0
150.00 160.00 53.28 1.0 0.0
155.00 160.00 49.56 1.0 0.0
160.00 160.00 50.88 1.0 0.0
165.00 160.00 56.45 1.0 0.0
170.00 160.00 57.25 1.0 0.0
175.00 160.00 54.01 1.0 0.0
180.00 160.00 46.54 1.0 0.0
0.00 170.00 46.67 0.0 1.0
5.00 170.00 52.96 0.0 1.0
10.00 170.00 55.83 0.0 1.0
15.00 170.00 54.66 0.0 1.0
20.00 170.00 49.88 0.0 1.0
25.00 170.00 49.12 0.0 1.0
30.00 170.00 50.62 0.0 1.0
35.00 170.00 51.22 0.0 1.0
40.00 170.00 52.39 0.0 1.0
45.00 170.00 52.63 0.5 0.5
50.00 170.00 52.17 0.5 0.5
55.00 170.00 51.68 0.5 0.5
60.00 170.00 50.77 0.5 0.5
65.00 170.00 48.98 0.5 0.5
70.00 170.00 46.42 0.5 0.5
75.00 170.00 43.62 0.5 0.5
80.00 170.00 41.17 0.5 0.5
85.00 170.00 39.87 0.5 0.5
90.00 170.00 40.79 0.5 0.5
95.00 170.00 42.93 0.5 0.5
100.00 170.00 45.28 0.5 0.5
105.00 170.00 48.17 0.5 0.5
110.00 170.00 51.48 0.5 0.5
115.00 170.00 54.38 0.5 0.5
120.00 170.00 56.21 0.5 0.5
125.00 170.00 56.76 0.5 0.5
130.00 170.00 56.20 0.5 0.5
135.00 170.00 55.26 0.5 0.5
140.00 170.00 54.34 1.0 0.0
145.00 170.00 53.45 1.0 0.0
150.00 170.00 53.05 1.0 0.0
155.00 170.00 50.45 1.0 0.0
160.00 170.00 48.87 1.0 0.0
165.00 170.00 55.48 1.0 0.0
170.00 170.00 57.00 1.0 0.0
175.00 170.00 54.09 1.0 0.0
180.00 170.00 46.54 1.0 0.0
0.00 180.00 46.67 0.0 1.0
5.00 180.00 53.18 0.0 1.0
10.00 180.00 56.21 0.0 1.0
15.00 180.00 55.16 0.0 1.0
20.00 180.00 50.60 0.0 1.0
25.00 180.00 49.96 0.0 1.0
30.00 180.00 51.63 0.0 1.0
35.00 180.00 52.62 0.0 1.0
40.00 180.00 53.97 0.0 1.0
45.00 180.00 54.60 0.5 0.5
50.00 180.00 54.74 0.5 0.5
55.00 180.00 54.55 0.5 0.5
60.00 180.00 53.50 0.5 0.5
65.00 180.00 51.23 0.5 0.5
70.00 180.00 47.75 0.5 0.5
75.00 180.00 43.36 0.5 0.5
80.00 180.00 38.90 0.5 0.5
85.00 180.00 36.39 0.5 0.5
90.00 180.00 38.07 0.5 0.5
95.00 180.00 41.55 0.5 0.5
100.00 180.00 44.77 0.5 0.5
105.00 180.00 47.64 0.5 0.5
110.00 180.00 50.31 0.5 0.5
115.00 180.00 52.69 0.5 0.5
120.00 180.00 54.48 0.5 0.5
125.00 180.00 55.35 0.5 0.5
130.00 180.00 55.19 0.5 0.5
135.00 180.00 54.30 0.5 0.5
140.00 180.00 53.17 1.0 0.0
145.00 180.00 52.23 1.0 0.0
150.00 180.00 52.08 1.0 0.0
155.00 180.00 50.04 1.0 0.0
160.00 180.00 47.89 1.0 0.0
165.00 180.00 54.76 1.0 0.0
170.00 180.00 56.65 1.0 0.0
175.00 180.00 54.00 1.0 0.0
180.00 180.00 46.54 1.0 0.0
0.00 190.00 46.67 0.0 1.0
5.00 190.00 53.23 0.0 1.0
10.00 190.00 56.50 0.0 1.0
15.00 190.00 55.86 0.0 1.0
20.00 190.00 51.69 0.0 1.0
25.00 190.00 50.24 0.0 1.0
30.00 190.00 52.04 0.0 1.0
35.00 190.00 53.01 0.0 1.0
40.00 190.00 54.46 0.0 1.0
45.00 190.00 55.44 0.5 0.5
50.00 190.00 55.72 0.5 0.5
55.00 190.00 55.51 0.5 0.5
60.00 190.00 54.51 0.5 0.5
65.00 190.00 52.44 0.5 0.5
70.00 190.00 49.31 0.5 0.5
75.00 190.00 45.75 0.5 0.5
80.00 190.00 43.26 0.5 0.5
85.00 190.00 42.60 0.5 0.5
90.00 190.00 43.03 0.5 0.5
95.00 190.00 44.00 0.5 0.5
100.00 190.00 45.21 0.5 0.5
105.00 190.00 46.61 0.5 0.5
110.00 190.00 48.24 0.5 0.5
115.00 190.00 49.80 0.5 0.5
120.00 190.00 51.01 0.5 0.5
125.00 190.00 51.87 0.5 0.5
130.00 190.00 52.33 0.5 0.5
135.00 190.00 52.05 0.5 0.5
140.00 190.00 50.85 1.0 0.0
145.00 190.00 50.03 1.0 0.0
150.00 190.00 50.48 1.0 0.0
155.00 190.00 48.48 1.0 0.0
160.00 190.00 47.64 1.0 0.0
165.00 190.00 54.38 1.0 0.0
170.00 190.00 56.24 1.0 0.0
175.00 190.00 53.74 1.0 0.0
180.00 190.00 46.54 1.0 0.0
0.00 200.00 46.67 0.0 1.0
5.00 200.00 53.10 0.0 1.0
10.00 200.00 56.68 0.0 1.0
15.00 200.00 56.67 0.0 1.0
20.00 200.00 53.25 0.0 1.0
25.00 200.00 50.28 0.0 1.0
30.00 200.00 51.90 0.0 1.0
35.00 200.00 52.70 0.0 1.0
40.00 200.00 53.87 0.0 1.0
45.00 200.00 55.08 0.5 0.5
50.00 200.00 55.36 0.5 0.5
55.00 200.00 54.83 0.5 0.5
60.00 200.00 53.68 0.5 0.5
65.00 200.00 51.83 0.5 0.5
70.00 200.00 49.31 0.5 0.5
75.00 200.00 46.77 0.5 0.5
80.00 200.00 45.59 0.5 0.5
85.00 200.00 45.87 0.5 0.5
90.00 200.00 46.61 0.5 0.5
95.00 200.00 47.21 0.5 0.5
100.00 200.00 47.32 0.5 0.5
105.00 200.00 46.72 0.5 0.5
110.00 200.00 45.46 0.5 0.5
115.00 200.00 43.89 0.5 0.5
120.00 200.00 42.89 0.5 0.5
125.00 200.00 44.73 0.5 0.5
130.00 200.00 47.51 0.5 0.5
135.00 200.00 48.19 0.5 0.5
140.00 200.00 46.69 1.0 0.0
145.00 200.00 46.91 1.0 0.0
150.00 200.00 48.19 1.0 0.0
155.00 200.00 45.65 1.0 0.0
160.00 200.00 48.27 1.0 0.0
165.00 200.00 54.28 1.0 0.0
170.00 200.00 55.77 1.0 0.0
175.00 200.00 53.34 1.0 0.0
180.00 200.00 46.54 1.0 0.0
0.00 210.00 46.67 0.0 1.0
5.00 210.00 52.79 0.0 1.0
10.00 210.00 56.65 0.0 1.0
15.00 210.00 57.41 0.0 1.0
20.00 210.00 55.16 0.0 1.0
25.00 210.00 51.15 0.0 1.0
30.00 210.00 51.19 0.0 1.0
35.00 210.00 52.08 0.0 1.0
40.00 210.00 52.35 0.0 1.0
45.00 210.00 53.34 0.5 0.5
50.00 210.00 53.89 0.5 0.5
55.00 210.00 53.16 0.5 0.5
60.00 210.00 51.07 0.5 0.5
65.00 210.00 47.61 0.5 0.5
70.00 210.00 43.72 0.5 0.5
75.00 210.00 44.58 0.5 0.5
80.00 210.00 47.91 0.5 0.5
85.00 210.00 50.28 0.5 0.5
90.00 210.00 51.70 0.5 0.5
95.00 210.00 52.39 0.5 0.5
100.00 210.00 52.42 0.5 0.5
105.00 210.00 51.75 0.5 0.5
110.00 210.00 50.27 0.5 0.5
115.00 210.00 47.65 0.5 0.5
120.00 210.00 42.92 0.5 0.5
125.00 210.00 37.69 0.5 0.5
130.00 210.00 41.37 0.5 0.5
135.00 210.00 41.54 0.5 0.5
140.00 210.00 39.53 1.0 0.0
145.00 210.00 43.86 1.0 0.0
150.00 210.00 44.68 1.0 0.0
155.00 210.00 42.38 1.0 0.0
160.00 210.00 49.70 1.0 0.0
165.00 210.00 54.28 1.0 0.0
170.00 210.00 55.19 1.0 0.0
175.00 210.00 52.77 1.0 0.0
180.00 210.00 46.54 1.0 0.0
0.00 220.00 46.67 0.0 1.0
5.00 220.00 52.26 0.0 1.0
10.00 220.00 56.32 0.0 1.0
15.00 220.00 57.85 0.0 1.0
20.00 220.00 56.95 0.0 1.0
25.00 220.00 53.79 0.0 1.0
30.00 220.00 50.81 0.0 1.0
35.00 220.00 51.09 0.0 1.0
40.00 220.00 50.98 0.0 1.0
45.00 220.00 50.22 0.5 0.5
50.00 220.00 50.17 0.5 0.5
55.00 220.00 49.92 0.5 0.5
60.00 220.00 48.09 0.5 0.5
65.00 220.00 43.97 0.5 0.5
70.00 220.00 42.56 0.5 0.5
75.00 220.00 47.81 0.5 0.5
80.00 220.00 51.46 0.5 0.5
85.00 220.00 53.56 0.5 0.5
90.00 220.00 54.64 0.5 0.5
95.00 220.00 54.92 0.5 0.5
100.00 220.00 54.49 0.5 0.5
105.00 220.00 53.33 0.5 0.5
110.00 220.00 51.33 0.5 0.5
115.00 220.00 48.24 0.5 0.5
120.00 220.00 43.75 0.5 0.5
125.00 220.00 39.94 0.5 0.5
130.00 220.00 38.88 0.5 0.5
135.00 220.00 34.17 0.5 0.5
140.00 220.00 37.07 1.0 0.0
145.00 220.00 40.98 1.0 0.0
150.00 220.00 37.92 1.0 0.0
155.00 220.00 44.34 1.0 0.0
160.00 220.00 51.20 1.0 0.0
165.00 220.00 54.16 1.0 0.0
170.00 220.00 54.43 1.0 0.0
175.00 220.00 52.04 1.0 0.0
180.00 220.00 46.54 1.0 0.0
0.00 230.00 46.67 0.0 1.0
5.00 230.00 51.49 0.0 1.0
10.00 230.00 55.57 0.0 1.0
15.00 230.00 57.72 0.0 1.0
20.00 230.00 58.05 0.0 1.0
25.00 230.00 56.62 0.0 1.0
30.00 230.00 53.68 0.0 1.0
35.00 230.00 50.80 0.0 1.0
40.00 230.00 49.87 0.0 1.0
45.00 230.00 48.89 0.5 0.5
50.00 230.00 46.17 0.5 0.5
55.00 230.00 41.19 0.5 0.5
60.00 230.00 36.53 0.5 0.5
65.00 230.00 40.06 0.5 0.5
70.00 230.00 44.28 0.5 0.5
75.00 230.00 47.58 0.5 0.5
80.00 230.00 50.08 0.5 0.5
85.00 230.00 51.82 0.5 0.5
90.00 230.00 52.86 0.5 0.5
95.00 230.00 53.32 0.5 0.5
100.00 230.00 53.27 0.5 0.5
105.00 230.00 52.78 0.5 0.5
110.00 230.00 51.86 0.5 0.5
115.00 230.00 50.51 0.5 0.5
120.00 230.00 48.60 0.5 0.5
125.00 230.00 45.77 0.5 0.5
130.00 230.00 40.97 0.5 0.5
135.00 230.00 35.72 0.5 0.5
140.00 230.00 37.76 1.0 0.0
145.00 230.00 34.37 1.0 0.0
150.00 230.00 39.48 1.0 0.0
155.00 230.00 48.15 1.0 0.0
160.00 230.00 52.14 1.0 0.0
165.00 230.00 53.71 1.0 0.0
170.00 230.00 53.42 1.0 0.0
175.00 230.00 51.13 1.0 0.0
180.00 230.00 46.54 1.0 0.0
0.00 240.00 46.67 0.0 1.0
5.00 240.00 50.49 0.0 1.0
10.00 240.00 54.30 0.0 1.0
15.00 240.00 56.79 0.0 1.0
20.00 240.00 57.98 0.0 1.0
25.00 240.00 57.95 0.0 1.0
30.00 240.00 56.78 0.0 1.0
35.00 240.00 54.57 0.0 1.0
40.00 240.00 51.66 0.0 1.0
45.00 240.00 48.72 0.5 0.5
50.00 240.00 46.19 0.5 0.5
55.00 240.00 43.43 0.5 0.5
60.00 240.00 40.95 0.5 0.5
65.00 240.00 43.31 0.5 0.5
70.00 240.00 47.38 0.5 0.5
75.00 240.00 50.34 0.5 0.5
80.00 240.00 52.31 0.5 0.5
85.00 240.00 53.54 0.5 0.5
90.00 240.00 54.17 0.5 0.5
95.00 240.00 54.27 0.5 0.5
100.00 240.00 53.83 0.5 0.5
105.00 240.00 52.80 0.5 0.5
110.00 240.00 51.05 0.5 0.5
115.00 240.00 48.33 0.5 0.5
120.00 240.00 44.03 0.5 0.5
125.00 240.00 37.60 0.5 0.5
130.00 240.00 37.86 0.5 0.5
135.00 240.00 40.60 0.5 0.5
140.00 240.00 39.28 1.0 0.0
145.00 240.00 39.15 1.0 0.0
150.00 240.00 45.91 1.0 0.0
155.00 240.00 50.13 1.0 0.0
160.00 240.00 52.15 1.0 0.0
165.00 240.00 52.70 1.0 0.0
170.00 240.00 52.05 1.0 0.0
175.00 240.00 50.01 1.0 0.0
180.00 240.00 46.54 1.0 0.0
0.00 250.00 46.67 0.0 1.0
5.00 250.00 49.28 0.0 1.0
10.00 250.00 52.40 0.0 1.0
15.00 250.00 54.82 0.0 1.0
20.00 250.00 56.37 0.0 1.0
25.00 250.00 57.09 0.0 1.0
30.00 250.00 57.04 0.0 1.0
35.00 250.00 56.26 0.0 1.0
40.00 250.00 54.74 0.0 1.0
45.00 250.00 52.40 0.5 0.5
50.00 250.00 49.00 0.5 0.5
55.00 250.00 44.01 0.5 0.5
60.00 250.00 38.42 0.5 0.5
65.00 250.00 41.67 0.5 0.5
70.00 250.00 45.76 0.5 0.5
75.00 250.00 48.28 0.5 0.5
80.00 250.00 49.89 0.5 0.5
85.00 250.00 50.94 0.5 0.5
90.00 250.00 51.61 0.5 0.5
95.00 250.00 51.97 0.5 0.5
100.00 250.00 52.07 0.5 0.5
105.00 250.00 51.93 0.5 0.5
110.00 250.00 51.61 0.5 0.5
115.00 250.00 51.16 0.5 0.5
120.00 250.00 50.66 0.5 0.5
125.00 250.00 49.99 0.5 0.5
130.00 250.00 48.75 0.5 0.5
135.00 250.00 46.30 0.5 0.5
140.00 250.00 42.66 1.0 0.0
145.00 250.00 43.49 1.0 0.0
150.00 250.00 47.48 1.0 0.0
155.00 250.00 49.87 1.0 0.0
160.00 250.00 50.84 1.0 0.0
165.00 250.00 50.85 1.0 0.0
170.00 250.00 50.16 1.0 0.0
175.00 250.00 48.68 1.0 0.0
180.00 250.00 46.54 1.0 0.0
0.00 260.00 46.67 0.0 1.0
5.00 260.00 47.99 0.0 1.0
10.00 260.00 49.84 0.0 1.0
15.00 260.00 51.63 0.0 1.0
20.00 260.00 52.98 0.0 1.0
25.00 260.00 53.76 0.0 1.0
30.00 260.00 53.97 0.0 1.0
35.00 260.00 53.62 0.0 1.0
40.00 260.00 52.68 0.0 1.0
45.00 260.00 51.05 0.5 0.5
50.00 260.00 48.50 0.5 0.5
55.00 260.00 44.73 0.5 0.5
60.00 260.00 41.68 0.5 0.5
65.00 260.00 44.91 0.5 0.5
70.00 260.00 48.85 0.5 0.5
75.00 260.00 51.57 0.5 0.5
80.00 260.00 53.38 0.5 0.5
85.00 260.00 54.53 0.5 0.5
90.00 260.00 55.15 0.5 0.5
95.00 260.00 55.33 0.5 0.5
100.00 260.00 55.14 0.5 0.5
105.00 260.00 54.65 0.5 0.5
110.00 260.00 53.97 0.5 0.5
115.00 260.00 53.14 0.5 0.5
120.00 260.00 52.15 0.5 0.5
125.00 260.00 50.77 0.5 0.5
130.00 260.00 48.62 0.5 0.5
135.00 260.00 45.18 0.5 0.5
140.00 260.00 40.68 1.0 0.0
145.00 260.00 41.08 1.0 0.0
150.00 260.00 44.53 1.0 0.0
155.00 260.00 46.54 1.0 0.0
160.00 260.00 47.41 1.0 0.0
165.00 260.00 47.67 1.0 0.0
170.00 260.00 47.60 1.0 0.0
175.00 260.00 47.19 1.0 0.0
180.00 260.00 46.54 1.0 0.0
0.00 270.00 46.67 0.0 1.0
5.00 270.00 46.94 0.0 1.0
10.00 270.00 47.23 0.0 1.0
15.00 270.00 47.64 0.0 1.0
20.00 270.00 48.04 0.0 1.0
25.00 270.00 48.21 0.0 1.0
30.00 270.00 47.96 0.0 1.0
35.00 270.00 47.15 0.0 1.0
40.00 270.00 45.62 0.0 1.0
45.00 270.00 43.06 0.5 0.5
50.00 270.00 38.64 0.5 0.5
55.00 270.00 29.60 0.5 0.5
60.00 270.00 33.52 0.5 0.5
65.00 270.00 40.30 0.5 0.5
70.00 270.00 43.88 0.5 0.5
75.00 270.00 46.13 0.5 0.5
80.00 270.00 47.67 0.5 0.5
85.00 270.00 48.78 0.5 0.5
90.00 270.00 49.62 0.5 0.5
95.00 270.00 50.25 0.5 0.5
100.00 270.00 50.67 0.5 0.5
105.00 270.00 50.84 0.5 0.5
110.00 270.00 50.68 0.5 0.5
115.00 270.00 50.09 0.5 0.5
120.00 270.00 49.01 0.5 0.5
125.00 270.00 47.35 0.5 0.5
130.00 270.00 45.04 0.5 0.5
135.00 270.00 42.04 0.5 0.5
140.00 270.00 38.25 1.0 0.0
145.00 270.00 33.76 1.0 0.0
150.00 270.00 32.44 1.0 0.0
155.00 270.00 36.66 1.0 0.0
160.00 270.00 40.41 1.0 0.0
165.00 270.00 42.95 1.0 0.0
170.00 270.00 44.61 1.0 0.0
175.00 270.00 45.71 1.0 0.0
180.00 270.00 46.54 1.0 0.0
0.00 280.00 46.67 0.0 1.0
5.00 280.00 46.55 0.0 1.0
10.00 280.00 46.92 0.0 1.0
15.00 280.00 47.72 0.0 1.0
20.00 280.00 48.70 0.0 1.0
25.00 280.00 49.59 0.0 1.0
30.00 280.00 50.17 0.0 1.0
35.00 280.00 50.27 0.0 1.0
40.00 280.00 49.74 0.0 1.0
45.00 280.00 48.46 0.5 0.5
50.00 280.00 46.23 0.5 0.5
55.00 280.00 42.98 0.5 0.5
60.00 280.00 41.12 0.5 0.5
65.00 280.00 44.16 0.5 0.5
70.00 280.00 47.67 0.5 0.5
75.00 280.00 50.19 0.5 0.5
80.00 280.00 51.89 0.5 0.5
85.00 280.00 53.01 0.5 0.5
90.00 280.00 53.65 0.5 0.5
95.00 280.00 53.90 0.5 0.5
100.00 280.00 53.81 0.5 0.5
105.00 280.00 53.39 0.5 0.5
110.00 280.00 52.60 0.5 0.5
115.00 280.00 51.41 0.5 0.5
120.00 280.00 49.75 0.5 0.5
125.00 280.00 47.56 0.5 0.5
130.00 280.00 44.84 0.5 0.5
135.00 280.00 41.69 0.5 0.5
140.00 280.00 38.85 1.0 0.0
145.00 280.00 38.58 1.0 0.0
150.00 280.00 40.62 1.0 0.0
155.00 280.00 42.39 1.0 0.0
160.00 280.00 43.21 1.0 0.0
165.00 280.00 43.39 1.0 0.0
170.00 280.00 43.64 1.0 0.0
175.00 280.00 44.67 1.0 0.0
180.00 280.00 46.54 1.0 0.0
0.00 290.00 46.67 0.0 1.0
5.00 290.00 46.99 0.0 1.0
10.00 290.00 49.17 0.0 1.0
15.00 290.00 51.49 0.0 1.0
20.00 290.00 53.32 0.0 1.0
25.00 290.00 54.47 0.0 1.0
30.00 290.00 54.88 0.0 1.0
35.00 290.00 54.50 0.0 1.0
40.00 290.00 53.30 0.0 1.0
45.00 290.00 51.16 0.5 0.5
50.00 290.00 47.75 0.5 0.5
55.00 290.00 42.08 0.5 0.5
60.00 290.00 35.19 0.5 0.5
65.00 290.00 42.07 0.5 0.5
70.00 290.00 46.67 0.5 0.5
75.00 290.00 49.33 0.5 0.5
80.00 290.00 51.00 0.5 0.5
85.00 290.00 52.04 0.5 0.5
90.00 290.00 52.64 0.5 0.5
95.00 290.00 52.89 0.5 0.5
100.00 290.00 52.87 0.5 0.5
105.00 290.00 52.63 0.5 0.5
110.00 290.00 52.22 0.5 0.5
115.00 290.00 51.60 0.5 0.5
120.00 290.00 50.66 0.5 0.5
125.00 290.00 49.22 0.5 0.5
130.00 290.00 47.00 0.5 0.5
135.00 290.00 43.61 0.5 0.5
140.00 290.00 39.67 1.0 0.0
145.00 290.00 41.24 1.0 0.0
150.00 290.00 45.34 1.0 0.0
155.00 290.00 47.86 1.0 0.0
160.00 290.00 48.74 1.0 0.0
165.00 290.00 48.07 1.0 0.0
170.00 290.00 46.14 1.0 0.0
175.00 290.00 44.60 1.0 0.0
180.00 290.00 46.54 1.0 0.0
0.00 300.00 46.67 0.0 1.0
5.00 300.00 47.92 0.0 1.0
10.00 300.00 51.50 0.0 1.0
15.00 300.00 54.20 0.0 1.0
20.00 300.00 55.74 0.0 1.0
25.00 300.00 56.13 0.0 1.0
30.00 300.00 55.45 0.0 1.0
35.00 300.00 53.84 0.0 1.0
40.00 300.00 51.53 0.0 1.0
45.00 300.00 48.74 0.5 0.5
50.00 300.00 45.27 0.5 0.5
55.00 300.00 39.97 0.5 0.5
60.00 300.00 36.18 0.5 0.5
65.00 300.00 42.85 0.5 0.5
70.00 300.00 47.27 0.5 0.5
75.00 300.00 49.93 0.5 0.5
80.00 300.00 51.60 0.5 0.5
85.00 300.00 52.60 0.5 0.5
90.00 300.00 53.09 0.5 0.5
95.00 300.00 53.13 0.5 0.5
100.00 300.00 52.74 0.5 0.5
105.00 300.00 51.92 0.5 0.5
110.00 300.00 50.60 0.5 0.5
115.00 300.00 48.65 0.5 0.5
120.00 300.00 45.95 0.5 0.5
125.00 300.00 42.64 0.5 0.5
130.00 300.00 39.63 0.5 0.5
135.00 300.00 37.19 0.5 0.5
140.00 300.00 33.27 1.0 0.0
145.00 300.00 37.48 1.0 0.0
150.00 300.00 44.78 1.0 0.0
155.00 300.00 49.06 1.0 0.0
160.00 300.00 51.07 1.0 0.0
165.00 300.00 51.04 1.0 0.0
170.00 300.00 48.95 1.0 0.0
175.00 300.00 45.44 1.0 0.0
180.00 300.00 46.54 1.0 0.0
0.00 310.00 46.67 0.0 1.0
5.00 310.00 48.93 0.0 1.0
10.00 310.00 53.17 0.0 1.0
15.00 310.00 55.58 0.0 1.0
20.00 310.00 56.23 0.0 1.0
25.00 310.00 55.32 0.0 1.0
30.00 310.00 53.40 0.0 1.0
35.00 310.00 51.72 0.0 1.0
40.00 310.00 50.74 0.0 1.0
45.00 310.00 49.31 0.5 0.5
50.00 310.00 46.73 0.5 0.5
55.00 310.00 43.18 0.5 0.5
60.00 310.00 39.98 0.5 0.5
65.00 310.00 39.94 0.5 0.5
70.00 310.00 43.27 0.5 0.5
75.00 310.00 46.80 0.5 0.5
80.00 310.00 49.38 0.5 0.5
85.00 310.00 51.01 0.5 0.5
90.00 310.00 51.82 0.5 0.5
95.00 310.00 51.93 0.5 0.5
100.00 310.00 51.43 0.5 0.5
105.00 310.00 50.46 0.5 0.5
110.00 310.00 49.23 0.5 0.5
115.00 310.00 47.98 0.5 0.5
120.00 310.00 46.62 0.5 0.5
125.00 310.00 44.57 0.5 0.5
130.00 310.00 40.96 0.5 0.5
135.00 310.00 35.96 0.5 0.5
140.00 310.00 34.69 1.0 0.0
145.00 310.00 34.02 1.0 0.0
150.00 310.00 40.22 1.0 0.0
155.00 310.00 47.66 1.0 0.0
160.00 310.00 51.59 1.0 0.0
165.00 310.00 52.67 1.0 0.0
170.00 310.00 51.03 1.0 0.0
175.00 310.00 46.67 1.0 0.0
180.00 310.00 46.54 1.0 0.0
0.00 320.00 46.67 0.0 1.0
5.00 320.00 49.81 0.0 1.0
10.00 320.00 54.20 0.0 1.0
15.00 320.00 55.97 0.0 1.0
20.00 320.00 55.41 0.0 1.0
25.00 320.00 53.36 0.0 1.0
30.00 320.00 52.29 0.0 1.0
35.00 320.00 52.32 0.0 1.0
40.00 320.00 51.51 0.0 1.0
45.00 320.00 50.45 0.5 0.5
50.00 320.00 50.30 0.5 0.5
55.00 320.00 49.89 0.5 0.5
60.00 320.00 47.82 0.5 0.5
65.00 320.00 43.33 0.5 0.5
70.00 320.00 42.52 0.5 0.5
75.00 320.00 48.03 0.5 0.5
80.00 320.00 51.60 0.5 0.5
85.00 320.00 53.67 0.5 0.5
90.00 320.00 54.77 0.5 0.5
95.00 320.00 55.16 0.5 0.5
100.00 320.00 54.90 0.5 0.5
105.00 320.00 53.96 0.5 0.5
110.00 320.00 52.17 0.5 0.5
115.00 320.00 49.20 0.5 0.5
120.00 320.00 44.46 0.5 0.5
125.00 320.00 37.63 0.5 0.5
130.00 320.00 31.57 0.5 0.5
135.00 320.00 30.09 0.5 0.5
140.00 320.00 38.89 1.0 0.0
145.00 320.00 42.83 1.0 0.0
150.00 320.00 42.84 1.0 0.0
155.00 320.00 45.50 1.0 0.0
160.00 320.00 51.07 1.0 0.0
165.00 320.00 53.48 1.0 0.0
170.00 320.00 52.49 1.0 0.0
175.00 320.00 47.86 1.0 0.0
180.00 320.00 46.54 1.0 0.0
0.00 330.00 46.67 0.0 1.0
5.00 330.00 50.46 0.0 1.0
10.00 330.00 54.74 0.0 1.0
15.00 330.00 55.70 0.0 1.0
20.00 330.00 53.98 0.0 1.0
25.00 330.00 52.26 0.0 1.0
30.00 330.00 52.70 0.0 1.0
35.00 330.00 52.32 0.0 1.0
40.00 330.00 52.14 0.0 1.0
45.00 330.00 53.42 0.5 0.5
50.00 330.00 54.00 0.5 0.5
55.00 330.00 53.12 0.5 0.5
60.00 330.00 51.16 0.5 0.5
65.00 330.00 48.76 0.5 0.5
70.00 330.00 46.63 0.5 0.5
75.00 330.00 45.65 0.5 0.5
80.00 330.00 46.42 0.5 0.5
85.00 330.00 48.04 0.5 0.5
90.00 330.00 49.46 0.5 0.5
95.00 330.00 50.34 0.5 0.5
100.00 330.00 50.60 0.5 0.5
105.00 330.00 50.18 0.5 0.5
110.00 330.00 48.92 0.5 0.5
115.00 330.00 46.46 0.5 0.5
120.00 330.00 42.39 0.5 0.5
125.00 330.00 39.81 0.5 0.5
130.00 330.00 42.06 0.5 0.5
135.00 330.00 42.21 0.5 0.5
140.00 330.00 41.34 1.0 0.0
145.00 330.00 45.09 1.0 0.0
150.00 330.00 47.09 1.0 0.0
155.00 330.00 46.42 1.0 0.0
160.00 330.00 50.34 1.0 0.0
165.00 330.00 53.85 1.0 0.0
170.00 330.00 53.50 1.0 0.0
175.00 330.00 48.85 1.0 0.0
180.00 330.00 46.54 1.0 0.0
0.00 340.00 46.67 0.0 1.0
5.00 340.00 50.89 0.0 1.0
10.00 340.00 54.92 0.0 1.0
15.00 340.00 55.10 0.0 1.0
20.00 340.00 52.65 0.0 1.0
25.00 340.00 52.10 0.0 1.0
30.00 340.00 52.44 0.0 1.0
35.00 340.00 52.04 0.0 1.0
40.00 340.00 53.69 0.0 1.0
45.00 340.00 55.09 0.5 0.5
50.00 340.00 55.20 0.5 0.5
55.00 340.00 54.90 0.5 0.5
60.00 340.00 54.47 0.5 0.5
65.00 340.00 53.31 0.5 0.5
70.00 340.00 51.01 0.5 0.5
75.00 340.00 47.70 0.5 0.5
80.00 340.00 44.76 0.5 0.5
85.00 340.00 44.16 0.5 0.5
90.00 340.00 44.67 0.5 0.5
95.00 340.00 44.83 0.5 0.5
100.00 340.00 44.36 0.5 0.5
105.00 340.00 43.21 0.5 0.5
110.00 340.00 41.84 0.5 0.5
115.00 340.00 41.86 0.5 0.5
120.00 340.00 43.78 0.5 0.5
125.00 340.00 46.30 0.5 0.5
130.00 340.00 48.41 0.5 0.5
135.00 340.00 49.06 0.5 0.5
140.00 340.00 47.68 1.0 0.0
145.00 340.00 47.13 1.0 0.0
150.00 340.00 49.19 1.0 0.0
155.00 340.00 48.72 1.0 0.0
160.00 340.00 50.12 1.0 0.0
165.00 340.00 54.07 1.0 0.0
170.00 340.00 54.21 1.0 0.0
175.00 340.00 49.60 1.0 0.0
180.00 340.00 46.54 1.0 0.0
0.00 350.00 46.67 0.0 1.0
5.00 350.00 51.09 0.0 1.0
10.00 350.00 54.86 0.0 1.0
15.00 350.00 54.44 0.0 1.0
20.00 350.00 51.71 0.0 1.0
25.00 350.00 51.80 0.0 1.0
30.00 350.00 51.66 0.0 1.0
35.00 350.00 51.94 0.0 1.0
40.00 350.00 54.04 0.0 1.0
45.00 350.00 55.08 0.5 0.5
50.00 350.00 55.54 0.5 0.5
55.00 350.00 55.85 0.5 0.5
60.00 350.00 55.30 0.5 0.5
65.00 350.00 53.40 0.5 0.5
70.00 350.00 50.19 0.5 0.5
75.00 350.00 46.22 0.5 0.5
80.00 350.00 42.79 0.5 0.5
85.00 350.00 40.56 0.5 0.5
90.00 350.00 39.16 0.5 0.5
95.00 350.00 39.66 0.5 0.5
100.00 350.00 41.89 0.5 0.5
105.00 350.00 44.50 0.5 0.5
110.00 350.00 47.16 0.5 0.5
115.00 350.00 49.48 0.5 0.5
120.00 350.00 51.02 0.5 0.5
125.00 350.00 51.75 0.5 0.5
130.00 350.00 52.12 0.5 0.5
135.00 350.00 52.22 0.5 0.5
140.00 350.00 51.16 1.0 0.0
145.00 350.00 49.58 1.0 0.0
150.00 350.00 50.63 1.0 0.0
155.00 350.00 50.38 1.0 0.0
160.00 350.00 50.48 1.0 0.0
165.00 350.00 54.35 1.0 0.0
170.00 350.00 54.72 1.0 0.0
175.00 350.00 50.11 1.0 0.0
180.00 350.00 46.54 1.0 0.0
0.00 360.00 46.67 0.0 1.0
5.00 360.00 51.08 0.0 1.0
10.00 360.00 54.64 0.0 1.0
15.00 360.00 53.88 0.0 1.0
20.00 360.00 50.98 0.0 1.0
25.00 360.00 51.12 0.0 1.0
30.00 360.00 50.69 0.0 1.0
35.00 360.00 51.07 0.0 1.0
40.00 360.00 53.07 0.0 1.0
45.00 360.00 54.15 0.5 0.5
50.00 360.00 54.78 0.5 0.5
55.00 360.00 54.87 0.5 0.5
60.00 360.00 53.89 0.5 0.5
65.00 360.00 51.81 0.5 0.5
70.00 360.00 49.03 0.5 0.5
75.00 360.00 46.00 0.5 0.5
80.00 360.00 42.65 0.5 0.5
85.00 360.00 38.49 0.5 0.5
90.00 360.00 35.60 0.5 0.5
95.00 360.00 38.77 0.5 0.5
100.00 360.00 42.86 0.5 0.5
105.00 360.00 46.61 0.5 0.5
110.00 360.00 50.03 0.5 0.5
115.00 360.00 52.72 0.5 0.5
120.00 360.00 54.39 0.5 0.5
125.00 360.00 55.00 0.5 0.5
130.00 360.00 54.84 0.5 0.5
135.00 360.00 54.28 0.5 0.5
140.00 360.00 52.92 1.0 0.0
145.00 360.00 51.22 1.0 0.0
150.00 360.00 51.81 1.0 0.0
155.00 360.00 51.36 1.0 0.0
160.00 360.00 51.13 1.0 0.0
165.00 360.00 54.77 1.0 0.0
170.00 360.00 55.08 1.0 0.0
175.00 360.00 50.38 1.0 0.0
180.00 360.00 46.54 1.0 0.0
0.00 370.00 46.67 0.0 1.0
5.00 370.00 50.88 0.0 1.0
10.00 370.00 54.31 0.0 1.0
15.00 370.00 53.50 0.0 1.0
20.00 370.00 50.34 0.0 1.0
25.00 370.00 50.09 0.0 1.0
30.00 370.00 49.57 0.0 1.0
35.00 370.00 49.11 0.0 1.0
40.00 370.00 50.96 0.0 1.0
45.00 370.00 52.21 0.5 0.5
50.00 370.00 52.40 0.5 0.5
55.00 370.00 51.82 0.5 0.5
60.00 370.00 50.73 0.5 0.5
65.00 370.00 49.35 0.5 0.5
70.00 370.00 47.66 0.5 0.5
75.00 370.00 45.44 0.5 0.5
80.00 370.00 42.63 0.5 0.5
85.00 370.00 40.01 0.5 0.5
90.00 370.00 39.75 0.5 0.5
95.00 370.00 41.89 0.5 0.5
100.00 370.00 44.93 0.5 0.5
105.00 370.00 48.39 0.5 0.5
110.00 370.00 51.68 0.5 0.5
115.00 370.00 54.25 0.5 0.5
120.00 370.00 55.83 0.5 0.5
125.00 370.00 56.41 0.5 0.5
130.00 370.00 56.20 0.5 0.5
135.00 370.00 55.33 0.5 0.5
140.00 370.00 53.55 1.0 0.0
145.00 370.00 52.09 1.0 0.0
150.00 370.00 52.69 1.0 0.0
155.00 370.00 51.76 1.0 0.0
160.00 370.00 51.95 1.0 0.0
165.00 370.00 55.35 1.0 0.0
170.00 370.00 55.31 1.0 0.0
175.00 370.00 50.43 1.0 0.0
180.00 370.00 46.54 1.0 0.0
0.00 380.00 46.67 0.0 1.0
5.00 380.00 50.48 0.0 1.0
10.00 380.00 53.86 0.0 1.0
15.00 380.00 53.28 0.0 1.0
20.00 380.00 49.94 0.0 1.0
25.00 380.00 48.63 0.0 1.0
30.00 380.00 48.36 0.0 1.0
35.00 380.00 46.42 0.0 1.0
40.00 380.00 47.18 0.0 1.0
45.00 380.00 48.87 0.5 0.5
50.00 380.00 48.27 0.5 0.5
55.00 380.00 45.48 0.5 0.5
60.00 380.00 43.31 0.5 0.5
65.00 380.00 44.14 0.5 0.5
70.00 380.00 44.74 0.5 0.5
75.00 380.00 44.40 0.5 0.5
80.00 380.00 43.66 0.5 0.5
85.00 380.00 43.05 0.5 0.5
90.00 380.00 43.09 0.5 0.5
95.00 380.00 44.21 0.5 0.5
100.00 380.00 46.52 0.5 0.5
105.00 380.00 49.45 0.5 0.5
110.00 380.00 52.23 0.5 0.5
115.00 380.00 54.35 0.5 0.5
120.00 380.00 55.68 0.5 0.5
125.00 380.00 56.25 0.5 0.5
130.00 380.00 56.09 0.5 0.5
135.00 380.00 54.99 0.5 0.5
140.00 380.00 53.12 1.0 0.0
145.00 380.00 52.71 1.0 0.0
150.00 380.00 53.13 1.0 0.0
155.00 380.00 51.66 1.0 0.0
160.00 380.00 53.11 1.0 0.0
165.00 380.00 56.00 1.0 0.0
170.00 380.00 55.37 1.0 0.0
175.00 380.00 50.23 1.0 0.0
180.00 380.00 46.54 1.0 0.0
0.00 390.00 46.67 0.0 1.0
5.00 390.00 49.89 0.0 1.0
10.00 390.00 53.23 0.0 1.0
15.00 390.00 53.10 0.0 1.0
20.00 390.00 50.05 0.0 1.0
25.00 390.00 46.80 0.0 1.0
30.00 390.00 46.61 0.0 1.0
35.00 390.00 44.57 0.0 1.0
40.00 390.00 40.65 0.0 1.0
45.00 390.00 42.35 0.5 0.5
50.00 390.00 42.18 0.5 0.5
55.00 390.00 38.75 0.5 0.5
60.00 390.00 43.69 0.5 0.5
65.00 390.00 48.21 0.5 0.5
70.00 390.00 50.35 0.5 0.5
75.00 390.00 51.18 0.5 0.5
80.00 390.00 51.17 0.5 0.5
85.00 390.00 50.48 0.5 0.5
90.00 390.00 49.05 0.5 0.5
95.00 390.00 46.82 0.5 0.5
100.00 390.00 44.42 0.5 0.5
105.00 390.00 45.16 0.5 0.5
110.00 390.00 48.61 0.5 0.5
115.00 390.00 51.60 0.5 0.5
120.00 390.00 53.59 0.5 0.5
125.00 390.00 54.54 0.5 0.5
130.00 390.00 54.34 0.5 0.5
135.00 390.00 53.17 0.5 0.5
140.00 390.00 52.61 1.0 0.0
145.00 390.00 53.32 1.0 0.0
150.00 390.00 52.73 1.0 0.0
155.00 390.00 51.71 1.0 0.0
160.00 390.00 54.68 1.0 0.0
165.00 390.00 56.59 1.0 0.0
170.00 390.00 55.20 1.0 0.0
175.00 390.00 49.79 1.0 0.0
180.00 390.00 46.54 1.0 0.0
0.00 400.00 46.67 0.0 1.0
5.00 400.00 49.11 0.0 1.0
10.00 400.00 52.33 0.0 1.0
15.00 400.00 52.75 0.0 1.0
20.00 400.00 50.58 0.0 1.0
25.00 400.00 46.05 0.0 1.0
30.00 400.00 43.10 0.0 1.0
35.00 400.00 42.81 0.0 1.0
40.00 400.00 38.42 0.0 1.0
45.00 400.00 25.62 0.5 0.5
50.00 400.00 35.05 0.5 0.5
55.00 400.00 39.18 0.5 0.5
60.00 400.00 44.97 0.5 0.5
65.00 400.00 49.37 0.5 0.5
70.00 400.00 52.02 0.5 0.5
75.00 400.00 53.48 0.5 0.5
80.00 400.00 54.08 0.5 0.5
85.00 400.00 53.95 0.5 0.5
90.00 400.00 53.08 0.5 0.5
95.00 400.00 51.27 0.5 0.5
100.00 400.00 48.08 0.5 0.5
105.00 400.00 43.01 0.5 0.5
110.00 400.00 42.37 0.5 0.5
115.00 400.00 47.16 0.5 0.5
120.00 400.00 49.88 0.5 0.5
125.00 400.00 50.89 0.5 0.5
130.00 400.00 51.20 0.5 0.5
135.00 400.00 52.02 0.5 0.5
140.00 400.00 53.06 1.0 0.0
145.00 400.00 52.83 1.0 0.0
150.00 400.00 51.60 1.0 0.0
155.00 400.00 53.45 1.0 0.0
160.00 400.00 56.30 1.0 0.0
165.00 400.00 56.88 1.0 0.0
170.00 400.00 54.68 1.0 0.0
175.00 400.00 49.09 1.0 0.0
180.00 400.00 46.54 1.0 0.0
0.00 410.00 46.67 0.0 1.0
5.00 410.00 48.17 0.0 1.0
10.00 410.00 51.06 0.0 1.0
15.00 410.00 51.96 0.0 1.0
20.00 410.00 50.88 0.0 1.0
25.00 410.00 47.49 0.0 1.0
30.00 410.00 40.69 0.0 1.0
35.00 410.00 35.60 0.0 1.0
40.00 410.00 36.89 0.0 1.0
45.00 410.00 33.45 0.5 0.5
50.00 410.00 37.84 0.5 0.5
55.00 410.00 43.43 0.5 0.5
60.00 410.00 46.80 0.5 0.5
65.00 410.00 49.17 0.5 0.5
70.00 410.00 50.89 0.5 0.5
75.00 410.00 51.99 0.5 0.5
80.00 410.00 52.51 0.5 0.5
85.00 410.00 52.44 0.5 0.5
90.00 410.00 51.72 0.5 0.5
95.00 410.00 50.21 0.5 0.5
100.00 410.00 47.61 0.5 0.5
105.00 410.00 43.17 0.5 0.5
110.00 410.00 34.69 0.5 0.5
115.00 410.00 37.70 0.5 0.5
120.00 410.00 44.65 0.5 0.5
125.00 410.00 48.61 0.5 0.5
130.00 410.00 50.99 0.5 0.5
135.00 410.00 51.96 0.5 0.5
140.00 410.00 51.55 1.0 0.0
145.00 410.00 51.14 1.0 0.0
150.00 410.00 53.39 1.0 0.0
155.00 410.00 56.16 1.0 0.0
160.00 410.00 57.35 1.0 0.0
165.00 410.00 56.61 1.0 0.0
170.00 410.00 53.69 1.0 0.0
175.00 410.00 48.15 1.0 0.0
180.00 410.00 46.54 1.0 0.0
0.00 420.00 46.67 0.0 1.0
5.00 420.00 47.15 0.0 1.0
10.00 420.00 49.28 0.0 1.0
15.00 420.00 50.37 0.0 1.0
20.00 420.00 50.21 0.0 1.0
25.00 420.00 48.51 0.0 1.0
30.00 420.00 44.48 0.0 1.0
35.00 420.00 35.45 0.0 1.0
40.00 420.00 33.20 0.0 1.0
45.00 420.00 39.11 0.5 0.5
50.00 420.00 40.87 0.5 0.5
55.00 420.00 42.91 0.5 0.5
60.00 420.00 45.81 0.5 0.5
65.00 420.00 48.41 0.5 0.5
70.00 420.00 50.31 0.5 0.5
75.00 420.00 51.52 0.5 0.5
80.00 420.00 52.08 0.5 0.5
85.00 420.00 52.02 0.5 0.5
90.00 420.00 51.31 0.5 0.5
95.00 420.00 49.85 0.5 0.5
100.00 420.00 47.40 0.5 0.5
105.00 420.00 43.49 0.5 0.5
110.00 420.00 38.74 0.5 0.5
115.00 420.00 40.67 0.5 0.5
120.00 420.00 44.33 0.5 0.5
125.00 420.00 46.20 0.5 0.5
130.00 420.00 47.16 0.5 0.5
135.00 420.00 48.87 0.5 0.5
140.00 420.00 51.87 1.0 0.0
145.00 420.00 54.78 1.0 0.0
150.00 420.00 56.77 1.0 0.0
155.00 420.00 57.62 1.0 0.0
160.00 420.00 57.23 1.0 0.0
165.00 420.00 55.47 1.0 0.0
170.00 420.00 52.07 1.0 0.0
175.00 420.00 47.12 1.0 0.0
180.00 420.00 46.54 1.0 0.0
0.00 430.00 46.67 0.0 1.0
5.00 430.00 46.27 0.0 1.0
10.00 430.00 46.99 0.0 1.0
15.00 430.00 47.62 0.0 1.0
20.00 430.00 47.86 0.0 1.0
25.00 430.00 47.36 0.0 1.0
30.00 430.00 45.53 0.0 1.0
35.00 430.00 41.59 0.0 1.0
40.00 430.00 36.99 0.0 1.0
45.00 430.00 41.29 0.5 0.5
50.00 430.00 45.56 0.5 0.5
55.00 430.00 48.30 0.5 0.5
60.00 430.00 50.29 0.5 0.5
65.00 430.00 51.82 0.5 0.5
70.00 430.00 52.94 0.5 0.5
75.00 430.00 53.65 0.5 0.5
80.00 430.00 53.97 0.5 0.5
85.00 430.00 53.89 0.5 0.5
90.00 430.00 53.41 0.5 0.5
95.00 430.00 52.49 0.5 0.5
100.00 430.00 51.02 0.5 0.5
105.00 430.00 48.72 0.5 0.5
110.00 430.00 44.98 0.5 0.5
115.00 430.00 39.33 0.5 0.5
120.00 430.00 42.30 0.5 0.5
125.00 430.00 48.18 0.5 0.5
130.00 430.00 51.95 0.5 0.5
135.00 430.00 54.45 0.5 0.5
140.00 430.00 56.08 1.0 0.0
145.00 430.00 56.99 1.0 0.0
150.00 430.00 57.21 1.0 0.0
155.00 430.00 56.71 1.0 0.0
160.00 430.00 55.40 1.0 0.0
165.00 430.00 53.11 1.0 0.0
170.00 430.00 49.75 1.0 0.0
175.00 430.00 46.34 1.0 0.0
180.00 430.00 46.54 1.0 0.0
0.00 440.00 46.67 0.0 1.0
5.00 440.00 45.85 0.0 1.0
10.00 440.00 44.93 0.0 1.0
15.00 440.00 43.71 0.0 1.0
20.00 440.00 42.74 0.0 1.0
25.00 440.00 42.32 0.0 1.0
30.00 440.00 41.52 0.0 1.0
35.00 440.00 39.40 0.0 1.0
40.00 440.00 37.79 0.0 1.0
45.00 440.00 41.41 0.5 0.5
50.00 440.00 45.37 0.5 0.5
55.00 440.00 47.96 0.5 0.5
60.00 440.00 49.54 0.5 0.5
65.00 440.00 50.48 0.5 0.5
70.00 440.00 51.02 0.5 0.5
75.00 440.00 51.29 0.5 0.5
80.00 440.00 51.31 0.5 0.5
85.00 440.00 51.00 0.5 0.5
90.00 440.00 50.25 0.5 0.5
95.00 440.00 48.88 0.5 0.5
100.00 440.00 46.62 0.5 0.5
105.00 440.00 43.12 0.5 0.5
110.00 440.00 39.71 0.5 0.5
115.00 440.00 42.50 0.5 0.5
120.00 440.00 46.66 0.5 0.5
125.00 440.00 49.57 0.5 0.5
130.00 440.00 51.52 0.5 0.5
135.00 440.00 52.78 0.5 0.5
140.00 440.00 53.50 1.0 0.0
145.00 440.00 53.73 1.0 0.0
150.00 440.00 53.49 1.0 0.0
155.00 440.00 52.72 1.0 0.0
160.00 440.00 51.40 1.0 0.0
165.00 440.00 49.55 1.0 0.0
170.00 440.00 47.54 1.0 0.0
175.00 440.00 46.36 1.0 0.0
180.00 440.00 46.54 1.0 0.0
0.00 450.00 46.67 0.0 1.0
5.00 450.00 46.17 0.0 1.0
10.00 450.00 45.18 0.0 1.0
15.00 450.00 43.49 0.0 1.0
20.00 450.00 40.91 0.0 1.0
25.00 450.00 37.02 0.0 1.0
30.00 450.00 30.90 0.0 1.0
35.00 450.00 31.15 0.0 1.0
40.00 450.00 37.94 0.0 1.0
45.00 450.00 42.31 0.5 0.5
50.00 450.00 45.23 0.5 0.5
55.00 450.00 47.21 0.5 0.5
60.00 450.00 48.50 0.5 0.5
65.00 450.00 49.28 0.5 0.5
70.00 450.00 49.67 0.5 0.5
75.00 450.00 49.77 0.5 0.5
80.00 450.00 49.62 0.5 0.5
85.00 450.00 49.23 0.5 0.5
90.00 450.00 48.56 0.5 0.5
95.00 450.00 47.55 0.5 0.5
100.00 450.00 46.05 0.5 0.5
105.00 450.00 43.85 0.5 0.5
110.00 450.00 40.57 0.5 0.5
115.00 450.00 36.03 0.5 0.5
120.00 450.00 35.62 0.5 0.5
125.00 450.00 40.30 0.5 0.5
130.00 450.00 43.84 0.5 0.5
135.00 450.00 46.22 0.5 0.5
140.00 450.00 47.81 1.0 0.0
145.00 450.00 48.84 1.0 0.0
150.00 450.00 49.40 1.0 0.0
155.00 450.00 49.55 1.0 0.0
160.00 450.00 49.34 1.0 0.0
165.00 450.00 48.84 1.0 0.0
170.00 450.00 48.13 1.0 0.0
175.00 450.00 47.33 1.0 0.0
180.00 450.00 46.54 1.0 0.0
0.00 460.00 46.67 0.0 1.0
5.00 460.00 47.09 0.0 1.0
10.00 460.00 47.51 0.0 1.0
15.00 460.00 47.72 0.0 1.0
20.00 460.00 47.57 0.0 1.0
25.00 460.00 46.78 0.0 1.0
30.00 460.00 44.90 0.0 1.0
35.00 460.00 41.35 0.0 1.0
40.00 460.00 38.41 0.0 1.0
45.00 460.00 42.32 0.5 0.5
50.00 460.00 46.09 0.5 0.5
55.00 460.00 48.47 0.5 0.5
60.00 460.00 50.12 0.5 0.5
65.00 460.00 51.45 0.5 0.5
70.00 460.00 52.58 0.5 0.5
75.00 460.00 53.47 0.5 0.5
80.00 460.00 54.00 0.5 0.5
85.00 460.00 54.11 0.5 0.5
90.00 460.00 53.73 0.5 0.5
95.00 460.00 52.80 0.5 0.5
100.00 460.00 51.17 0.5 0.5
105.00 460.00 48.57 0.5 0.5
110.00 460.00 44.64 0.5 0.5
115.00 460.00 41.35 0.5 0.5
120.00 460.00 44.79 0.5 0.5
125.00 460.00 48.76 0.5 0.5
130.00 460.00 51.41 0.5 0.5
135.00 460.00 53.14 0.5 0.5
140.00 460.00 54.21 1.0 0.0
145.00 460.00 54.79 1.0 0.0
150.00 460.00 54.93 1.0 0.0
155.00 460.00 54.65 1.0 0.0
160.00 460.00 53.91 1.0 0.0
165.00 460.00 52.67 1.0 0.0
170.00 460.00 50.94 1.0 0.0
175.00 460.00 48.79 1.0 0.0
180.00 460.00 46.54 1.0 0.0
0.00 470.00 46.67 0.0 1.0
5.00 470.00 48.27 0.0 1.0
10.00 470.00 49.91 0.0 1.0
15.00 470.00 50.92 0.0 1.0
20.00 470.00 51.18 0.0 1.0
25.00 470.00 50.38 0.0 1.0
30.00 470.00 48.00 0.0 1.0
35.00 470.00 43.43 0.0 1.0
40.00 470.00 41.11 0.0 1.0
45.00 470.00 45.60 0.5 0.5
50.00 470.00 48.85 0.5 0.5
55.00 470.00 50.84 0.5 0.5
60.00 470.00 52.14 0.5 0.5
65.00 470.00 52.96 0.5 0.5
70.00 470.00 53.41 0.5 0.5
75.00 470.00 53.54 0.5 0.5
80.00 470.00 53.41 0.5 0.5
85.00 470.00 53.06 0.5 0.5
90.00 470.00 52.51 0.5 0.5
95.00 470.00 51.73 0.5 0.5
100.00 470.00 50.63 0.5 0.5
105.00 470.00 49.03 0.5 0.5
110.00 470.00 46.49 0.5 0.5
115.00 470.00 41.99 0.5 0.5
120.00 470.00 37.48 0.5 0.5
125.00 470.00 44.76 0.5 0.5
130.00 470.00 50.09 0.5 0.5
135.00 470.00 53.47 0.5 0.5
140.00 470.00 55.68 1.0 0.0
145.00 470.00 57.06 1.0 0.0
150.00 470.00 57.76 1.0 0.0
155.00 470.00 57.81 1.0 0.0
160.00 470.00 57.19 1.0 0.0
165.00 470.00 55.80 1.0 0.0
170.00 470.00 53.50 1.0 0.0
175.00 470.00 50.27 1.0 0.0
180.00 470.00 46.54 1.0 0.0
0.00 480.00 46.67 0.0 1.0
5.00 480.00 49.45 0.0 1.0
10.00 480.00 51.78 0.0 1.0
15.00 480.00 52.84 0.0 1.0
20.00 480.00 52.60 0.0 1.0
25.00 480.00 50.72 0.0 1.0
30.00 480.00 46.53 0.0 1.0
35.00 480.00 39.37 0.0 1.0
40.00 480.00 36.97 0.0 1.0
45.00 480.00 38.95 0.5 0.5
50.00 480.00 38.18 0.5 0.5
55.00 480.00 36.17 0.5 0.5
60.00 480.00 39.38 0.5 0.5
65.00 480.00 44.55 0.5 0.5
70.00 480.00 48.06 0.5 0.5
75.00 480.00 50.20 0.5 0.5
80.00 480.00 51.33 0.5 0.5
85.00 480.00 51.64 0.5 0.5
90.00 480.00 51.18 0.5 0.5
95.00 480.00 49.89 0.5 0.5
100.00 480.00 47.50 0.5 0.5
105.00 480.00 43.33 0.5 0.5
110.00 480.00 36.98 0.5 0.5
115.00 480.00 39.76 0.5 0.5
120.00 480.00 44.19 0.5 0.5
125.00 480.00 45.96 0.5 0.5
130.00 480.00 46.20 0.5 0.5
135.00 480.00 47.23 0.5 0.5
140.00 480.00 50.75 1.0 0.0
145.00 480.00 54.37 1.0 0.0
150.00 480.00 56.90 1.0 0.0
155.00 480.00 58.27 1.0 0.0
160.00 480.00 58.51 1.0 0.0
165.00 480.00 57.58 1.0 0.0
170.00 480.00 55.32 1.0 0.0
175.00 480.00 51.53 1.0 0.0
180.00 480.00 46.54 1.0 0.0
0.00 490.00 46.67 0.0 1.0
5.00 490.00 50.49 0.0 1.0
10.00 490.00 53.15 0.0 1.0
15.00 490.00 53.83 0.0 1.0
20.00 490.00 52.48 0.0 1.0
25.00 490.00 48.41 0.0 1.0
30.00 490.00 39.53 0.0 1.0
35.00 490.00 32.56 0.0 1.0
40.00 490.00 35.26 0.0 1.0
45.00 490.00 35.77 0.5 0.5
50.00 490.00 40.63 0.5 0.5
55.00 490.00 44.58 0.5 0.5
60.00 490.00 47.27 0.5 0.5
65.00 490.00 49.19 0.5 0.5
70.00 490.00 50.61 0.5 0.5
75.00 490.00 51.63 0.5 0.5
80.00 490.00 52.23 0.5 0.5
85.00 490.00 52.31 0.5 0.5
90.00 490.00 51.79 0.5 0.5
95.00 490.00 50.54 0.5 0.5
100.00 490.00 48.36 0.5 0.5
105.00 490.00 44.70 0.5 0.5
110.00 490.00 38.31 0.5 0.5
115.00 490.00 37.77 0.5 0.5
120.00 490.00 44.74 0.5 0.5
125.00 490.00 48.81 0.5 0.5
130.00 490.00 51.05 0.5 0.5
135.00 490.00 51.64 0.5 0.5
140.00 490.00 50.39 1.0 0.0
145.00 490.00 48.71 1.0 0.0
150.00 490.00 52.11 1.0 0.0
155.00 490.00 56.14 1.0 0.0
160.00 490.00 58.18 1.0 0.0
165.00 490.00 58.29 1.0 0.0
170.00 490.00 56.48 1.0 0.0
175.00 490.00 52.53 1.0 0.0
180.00 490.00 46.54 1.0 0.0
0.00 500.00 46.67 0.0 1.0
5.00 500.00 51.37 0.0 1.0
10.00 500.00 54.13 0.0 1.0
15.00 500.00 54.21 0.0 1.0
20.00 500.00 51.39 0.0 1.0
25.00 500.00 44.63 0.0 1.0
30.00 500.00 41.62 0.0 1.0
35.00 500.00 42.93 0.0 1.0
40.00 500.00 39.23 0.0 1.0
45.00 500.00 33.17 0.5 0.5
50.00 500.00 35.95 0.5 0.5
55.00 500.00 39.88 0.5 0.5
60.00 500.00 44.24 0.5 0.5
65.00 500.00 48.07 0.5 0.5
70.00 500.00 50.76 0.5 0.5
75.00 500.00 52.39 0.5 0.5
80.00 500.00 53.12 0.5 0.5
85.00 500.00 53.06 0.5 0.5
90.00 500.00 52.23 0.5 0.5
95.00 500.00 50.49 0.5 0.5
100.00 500.00 47.52 0.5 0.5
105.00 500.00 43.07 0.5 0.5
110.00 500.00 42.47 0.5 0.5
115.00 500.00 46.92 0.5 0.5
120.00 500.00 49.91 0.5 0.5
125.00 500.00 51.44 0.5 0.5
130.00 500.00 52.25 0.5 0.5
135.00 500.00 53.03 0.5 0.5
140.00 500.00 53.50 1.0 0.0
145.00 500.00 52.37 1.0 0.0
150.00 500.00 48.98 1.0 0.0
155.00 500.00 51.64 1.0 0.0
160.00 500.00 56.45 1.0 0.0
165.00 500.00 58.16 1.0 0.0
170.00 500.00 57.10 1.0 0.0
175.00 500.00 53.26 1.0 0.0
180.00 500.00 46.54 1.0 0.0
0.00 510.00 46.67 0.0 1.0
5.00 510.00 52.06 0.0 1.0
10.00 510.00 54.84 0.0 1.0
15.00 510.00 54.31 0.0 1.0
20.00 510.00 50.15 0.0 1.0
25.00 510.00 44.94 0.0 1.0
30.00 510.00 46.77 0.0 1.0
35.00 510.00 45.73 0.0 1.0
40.00 510.00 43.15 0.0 1.0
45.00 510.00 42.85 0.5 0.5
50.00 510.00 41.75 0.5 0.5
55.00 510.00 39.13 0.5 0.5
60.00 510.00 40.47 0.5 0.5
65.00 510.00 44.21 0.5 0.5
70.00 510.00 46.69 0.5 0.5
75.00 510.00 47.95 0.5 0.5
80.00 510.00 48.22 0.5 0.5
85.00 510.00 47.52 0.5 0.5
90.00 510.00 45.74 0.5 0.5
95.00 510.00 43.26 0.5 0.5
100.00 510.00 43.64 0.5 0.5
105.00 510.00 47.32 0.5 0.5
110.00 510.00 50.35 0.5 0.5
115.00 510.00 52.25 0.5 0.5
120.00 510.00 53.43 0.5 0.5
125.00 510.00 54.24 0.5 0.5
130.00 510.00 54.61 0.5 0.5
135.00 510.00 54.36 0.5 0.5
140.00 510.00 54.03 1.0 0.0
145.00 510.00 53.93 1.0 0.0
150.00 510.00 52.17 1.0 0.0
155.00 510.00 48.26 1.0 0.0
160.00 510.00 53.75 1.0 0.0
165.00 510.00 57.45 1.0 0.0
170.00 510.00 57.32 1.0 0.0
175.00 510.00 53.74 1.0 0.0
180.00 510.00 46.54 1.0 0.0
0.00 520.00 46.67 0.0 1.0
5.00 520.00 52.59 0.0 1.0
10.00 520.00 55.39 0.0 1.0
15.00 520.00 54.40 0.0 1.0
20.00 520.00 49.62 0.0 1.0
25.00 520.00 47.50 0.0 1.0
30.00 520.00 49.08 0.0 1.0
35.00 520.00 48.64 0.0 1.0
40.00 520.00 49.24 0.0 1.0
45.00 520.00 49.50 0.5 0.5
50.00 520.00 48.26 0.5 0.5
55.00 520.00 46.26 0.5 0.5
60.00 520.00 44.25 0.5 0.5
65.00 520.00 42.22 0.5 0.5
70.00 520.00 40.89 0.5 0.5
75.00 520.00 41.34 0.5 0.5
80.00 520.00 42.54 0.5 0.5
85.00 520.00 43.54 0.5 0.5
90.00 520.00 44.21 0.5 0.5
95.00 520.00 44.85 0.5 0.5
100.00 520.00 46.58 0.5 0.5
105.00 520.00 49.74 0.5 0.5
110.00 520.00 52.92 0.5 0.5
115.00 520.00 55.14 0.5 0.5
120.00 520.00 56.18 0.5 0.5
125.00 520.00 56.20 0.5 0.5
130.00 520.00 55.78 0.5 0.5
135.00 520.00 55.31 0.5 0.5
140.00 520.00 54.54 1.0 0.0
145.00 520.00 53.94 1.0 0.0
150.00 520.00 53.28 1.0 0.0
155.00 520.00 49.56 1.0 0.0
160.00 520.00 50.88 1.0 0.0
165.00 520.00 56.45 1.0 0.0
170.00 520.00 57.25 1.0 0.0
175.00 520.00 54.01 1.0 0.0
180.00 520.00 46.54 1.0 0.0
0.00 530.00 46.67 0.0 1.0
5.00 530.00 52.96 0.0 1.0
10.00 530.00 55.83 0.0 1.0
15.00 530.00 54.66 0.0 1.0
20.00 530.00 49.88 0.0 1.0
25.00 530.00 49.12 0.0 1.0
30.00 530.00 50.62 0.0 1.0
35.00 530.00 51.22 0.0 1.0
40.00 530.00 52.39 0.0 1.0
45.00 530.00 52.63 0.5 0.5
50.00 530.00 52.17 0.5 0.5
55.00 530.00 51.68 0.5 0.5
60.00 530.00 50.77 0.5 0.5
65.00 530.00 48.98 0.5 0.5
70.00 530.00 46.42 0.5 0.5
75.00 530.00 43.62 0.5 0.5
80.00 530.00 41.17 0.5 0.5
85.00 530.00 39.87 0.5 0.5
90.00 530.00 40.79 0.5 0.5
95.00 530.00 42.93 0.5 0.5
100.00 530.00 45.28 0.5 0.5
105.00 530.00 48.17 0.5 0.5
110.00 530.00 51.48 0.5 0.5
115.00 530.00 54.38 0.5 0.5
120.00 530.00 56.21 0.5 0.5
125.00 530.00 56.76 0.5 0.5
130.00 530.00 56.20 0.5 0.5
135.00 530.00 55.26 0.5 0.5
140.00 530.00 54.34 1.0 0.0
145.00 530.00 53.45 1.0 0.0
150.00 530.00 53.05 1.0 0.0
155.00 530.00 50.45 1.0 0.0
160.00 530.00 48.87 1.0 0.0
165.00 530.00 55.48 1.0 0.0
170.00 530.00 57.00 1.0 0.0
175.00 530.00 54.09 1.0 0.0
180.00 530.00 46.54 1.0 0.0
0.00 540.00 46.67 0.0 1.0
5.00 540.00 53.18 0.0 1.0
10.00 540.00 56.21 0.0 1.0
15.00 540.00 55.16 0.0 1.0
20.00 540.00 50.60 0.0 1.0
25.00 540.00 49.96 0.0 1.0
30.00 540.00 51.63 0.0 1.0
35.00 540.00 52.62 0.0 1.0
40.00 540.00 53.97 0.0 1.0
45.00 540.00 54.60 0.5 0.5
50.00 540.00 54.74 0.5 0.5
55.00 540.00 54.55 0.5 0.5
60.00 540.00 53.50 0.5 0.5
65.00 540.00 51.23 0.5 0.5
70.00 540.00 47.75 0.5 0.5
75.00 540.00 43.36 0.5 0.5
80.00 540.00 38.90 0.5 0.5
85.00 540.00 36.39 0.5 0.5
90.00 540.00 38.07 0.5 0.5
95.00 540.00 41.55 0.5 0.5
100.00 540.00 44.77 0.5 0.5
105.00 540.00 47.64 0.5 0.5
110.00 540.00 50.31 0.5 0.5
115.00 540.00 52.69 0.5 0.5
120.00 540.00 54.48 0.5 0.5
125.00 540.00 55.35 0.5 0.5
130.00 540.00 55.19 0.5 0.5
135.00 540.00 54.30 0.5 0.5
140.00 540.00 53.17 1.0 0.0
145.00 540.00 52.23 1.0 0.0
150.00 540.00 52.08 1.0 0.0
155.00 540.00 50.04 1.0 0.0
160.00 540.00 47.89 1.0 0.0
165.00 540.00 54.76 1.0 0.0
170.00 540.00 56.65 1.0 0.0
175.00 540.00 54.00 1.0 0.0
180.00 540.00 46.54 1.0 0.0
0.00 550.00 46.67 0.0 1.0
5.00 550.00 53.23 0.0 1.0
10.00 550.00 56.50 0.0 1.0
15.00 550.00 55.86 0.0 1.0
20.00 550.00 51.69 0.0 1.0
25.00 550.00 50.24 0.0 1.0
30.00 550.00 52.04 0.0 1.0
35.00 550.00 53.01 0.0 1.0
40.00 550.00 54.46 0.0 1.0
45.00 550.00 55.44 0.5 0.5
50.00 550.00 55.72 0.5 0.5
55.00 550.00 55.51 0.5 0.5
60.00 550.00 54.51 0.5 0.5
65.00 550.00 52.44 0.5 0.5
70.00 550.00 49.31 0.5 0.5
75.00 550.00 45.75 0.5 0.5
80.00 550.00 43.26 0.5 0.5
85.00 550.00 42.60 0.5 0.5
90.00 550.00 43.03 0.5 0.5
95.00 550.00 44.00 0.5 0.5
100.00 550.00 45.21 0.5 0.5
105.00 550.00 46.61 0.5 0.5
110.00 550.00 48.24 0.5 0.5
115.00 550.00 49.80 0.5 0.5
120.00 550.00 51.01 0.5 0.5
125.00 550.00 51.87 0.5 0.5
130.00 550.00 52.33 0.5 0.5
135.00 550.00 52.05 0.5 0.5
140.00 550.00 50.85 1.0 0.0
145.00 550.00 50.03 1.0 0.0
150.00 550.00 50.48 1.0 0.0
155.00 550.00 48.48 1.0 0.0
160.00 550.00 47.64 1.0 0.0
165.00 550.00 54.38 1.0 0.0
170.00 550.00 56.24 1.0 0.0
175.00 550.00 53.74 1.0 0.0
180.00 550.00 46.54 1.0 0.0
0.00 560.00 46.67 0.0 1.0
5.00 560.00 53.10 0.0 1.0
10.00 560.00 56.68 0.0 1.0
15.00 560.00 56.67 0.0 1.0
20.00 560.00 53.25 0.0 1.0
25.00 560.00 50.28 0.0 1.0
30.00 560.00 51.90 0.0 1.0
35.00 560.00 52.70 0.0 1.0
40.00 560.00 53.87 0.0 1.0
45.00 560.00 55.08 0.5 0.5
50.00 560.00 55.36 0.5 0.5
55.00 560.00 54.83 0.5 0.5
60.00 560.00 53.68 0.5 0.5
65.00 560.00 51.83 0.5 0.5
70.00 560.00 49.31 0.5 0.5
75.00 560.00 46.77 0.5 0.5
80.00 560.00 45.59 0.5 0.5
85.00 560.00 45.87 0.5 0.5
90.00 560.00 46.61 0.5 0.5
95.00 560.00 47.21 0.5 0.5
100.00 560.00 47.32 0.5 0.5
105.00 560.00 46.72 0.5 0.5
110.00 560.00 45.46 0.5 0.5
115.00 560.00 43.89 0.5 0.5
120.00 560.00 42.89 0.5 0.5
125.00 560.00 44.73 0.5 0.5
130.00 560.00 47.51 0.5 0.5
135.00 560.00 48.19 0.5 0.5
140.00 560.00 46.69 1.0 0.0
145.00 560.00 46.91 1.0 0.0
150.00 560.00 48.19 1.0 0.0
155.00 560.00 45.65 1.0 0.0
160.00 560.00 48.27 1.0 0.0
165.00 560.00 54.28 1.0 0.0
170.00 560.00 55.77 1.0 0.0
175.00 560.00 53.34 1.0 0.0
180.00 560.00 46.54 1.0 0.0
0.00 570.00 46.67 0.0 1.0
5.00 570.00 52.79 0.0 1.0
10.00 570.00 56.65 0.0 1.0
15.00 570.00 57.41 0.0 1.0
20.00 570.00 55.16 0.0 1.0
25.00 570.00 51.15 0.0 1.0
30.00 570.00 51.19 0.0 1.0
35.00 570.00 52.08 0.0 1.0
40.00 570.00 52.35 0.0 1.0
45.00 570.00 53.34 0.5 0.5
50.00 570.00 53.89 0.5 0.5
55.00 570.00 53.16 0.5 0.5
60.00 570.00 51.07 0.5 0.5
65.00 570.00 47.61 0.5 0.5
70.00 570.00 43.72 0.5 0.5
75.00 570.00 44.58 0.5 0.5
80.00 570.00 47.91 0.5 0.5
85.00 570.00 50.28 0.5 0.5
90.00 570.00 51.70 0.5 0.5
95.00 570.00 52.39 0.5 0.5
100.00 570.00 52.42 0.5 0.5
105.00 570.00 51.75 0.5 0.5
110.00 570.00 50.27 0.5 0.5
115.00 570.00 47.65 0.5 0.5
120.00 570.00 42.92 0.5 0.5
125.00 570.00 37.69 0.5 0.5
130.00 570.00 41.37 0.5 0.5
135.00 570.00 41.54 0.5 0.5
140.00 570.00 39.53 1.0 0.0
145.00 570.00 43.86 1.0 0.0
150.00 570.00 44.68 1.0 0.0
155.00 570.00 42.38 1.0 0.0
160.00 570.00 49.70 1.0 0.0
165.00 570.00 54.28 1.0 0.0
170.00 570.00 55.19 1.0 0.0
175.00 570.00 52.77 1.0 0.0
180.00 570.00 46.54 1.0 0.0
0.00 580.00 46.67 0.0 1.0
5.00 580.00 52.26 0.0 1.0
10.00 580.00 56.32 0.0 1.0
15.00 580.00 57.85 0.0 1.0
20.00 580.00 56.95 0.0 1.0
25.00 580.00 53.79 0.0 1.0
30.00 580.00 50.81 0.0 1.0
35.00 580.00 51.09 0.0 1.0
40.00 580.00 50.98 0.0 1.0
45.00 580.00 50.22 0.5 0.5
50.00 580.00 50.17 0.5 0.5
55.00 580.00 49.92 0.5 0.5
60.00 580.00 48.09 0.5 0.5
65.00 580.00 43.97 0.5 0.5
70.00 580.00 42.56 0.5 0.5
75.00 580.00 47.81 0.5 0.5
80.00 580.00 51.46 0.5 0.5
85.00 580.00 53.56 0.5 0.5
90.00 580.00 54.64 0.5 0.5
95.00 580.00 54.92 0.5 0.5
100.00 580.00 54.49 0.5 0.5
105.00 580.00 53.33 0.5 0.5
110.00 580.00 51.33 0.5 0.5
115.00 580.00 48.24 0.5 0.5
120.00 580.00 43.75 0.5 0.5
125.00 580.00 39.94 0.5 0.5
130.00 580.00 38.88 0.5 0.5
135.00 580.00 34.17 0.5 0.5
140.00 580.00 37.07 1.0 0.0
145.00 580.00 40.98 1.0 0.0
150.00 580.00 37.92 1.0 0.0
155.00 580.00 44.34 1.0 0.0
160.00 580.00 51.20 1.0 0.0
165.00 580.00 54.16 1.0 0.0
170.00 580.00 54.43 1.0 0.0
175.00 580.00 52.04 1.0 0.0
180.00 580.00 46.54 1.0 0.0
0.00 590.00 46.67 0.0 1.0
5.00 590.00 51.49 0.0 1.0
10.00 590.00 55.57 0.0 1.0
15.00 590.00 57.72 0.0 1.0
20.00 590.00 58.05 0.0 1.0
25.00 590.00 56.62 0.0 1.0
30.00 590.00 53.68 0.0 1.0
35.00 590.00 50.80 0.0 1.0
40.00 590.00 49.87 0.0 1.0
45.00 590.00 48.89 0.5 0.5
50.00 590.00 46.17 0.5 0.5
55.00 590.00 41.19 0.5 0.5
60.00 590.00 36.53 0.5 0.5
65.00 590.00 40.06 0.5 0.5
70.00 590.00 44.28 0.5 0.5
75.00 590.00 47.58 0.5 0.5
80.00 590.00 50.08 0.5 0.5
85.00 590.00 51.82 0.5 0.5
90.00 590.00 52.86 0.5 0.5
95.00 590.00 53.32 0.5 0.5
100.00 590.00 53.27 0.5 0.5
105.00 590.00 52.78 0.5 0.5
110.00 590.00 51.86 0.5 0.5
115.00 590.00 50.51 0.5 0.5
120.00 590.00 48.60 0.5 0.5
125.00 590.00 45.77 0.5 0.5
130.00 590.00 40.97 0.5 0.5
135.00 590.00 35.72 0.5 0.5
140.00 590.00 37.76 1.0 0.0
145.00 590.00 34.37 1.0 0.0
150.00 590.00 39.48 1.0 0.0
155.00 590.00 48.15 1.0 0.0
160.00 590.00 52.14 1.0 0.0
165.00 590.00 53.71 1.0 0.0
170.00 590.00 53.42 1.0 0.0
175.00 590.00 51.13 1.0 0.0
180.00 590.00 46.54 1.0 0.0
0.00 600.00 46.67 0.0 1.0
5.00 600.00 50.49 0.0 1.0
10.00 600.00 54.30 0.0 1.0
15.00 600.00 56.79 0.0 1.0
20.00 600.00 57.98 0.0 1.0
25.00 600.00 57.95 0.0 1.0
30.00 600.00 56.78 0.0 1.0
35.00 600.00 54.57 0.0 1.0
40.00 600.00 51.66 0.0 1.0
45.00 600.00 48.72 0.5 0.5
50.00 600.00 46.19 0.5 0.5
55.00 600.00 43.43 0.5 0.5
60.00 600.00 40.95 0.5 0.5
65.00 600.00 43.31 0.5 0.5
70.00 600.00 47.38 0.5 0.5
75.00 600.00 50.34 0.5 0.5
80.00 600.00 52.31 0.5 0.5
85.00 600.00 53.54 0.5 0.5
90.00 600.00 54.17 0.5 0.5
95.00 600.00 54.27 0.5 0.5
100.00 600.00 53.83 0.5 0.5
105.00 600.00 52.80 0.5 0.5
110.00 600.00 51.05 0.5 0.5
115.00 600.00 48.33 0.5 0.5
120.00 600.00 44.03 0.5 0.5
125.00 600.00 37.60 0.5 0.5
130.00 600.00 37.86 0.5 0.5
135.00 600.00 40.60 0.5 0.5
140.00 600.00 39.28 1.0 0.0
145.00 600.00 39.15 1.0 0.0
150.00 600.00 45.91 1.0 0.0
155.00 600.00 50.13 1.0 0.0
160.00 600.00 52.15 1.0 0.0
165.00 600.00 52.70 1.0 0.0
170.00 600.00 52.05 1.0 0.0
175.00 600.00 50.01 1.0 0.0
180.00 600.00 46.54 1.0 0.0
0.00 610.00 46.67 0.0 1.0
5.00 610.00 49.28 0.0 1.0
10.00 610.00 52.40 0.0 1.0
15.00 610.00 54.82 0.0 1.0
20.00 610.00 56.37 0.0 1.0
25.00 610.00 57.09 0.0 1.0
30.00 610.00 57.04 0.0 1.0
35.00 610.00 56.26 0.0 1.0
40.00 610.00 54.74 0.0 1.0
45.00 610.00 52.40 0.5 0.5
50.00 610.00 49.00 0.5 0.5
55.00 610.00 44.01 0.5 0.5
60.00 610.00 38.42 0.5 0.5
65.00 610.00 41.67 0.5 0.5
70.00 610.00 45.76 0.5 0.5
75.00 610.00 48.28 0.5 0.5
80.00 610.00 49.89 0.5 0.5
85.00 610.00 50.94 0.5 0.5
90.00 610.00 51.61 0.5 0.5
95.00 610.00 51.97 0.5 0.5
100.00 610.00 52.07 0.5 0.5
105.00 610.00 51.93 0.5 0.5
110.00 610.00 51.61 0.5 0.5
115.00 610.00 51.16 0.5 0.5
120.00 610.00 50.66 0.5 0.5
125.00 610.00 49.99 0.5 0.5
130.00 610.00 48.75 0.5 0.5
135.00 610.00 46.30 0.5 0.5
140.00 610.00 42.66 1.0 0.0
145.00 610.00 43.49 1.0 0.0
150.00 610.00 47.48 1.0 0.0
155.00 610.00 49.87 1.0 0.0
160.00 610.00 50.84 1.0 0.0
165.00 610.00 50.85 1.0 0.0
170.00 610.00 50.16 1.0 0.0
175.00 610.00 48.68 1.0 0.0
180.00 610.00 46.54 1.0 0.0
0.00 620.00 46.67 0.0 1.0
5.00 620.00 47.99 0.0 1.0
10.00 620.00 49.84 0.0 1.0
15.00 620.00 51.63 0.0 1.0
20.00 620.00 52.98 0.0 1.0
25.00 620.00 53.76 0.0 1.0
30.00 620.00 53.97 0.0 1.0
35.00 620.00 53.62 0.0 1.0
40.00 620.00 52.68 0.0 1.0
45.00 620.00 51.05 0.5 0.5
50.00 620.00 48.50 0.5 0.5
55.00 620.00 44.73 0.5 0.5
60.00 620.00 41.68 0.5 0.5
65.00 620.00 44.91 0.5 0.5
70.00 620.00 48.85 0.5 0.5
75.00 620.00 51.57 0.5 0.5
80.00 620.00 53.38 0.5 0.5
85.00 620.00 54.53 0.5 0.5
90.00 620.00 55.15 0.5 0.5
95.00 620.00 55.33 0.5 0.5
100.00 620.00 55.14 0.5 0.5
105.00 620.00 54.65 0.5 0.5
110.00 620.00 53.97 0.5 0.5
115.00 620.00 53.14 0.5 0.5
120.00 620.00 52.15 0.5 0.5
125.00 620.00 50.77 0.5 0.5
130.00 620.00 48.62 0.5 0.5
135.00 620.00 45.18 0.5 0.5
140.00 620.00 40.68 1.0 0.0
145.00 620.00 41.08 1.0 0.0
150.00 620.00 44.53 1.0 0.0
155.00 620.00 46.54 1.0 0.0
160.00 620.00 47.41 1.0 0.0
165.00 620.00 47.67 1.0 0.0
170.00 620.00 47.60 1.0 0.0
175.00 620.00 47.19 1.0 0.0
180.00 620.00 46.54 1.0 0.0
0.00 630.00 46.67 0.0 1.0
5.00 630.00 46.94 0.0 1.0
10.00 630.00 47.23 0.0 1.0
15.00 630.00 47.64 0.0 1.0
20.00 630.00 48.04 0.0 1.0
25.00 630.00 48.21 0.0 1.0
30.00 630.00 47.96 0.0 1.0
35.00 630.00 47.15 0.0 1.0
40.00 630.00 45.62 0.0 1.0
45.00 630.00 43.06 0.5 0.5
50.00 630.00 38.64 0.5 0.5
55.00 630.00 29.60 0.5 0.5
60.00 630.00 33.52 0.5 0.5
65.00 630.00 40.30 0.5 0.5
70.00 630.00 43.88 0.5 0.5
75.00 630.00 46.13 0.5 0.5
80.00 630.00 47.67 0.5 0.5
85.00 630.00 48.78 0.5 0.5
90.00 630.00 49.62 0.5 0.5
95.00 630.00 50.25 0.5 0.5
100.00 630.00 50.67 0.5 0.5
105.00 630.00 50.84 0.5 0.5
110.00 630.00 50.68 0.5 0.5
115.00 630.00 50.09 0.5 0.5
120.00 630.00 49.01 0.5 0.5
125.00 630.00 47.35 0.5 0.5
130.00 630.00 45.04 0.5 0.5
135.00 630.00 42.04 0.5 0.5
140.00 630.00 38.25 1.0 0.0
145.00 630.00 33.76 1.0 0.0
150.00 630.00 32.44 1.0 0.0
155.00 630.00 36.66 1.0 0.0
160.00 630.00 40.41 1.0 0.0
165.00 630.00 42.95 1.0 0.0
170.00 630.00 44.61 1.0 0.0
175.00 630.00 45.71 1.0 0.0
180.00 630.00 46.54 1.0 0.0
0.00 640.00 46.67 0.0 1.0
5.00 640.00 46.55 0.0 1.0
10.00 640.00 46.92 0.0 1.0
15.00 640.00 47.72 0.0 1.0
20.00 640.00 48.70 0.0 1.0
25.00 640.00 49.59 0.0 1.0
30.00 640.00 50.17 0.0 1.0
35.00 640.00 50.27 0.0 1.0
40.00 640.00 49.74 0.0 1.0
45.00 640.00 48.46 0.5 0.5
50.00 640.00 46.23 0.5 0.5
55.00 640.00 42.98 0.5 0.5
60.00 640.00 41.12 0.5 0.5
65.00 640.00 44.16 0.5 0.5
70.00 640.00 47.67 0.5 0.5
75.00 640.00 50.19 0.5 0.5
80.00 640.00 51.89 0.5 0.5
85.00 640.00 53.01 0.5 0.5
90.00 640.00 53.65 0.5 0.5
95.00 640.00 53.90 0.5 0.5
100.00 640.00 53.81 0.5 0.5
105.00 640.00 53.39 0.5 0.5
110.00 640.00 52.60 0.5 0.5
115.00 640.00 51.41 0.5 0.5
120.00 640.00 49.75 0.5 0.5
125.00 640.00 47.56 0.5 0.5
130.00 640.00 44.84 0.5 0.5
135.00 640.00 41.69 0.5 0.5
140.00 640.00 38.85 1.0 0.0
145.00 640.00 38.58 1.0 0.0
150.00 640.00 40.62 1.0 0.0
155.00 640.00 42.39 1.0 0.0
160.00 640.00 43.21 1.0 0.0
165.00 640.00 43.39 1.0 0.0
170.00 640.00 43.64 1.0 0.0
175.00 640.00 44.67 1.0 0.0
180.00 640.00 46.54 1.0 0.0
0.00 650.00 46.67 0.0 1.0
5.00 650.00 46.99 0.0 1.0
10.00 650.00 49.17 0.0 1.0
15.00 650.00 51.49 0.0 1.0
20.00 650.00 53.32 0.0 1.0
25.00 650.00 54.47 0.0 1.0
30.00 650.00 54.88 0.0 1.0
35.00 650.00 54.50 0.0 1.0
40.00 650.00 53.30 0.0 1.0
45.00 650.00 51.16 0.5 0.5
50.00 650.00 47.75 0.5 0.5
55.00 650.00 42.08 0.5 0.5
60.00 650.00 35.19 0.5 0.5
65.00 650.00 42.07 0.5 0.5
70.00 650.00 46.67 0.5 0.5
75.00 650.00 49.33 0.5 0.5
80.00 650.00 51.00 0.5 0.5
85.00 650.00 52.04 0.5 0.5
90.00 650.00 52.64 0.5 0.5
95.00 650.00 52.89 0.5 0.5
100.00 650.00 52.87 0.5 0.5
105.00 650.00 52.63 0.5 0.5
110.00 650.00 52.22 0.5 0.5
115.00 650.00 51.60 0.5 0.5
120.00 650.00 50.66 0.5 0.5
125.00 650.00 49.22 0.5 0.5
130.00 650.00 47.00 0.5 0.5
135.00 650.00 43.61 0.5 0.5
140.00 650.00 39.67 1.0 0.0
145.00 650.00 41.24 1.0 0.0
150.00 650.00 45.34 1.0 0.0
155.00 650.00 47.86 1.0 0.0
160.00 650.00 48.74 1.0 0.0
165.00 650.00 48.07 1.0 0.0
170.00 650.00 46.14 1.0 0.0
175.00 650.00 44.60 1.0 0.0
180.00 650.00 46.54 1.0 0.0
0.00 660.00 46.67 0.0 1.0
5.00 660.00 47.92 0.0 1.0
10.00 660.00 51.50 0.0 1.0
15.00 660.00 54.20 0.0 1.0
20.00 660.00 55.74 0.0 1.0
25.00 660.00 56.13 0.0 1.0
30.00 660.00 55.45 0.0 1.0
35.00 660.00 53.84 0.0 1.0
40.00 660.00 51.53 0.0 1.0
45.00 660.00 48.74 0.5 0.5
50.00 660.00 45.27 0.5 0.5
55.00 660.00 39.97 0.5 0.5
60.00 660.00 36.18 0.5 0.5
65.00 660.00 42.85 0.5 0.5
70.00 660.00 47.27 0.5 0.5
75.00 660.00 49.93 0.5 0.5
80.00 660.00 51.60 0.5 0.5
85.00 660.00 52.60 0.5 0.5
90.00 660.00 53.09 0.5 0.5
95.00 660.00 53.13 0.5 0.5
100.00 660.00 52.74 0.5 0.5
105.00 660.00 51.92 0.5 0.5
110.00 660.00 50.60 0.5 0.5
115.00 660.00 48.65 0.5 0.5
120.00 660.00 45.95 0.5 0.5
125.00 660.00 42.64 0.5 0.5
130.00 660.00 39.63 0.5 0.5
135.00 660.00 37.19 0.5 0.5
140.00 660.00 33.27 1.0 0.0
145.00 660.00 37.48 1.0 0.0
150.00 660.00 44.78 1.0 0.0
155.00 660.00 49.06 1.0 0.0
160.00 660.00 51.07 1.0 0.0
165.00 660.00 51.04 1.0 0.0
170.00 660.00 48.95 1.0 0.0
175.00 660.00 45.44 1.0 0.0
180.00 660.00 46.54 1.0 0.0
0.00 670.00 46.67 0.0 1.0
5.00 670.00 48.93 0.0 1.0
10.00 670.00 53.17 0.0 1.0
15.00 670.00 55.58 0.0 1.0
20.00 670.00 56.23 0.0 1.0
25.00 670.00 55.32 0.0 1.0
30.00 670.00 53.40 0.0 1.0
35.00 670.00 51.72 0.0 1.0
40.00 670.00 50.74 0.0 1.0
45.00 670.00 49.31 0.5 0.5
50.00 670.00 46.73 0.5 0.5
55.00 670.00 43.18 0.5 0.5
60.00 670.00 39.98 0.5 0.5
65.00 670.00 39.94 0.5 0.5
70.00 670.00 43.27 0.5 0.5
75.00 670.00 46.80 0.5 0.5
80.00 670.00 49.38 0.5 0.5
85.00 670.00 51.01 0.5 0.5
90.00 670.00 51.82 0.5 0.5
95.00 670.00 51.93 0.5 0.5
100.00 670.00 51.43 0.5 0.5
105.00 670.00 50.46 0.5 0.5
110.00 670.00 49.23 0.5 0.5
115.00 670.00 47.98 0.5 0.5
120.00 670.00 46.62 0.5 0.5
125.00 670.00 44.57 0.5 0.5
130.00 670.00 40.96 0.5 0.5
135.00 670.00 35.96 0.5 0.5
140.00 670.00 34.69 1.0 0.0
145.00 670.00 34.02 1.0 0.0
150.00 670.00 40.22 1.0 0.0
155.00 670.00 47.66 1.0 0.0
160.00 670.00 51.59 1.0 0.0
165.00 670.00 52.67 1.0 0.0
170.00 670.00 51.03 1.0 0.0
175.00 670.00 46.67 1.0 0.0
180.00 670.00 46.54 1.0 0.0
0.00 680.00 46.67 0.0 1.0
5.00 680.00 49.81 0.0 1.0
10.00 680.00 54.20 0.0 1.0
15.00 680.00 55.97 0.0 1.0
20.00 680.00 55.41 0.0 1.0
25.00 680.00 53.36 0.0 1.0
30.00 680.00 52.29 0.0 1.0
35.00 680.00 52.32 0.0 1.0
40.00 680.00 51.51 0.0 1.0
45.00 680.00 50.45 0.5 0.5
50.00 680.00 50.30 0.5 0.5
55.00 680.00 49.89 0.5 0.5
60.00 680.00 47.82 0.5 0.5
65.00 680.00 43.33 0.5 0.5
70.00 680.00 42.52 0.5 0.5
75.00 680.00 48.03 0.5 0.5
80.00 680.00 51.60 0.5 0.5
85.00 680.00 53.67 0.5 0.5
90.00 680.00 54.77 0.5 0.5
95.00 680.00 55.16 0.5 0.5
100.00 680.00 54.90 0.5 0.5
105.00 680.00 53.96 0.5 0.5
110.00 680.00 52.17 0.5 0.5
115.00 680.00 49.20 0.5 0.5
120.00 680.00 44.46 0.5 0.5
125.00 680.00 37.63 0.5 0.5
130.00 680.00 31.57 0.5 0.5
135.00 680.00 30.09 0.5 0.5
140.00 680.00 38.89 1.0 0.0
145.00 680.00 42.83 1.0 0.0
150.00 680.00 42.84 1.0 0.0
155.00 680.00 45.50 1.0 0.0
160.00 680.00 51.07 1.0 0.0
165.00 680.00 53.48 1.0 0.0
170.00 680.00 52.49 1.0 0.0
175.00 680.00 47.86 1.0 0.0
180.00 680.00 46.54 1.0 0.0
0.00 690.00 46.67 0.0 1.0
5.00 690.00 50.46 0.0 1.0
10.00 690.00 54.74 0.0 1.0
15.00 690.00 55.70 0.0 1.0
20.00 690.00 53.98 0.0 1.0
25.00 690.00 52.26 0.0 1.0
30.00 690.00 52.70 0.0 1.0
35.00 690.00 52.32 0.0 1.0
40.00 690.00 52.14 0.0 1.0
45.00 690.00 53.42 0.5 0.5
50.00 690.00 54.00 0.5 0.5
55.00 690.00 53.12 0.5 0.5
60.00 690.00 51.16 0.5 0.5
65.00 690.00 48.76 0.5 0.5
70.00 690.00 46.63 0.5 0.5
75.00 690.00 45.65 0.5 0.5
80.00 690.00 46.42 0.5 0.5
85.00 690.00 48.04 0.5 0.5
90.00 690.00 49.46 0.5 0.5
95.00 690.00 50.34 0.5 0.5
100.00 690.00 50.60 0.5 0.5
105.00 690.00 50.18 0.5 0.5
110.00 690.00 48.92 0.5 0.5
115.00 690.00 46.46 0.5 0.5
120.00 690.00 42.39 0.5 0.5
125.00 690.00 39.81 0.5 0.5
130.00 690.00 42.06 0.5 0.5
135.00 690.00 42.21 0.5 0.5
140.00 690.00 41.34 1.0 0.0
145.00 690.00 45.09 1.0 0.0
150.00 690.00 47.09 1.0 0.0
155.00 690.00 46.42 1.0 0.0
160.00 690.00 50.34 1.0 0.0
165.00 690.00 53.85 1.0 0.0
170.00 690.00 53.50 1.0 0.0
175.00 690.00 48.85 1.0 0.0
180.00 690.00 46.54 1.0 0.0
0.00 700.00 46.67 0.0 1.0
5.00 700.00 50.89 0.0 1.0
10.00 700.00 54.92 0.0 1.0
15.00 700.00 55.10 0.0 1.0
20.00 700.00 52.65 0.0 1.0
25.00 700.00 52.10 0.0 1.0
30.00 700.00 52.44 0.0 1.0
35.00 700.00 52.04 0.0 1.0
40.00 700.00 53.69 0.0 1.0
45.00 700.00 55.09 0.5 0.5
50.00 700.00 55.20 0.5 0.5
55.00 700.00 54.90 0.5 0.5
60.00 700.00 54.47 0.5 0.5
65.00 700.00 53.31 0.5 0.5
70.00 700.00 51.01 0.5 0.5
75.00 700.00 47.70 0.5 0.5
80.00 700.00 44.76 0.5 0.5
85.00 700.00 44.16 0.5 0.5
90.00 700.00 44.67 0.5 0.5
95.00 700.00 44.83 0.5 0.5
100.00 700.00 44.36 0.5 0.5
105.00 700.00 43.21 0.5 0.5
110.00 700.00 41.84 0.5 0.5
115.00 700.00 41.86 0.5 0.5
120.00 700.00 43.78 0.5 0.5
125.00 700.00 46.30 0.5 0.5
130.00 700.00 48.41 0.5 0.5
135.00 700.00 49.06 0.5 0.5
140.00 700.00 47.68 1.0 0.0
145.00 700.00 47.13 1.0 0.0
150.00 700.00 49.19 1.0 0.0
155.00 700.00 48.72 1.0 0.0
160.00 700.00 50.12 1.0 0.0
165.00 700.00 54.07 1.0 0.0
170.00 700.00 54.21 1.0 0.0
175.00 700.00 49.60 1.0 0.0
180.00 700.00 46.54 1.0 0.0
0.00 710.00 46.67 0.0 1.0
5.00 710.00 51.09 0.0 1.0
10.00 710.00 54.86 0.0 1.0
15.00 710.00 54.44 0.0 1.0
20.00 710.00 51.71 0.0 1.0
25.00 710.00 51.80 0.0 1.0
30.00 710.00 51.66 0.0 1.0
35.00 710.00 51.94 0.0 1.0
40.00 710.00 54.04 0.0 1.0
45.00 710.00 55.08 0.5 0.5
50.00 710.00 55.54 0.5 0.5
55.00 710.00 55.85 0.5 0.5
60.00 710.00 55.30 0.5 0.5
65.00 710.00 53.40 0.5 0.5
70.00 710.00 50.19 0.5 0.5
75.00 710.00 46.22 0.5 0.5
80.00 710.00 42.79 0.5 0.5
85.00 710.00 40.56 0.5 0.5
90.00 710.00 39.16 0.5 0.5
95.00 710.00 39.66 0.5 0.5
100.00 710.00 41.89 0.5 0.5
105.00 710.00 44.50 0.5 0.5
110.00 710.00 47.16 0.5 0.5
115.00 710.00 49.48 0.5 0.5
120.00 710.00 51.02 0.5 0.5
125.00 710.00 51.75 0.5 0.5
130.00 710.00 52.12 0.5 0.5
135.00 710.00 52.22 0.5 0.5
140.00 710.00 51.16 1.0 0.0
145.00 710.00 49.58 1.0 0.0
150.00 710.00 50.63 1.0 0.0
155.00 710.00 50.38 1.0 0.0
160.00 710.00 50.48 1.0 0.0
165.00 710.00 54.35 1.0 0.0
170.00 710.00 54.72 1.0 0.0
175.00 710.00 50.11 1.0 0.0
180.00 710.00 46.54 1.0 0.0
0.00 720.00 46.67 0.0 1.0
5.00 720.00 51.08 0.0 1.0
10.00 720.00 54.64 0.0 1.0
15.00 720.00 53.88 0.0 1.0
20.00 720.00 50.98 0.0 1.0
25.00 720.00 51.12 0.0 1.0
30.00 720.00 50.69 0.0 1.0
35.00 720.00 51.07 0.0 1.0
40.00 720.00 53.07 0.0 1.0
45.00 720.00 54.15 0.5 0.5
50.00 720.00 54.78 0.5 0.5
55.00 720.00 54.87 0.5 0.5
60.00 720.00 53.89 0.5 0.5
65.00 720.00 51.81 0.5 0.5
70.00 720.00 49.03 0.5 0.5
75.00 720.00 46.00 0.5 0.5
80.00 720.00 42.65 0.5 0.5
85.00 720.00 38.49 0.5 0.5
90.00 720.00 35.60 0.5 0.5
95.00 720.00 38.77 0.5 0.5
100.00 720.00 42.86 0.5 0.5
105.00 720.00 46.61 0.5 0.5
110.00 720.00 50.03 0.5 0.5
115.00 720.00 52.72 0.5 0.5
120.00 720.00 54.39 0.5 0.5
125.00 720.00 55.00 0.5 0.5
130.00 720.00 54.84 0.5 0.5
135.00 720.00 54.28 0.5 0.5
140.00 720.00 52.92 1.0 0.0
145.00 720.00 51.22 1.0 0.0
150.00 720.00 51.81 1.0 0.0
155.00 720.00 51.36 1.0 0.0
160.00 720.00 51.13 1.0 0.0
165.00 720.00 54.77 1.0 0.0
170.00 720.00 55.08 1.0 0.0
175.00 720.00 50.38 1.0 0.0
180.00 720.00 46.54 1.0 0.0
