    0.00      0.00     -2.65  -150.98    -2.65      0.0000     -0.00 LINEAR  1.8660E-01    147.06  7.1480E-09    -10.38
    5.00      0.00     -3.66   -22.56    -3.61      0.0156     -6.41 RIGHT   1.6607E-01    148.28  1.8842E-02    -23.70
   10.00      0.00     -7.12   -17.52    -6.74      0.0025    -16.80 RIGHT   1.1152E-01    154.46  3.3682E-02    -25.02
   15.00      0.00    -14.13   -15.71   -11.84      0.3147    -38.67 LEFT    4.9762E-02   -171.91  4.1493E-02    -27.51
   20.00      0.00    -11.81   -15.80   -10.35      0.5146     21.18 LEFT    6.4975E-02    -96.11  4.1044E-02    -31.81
   25.00      0.00     -7.20   -17.59    -6.82      0.2099     12.31 LEFT    1.1045E-01    -86.12  3.3402E-02    -39.61
   30.00      0.00     -5.60   -21.17    -5.49      0.1096      7.15 LEFT    1.3279E-01    -97.79  2.2118E-02    -55.88
   35.00      0.00     -4.67   -25.48    -4.64      0.0468      4.47 LEFT    1.4781E-01   -124.32  1.3471E-02    -93.19
   40.00      0.00     -2.31   -26.32    -2.30      0.0166      3.48 LEFT    1.9397E-01   -154.78  1.2236E-02   -139.47
   45.00      0.00      0.63   -27.59     0.63      0.0088      2.17 LEFT    2.7211E-01   -175.47  1.0561E-02   -162.38
   50.00      0.00      2.75   -41.27     2.75      0.0017      0.35 LEFT    3.4758E-01    172.03  2.1866E-03   -172.75
   55.00      0.00      3.74   -26.02     3.75      0.0102     -1.77 RIGHT   3.8951E-01    163.26  1.2653E-02      1.65
   60.00      0.00      3.59   -18.38     3.62      0.0307     -4.21 RIGHT   3.8279E-01    155.44  3.0515E-02     -1.78
   65.00      0.00      2.32   -14.70     2.40      0.0684     -7.03 RIGHT   3.3053E-01    146.46  4.6597E-02     -4.03
   70.00      0.00     -0.03   -13.06     0.18      0.1414     -9.79 RIGHT   2.5228E-01    133.73  5.6269E-02     -5.53
   75.00      0.00     -3.10   -13.05    -2.68      0.2661     -9.91 RIGHT   1.7715E-01    114.13  5.6331E-02     -6.50
   80.00      0.00     -6.10   -14.86    -5.56      0.3624     -2.51 RIGHT   1.2535E-01     88.94  4.5757E-02     -7.05
   85.00      0.00    -10.01   -19.81    -9.58      0.3119      4.94 RIGHT   7.9940E-02     68.80  2.5865E-02     -7.25
   90.00      0.00   -999.99  -999.99  -999.99      0.0000      0.00         6.4222E-12   -119.96  1.5996E-12    172.87
    0.00     10.00     -2.78   -17.86    -2.65      0.0000    -10.00 LINEAR  1.8376E-01    147.06  3.2403E-02    -32.94
