# Radiation Pattern Data
# Generated from: vw-2meter_34.out
# Frequency: 146.0 MHz
# Format: Theta Phi Gain_dBi Phase_deg
# Theta: elevation angle (0-180 degrees)
# Phi: azimuth angle (0-360 degrees)
0.0 0.0 0.27 -88.7
5.0 0.0 0.39 78.9
10.0 0.0 0.74 83.0
15.0 0.0 0.82 -34.2
20.0 0.0 0.50 -21.8
25.0 0.0 0.21 -17.1
30.0 0.0 0.05 -10.2
35.0 0.0 0.18 1.3
40.0 0.0 0.12 9.6
45.0 0.0 0.04 8.3
50.0 0.0 0.06 4.7
55.0 0.0 0.12 5.0
60.0 0.0 0.13 8.2
65.0 0.0 0.09 10.7
70.0 0.0 0.03 11.3
75.0 0.0 0.02 10.5
80.0 0.0 0.05 9.0
85.0 0.0 0.07 7.6
90.0 0.0 0.00 0.0
0.0 10.0 0.27 81.3
5.0 10.0 0.27 69.9
10.0 10.0 0.67 74.0
15.0 10.0 0.79 -30.5
20.0 10.0 0.42 -20.7
25.0 10.0 0.16 -17.0
30.0 10.0 0.04 -13.0
35.0 10.0 0.20 -6.1
40.0 10.0 0.22 4.5
45.0 10.0 0.10 7.7
50.0 10.0 0.10 3.5
55.0 10.0 0.16 4.7
60.0 10.0 0.17 9.5
65.0 10.0 0.11 13.3
70.0 10.0 0.04 14.6
75.0 10.0 0.03 14.1
80.0 10.0 0.09 12.5
85.0 10.0 0.12 10.7
90.0 10.0 0.00 0.0
0.0 20.0 0.27 71.3
5.0 20.0 0.14 61.6
10.0 20.0 0.56 65.3
15.0 20.0 0.80 -30.3
20.0 20.0 0.37 -23.9
25.0 20.0 0.12 -22.5
30.0 20.0 0.07 -21.6
35.0 20.0 0.24 -19.1
40.0 20.0 0.37 -11.1
45.0 20.0 0.33 0.1
50.0 20.0 0.27 -1.6
55.0 20.0 0.36 1.8
60.0 20.0 0.36 12.0
65.0 20.0 0.26 19.5
70.0 20.0 0.13 22.7
75.0 20.0 0.01 23.2
80.0 20.0 0.08 22.1
85.0 20.0 0.14 20.3
90.0 20.0 0.00 0.0
0.0 30.0 0.27 61.3
5.0 30.0 0.00 54.0
10.0 30.0 0.41 57.6
15.0 30.0 0.90 -25.8
20.0 30.0 0.38 -27.8
25.0 30.0 0.10 -28.8
30.0 30.0 0.10 -30.6
35.0 30.0 0.28 -32.3
40.0 30.0 0.47 -31.3
45.0 30.0 0.62 -18.9
50.0 30.0 0.58 -9.6
55.0 30.0 0.67 -4.1
60.0 30.0 0.67 18.2
65.0 30.0 0.50 30.1
70.0 30.0 0.33 33.2
75.0 30.0 0.19 33.6
80.0 30.0 0.08 32.9
85.0 30.0 0.01 31.6
90.0 30.0 0.00 0.0
0.0 40.0 0.27 51.3
5.0 40.0 0.14 47.5
10.0 40.0 0.22 51.5
15.0 40.0 0.81 43.2
20.0 40.0 0.47 -28.9
25.0 40.0 0.12 -32.4
30.0 40.0 0.13 -35.9
35.0 40.0 0.35 -40.0
40.0 40.0 0.59 -44.0
45.0 40.0 0.87 -29.4
50.0 40.0 0.72 4.3
55.0 40.0 0.70 -1.3
60.0 40.0 0.78 14.3
65.0 40.0 0.66 33.2
70.0 40.0 0.50 37.2
75.0 40.0 0.36 37.5
80.0 40.0 0.25 36.7
85.0 40.0 0.17 35.6
90.0 40.0 0.00 0.0
0.0 50.0 0.27 41.3
5.0 50.0 0.29 42.2
10.0 50.0 0.01 47.2
15.0 50.0 0.47 45.2
20.0 50.0 0.72 -15.0
25.0 50.0 0.27 -30.2
30.0 50.0 0.06 -33.6
35.0 50.0 0.36 -35.1
40.0 50.0 0.68 -28.3
45.0 50.0 0.67 12.5
50.0 50.0 0.37 12.2
55.0 50.0 0.28 -0.1
60.0 50.0 0.39 -7.3
65.0 50.0 0.53 -4.0
70.0 50.0 0.58 7.4
75.0 50.0 0.52 17.1
80.0 50.0 0.44 21.7
85.0 50.0 0.36 23.4
90.0 50.0 0.00 0.0
0.0 60.0 0.27 31.3
5.0 60.0 0.42 39.1
10.0 60.0 0.18 44.8
15.0 60.0 0.15 44.7
20.0 60.0 0.53 35.8
25.0 60.0 0.63 -8.8
30.0 60.0 0.27 -23.3
35.0 60.0 0.04 -22.6
40.0 60.0 0.26 -12.3
45.0 60.0 0.22 3.5
50.0 60.0 0.02 7.0
55.0 60.0 0.19 -2.9
60.0 60.0 0.15 -15.8
65.0 60.0 0.00 -21.8
70.0 60.0 0.15 -22.1
75.0 60.0 0.25 -19.2
80.0 60.0 0.32 -14.8
85.0 60.0 0.34 -10.5
90.0 60.0 0.00 0.0
0.0 70.0 0.27 21.3
5.0 70.0 0.53 38.8
10.0 70.0 0.33 44.3
15.0 70.0 0.10 44.3
20.0 70.0 0.13 42.2
25.0 70.0 0.37 36.5
30.0 70.0 0.55 20.6
35.0 70.0 0.49 0.1
40.0 70.0 0.30 -3.9
45.0 70.0 0.22 1.9
50.0 70.0 0.32 7.4
55.0 70.0 0.49 3.3
60.0 70.0 0.55 -14.0
65.0 70.0 0.41 -25.8
70.0 70.0 0.25 -28.6
75.0 70.0 0.12 -28.0
80.0 70.0 0.03 -26.3
85.0 70.0 0.03 -24.3
90.0 70.0 0.00 0.0
0.0 80.0 0.27 11.3
5.0 80.0 0.58 41.1
10.0 80.0 0.42 45.5
15.0 80.0 0.28 44.6
20.0 80.0 0.14 43.3
25.0 80.0 0.01 41.9
30.0 80.0 0.12 40.0
35.0 80.0 0.24 36.9
40.0 80.0 0.34 31.7
45.0 80.0 0.39 26.0
50.0 80.0 0.42 24.0
55.0 80.0 0.52 22.5
60.0 80.0 0.65 10.0
65.0 80.0 0.60 -9.3
70.0 80.0 0.45 -16.5
75.0 80.0 0.33 -18.0
80.0 80.0 0.24 -17.8
85.0 80.0 0.18 -17.2
90.0 80.0 0.00 0.0
0.0 90.0 0.27 1.3
5.0 90.0 0.57 43.0
10.0 90.0 0.45 46.9
15.0 90.0 0.38 46.4
20.0 90.0 0.33 45.8
25.0 90.0 0.27 45.6
30.0 90.0 0.21 46.0
35.0 90.0 0.14 47.0
40.0 90.0 0.05 48.9
45.0 90.0 0.10 52.0
50.0 90.0 0.39 53.5
55.0 90.0 0.64 26.2
60.0 90.0 0.47 10.1
65.0 90.0 0.38 6.0
70.0 90.0 0.32 3.0
75.0 90.0 0.28 0.7
80.0 90.0 0.24 -1.0
85.0 90.0 0.21 -2.3
90.0 90.0 0.00 0.0
0.0 100.0 0.27 -8.7
5.0 100.0 0.52 41.8
10.0 100.0 0.42 46.4
15.0 100.0 0.40 48.3
20.0 100.0 0.39 50.6
25.0 100.0 0.37 53.9
30.0 100.0 0.33 58.1
35.0 100.0 0.24 63.6
40.0 100.0 0.08 70.7
45.0 100.0 0.25 81.9
50.0 100.0 0.71 -48.6
55.0 100.0 0.31 -9.1
60.0 100.0 0.13 0.3
65.0 100.0 0.08 4.7
70.0 100.0 0.07 6.3
75.0 100.0 0.08 6.3
80.0 100.0 0.09 5.7
85.0 100.0 0.09 4.9
90.0 100.0 0.00 0.0
0.0 110.0 0.27 -18.7
5.0 110.0 0.45 37.6
10.0 110.0 0.36 43.0
15.0 110.0 0.35 47.3
20.0 110.0 0.33 52.5
25.0 110.0 0.28 58.3
30.0 110.0 0.17 64.2
35.0 110.0 0.02 70.2
40.0 110.0 0.34 79.5
45.0 110.0 0.67 -57.0
50.0 110.0 0.28 -24.7
55.0 110.0 0.00 -15.4
60.0 110.0 0.13 -8.0
65.0 110.0 0.17 -1.9
70.0 110.0 0.16 2.3
75.0 110.0 0.13 4.6
80.0 110.0 0.10 5.6
85.0 110.0 0.08 5.9
90.0 110.0 0.00 0.0
0.0 120.0 0.27 -28.7
5.0 120.0 0.38 31.5
10.0 120.0 0.28 37.2
15.0 120.0 0.26 42.4
20.0 120.0 0.21 48.1
25.0 120.0 0.11 53.5
30.0 120.0 0.07 58.0
35.0 120.0 0.39 62.6
40.0 120.0 0.89 -62.1
45.0 120.0 0.33 -30.1
50.0 120.0 0.01 -25.7
55.0 120.0 0.19 -20.4
60.0 120.0 0.29 -13.2
65.0 120.0 0.31 -5.7
70.0 120.0 0.28 -0.4
75.0 120.0 0.23 2.5
80.0 120.0 0.18 3.9
85.0 120.0 0.15 4.6
90.0 120.0 0.00 0.0
0.0 130.0 0.27 -38.7
5.0 130.0 0.30 24.0
10.0 130.0 0.19 29.5
15.0 130.0 0.15 34.5
20.0 130.0 0.07 39.3
25.0 130.0 0.07 42.8
30.0 130.0 0.32 43.9
35.0 130.0 0.80 28.3
40.0 130.0 0.41 -32.9
45.0 130.0 0.01 -33.3
50.0 130.0 0.26 -28.2
55.0 130.0 0.40 -16.6
60.0 130.0 0.37 -3.2
65.0 130.0 0.25 2.9
70.0 130.0 0.15 3.7
75.0 130.0 0.09 2.7
80.0 130.0 0.06 1.7
85.0 130.0 0.05 1.2
90.0 130.0 0.00 0.0
0.0 140.0 0.27 -48.7
5.0 140.0 0.22 15.9
10.0 140.0 0.09 20.7
15.0 140.0 0.03 24.9
20.0 140.0 0.06 28.4
25.0 140.0 0.23 29.7
30.0 140.0 0.51 24.3
35.0 140.0 0.64 -25.7
40.0 140.0 0.14 -40.8
45.0 140.0 0.28 -38.4
50.0 140.0 0.58 -17.2
55.0 140.0 0.41 9.7
60.0 140.0 0.15 13.5
65.0 140.0 0.03 9.6
70.0 140.0 0.10 3.9
75.0 140.0 0.10 -0.4
80.0 140.0 0.08 -2.8
85.0 140.0 0.06 -3.7
90.0 140.0 0.00 0.0
0.0 150.0 0.27 -58.7
5.0 150.0 0.14 7.3
10.0 150.0 0.03 11.6
15.0 150.0 0.11 15.0
20.0 150.0 0.20 17.7
25.0 150.0 0.34 17.9
30.0 150.0 0.57 8.3
35.0 150.0 0.52 -32.1
40.0 150.0 0.03 -42.0
45.0 150.0 0.56 -25.1
50.0 150.0 0.42 12.6
55.0 150.0 0.13 16.7
60.0 150.0 0.05 13.0
65.0 150.0 0.14 6.4
70.0 150.0 0.14 0.4
75.0 150.0 0.11 -3.1
80.0 150.0 0.07 -4.5
85.0 150.0 0.04 -4.8
90.0 150.0 0.00 0.0
0.0 160.0 0.27 -68.7
5.0 160.0 0.05 -1.0
10.0 160.0 0.17 3.1
15.0 160.0 0.26 6.4
20.0 160.0 0.32 9.5
25.0 160.0 0.40 10.6
30.0 160.0 0.50 4.0
35.0 160.0 0.41 -19.5
40.0 160.0 0.12 -24.7
45.0 160.0 0.34 0.7
50.0 160.0 0.16 10.7
55.0 160.0 0.02 9.9
60.0 160.0 0.05 5.8
65.0 160.0 0.06 1.2
70.0 160.0 0.03 -1.9
75.0 160.0 0.01 -3.0
80.0 160.0 0.03 -2.9
85.0 160.0 0.05 -2.3
90.0 160.0 0.00 0.0
0.0 170.0 0.27 -78.7
5.0 170.0 0.06 -8.6
10.0 170.0 0.35 -2.5
15.0 170.0 0.43 2.4
20.0 170.0 0.44 6.6
25.0 170.0 0.42 8.0
30.0 170.0 0.37 4.6
35.0 170.0 0.24 -3.5
40.0 170.0 0.00 -4.3
45.0 170.0 0.08 2.4
50.0 170.0 0.05 4.0
55.0 170.0 0.03 2.2
60.0 170.0 0.03 -0.2
65.0 170.0 0.06 -1.7
70.0 170.0 0.09 -1.9
75.0 170.0 0.11 -1.0
80.0 170.0 0.12 0.1
85.0 170.0 0.11 1.1
90.0 170.0 0.00 0.0
0.0 180.0 0.27 -88.7
5.0 180.0 0.17 -13.9
10.0 180.0 0.53 2.5
15.0 180.0 0.56 12.2
20.0 180.0 0.51 13.0
25.0 180.0 0.43 9.2
30.0 180.0 0.31 4.5
35.0 180.0 0.17 1.5
40.0 180.0 0.05 1.3
45.0 180.0 0.00 1.9
50.0 180.0 0.02 0.8
55.0 180.0 0.05 -1.0
60.0 180.0 0.09 -2.0
65.0 180.0 0.12 -1.7
70.0 180.0 0.14 -0.6
75.0 180.0 0.14 0.8
80.0 180.0 0.14 1.9
85.0 180.0 0.12 2.7
90.0 180.0 0.00 0.0
0.0 190.0 0.27 81.3
5.0 190.0 0.26 -13.6
10.0 190.0 0.42 20.0
15.0 190.0 0.38 27.2
20.0 190.0 0.41 25.8
25.0 190.0 0.45 16.0
30.0 190.0 0.36 2.6
35.0 190.0 0.17 -3.2
40.0 190.0 0.01 -2.9
45.0 190.0 0.08 1.0
50.0 190.0 0.07 4.1
55.0 190.0 0.03 2.9
60.0 190.0 0.04 0.1
65.0 190.0 0.07 -1.1
70.0 190.0 0.10 -0.8
75.0 190.0 0.11 0.0
80.0 190.0 0.11 0.9
85.0 190.0 0.10 1.7
90.0 190.0 0.00 0.0
0.0 200.0 0.27 71.3
5.0 200.0 0.17 -8.5
10.0 200.0 0.07 19.8
15.0 200.0 0.02 26.2
20.0 200.0 0.11 31.0
25.0 200.0 0.35 28.8
30.0 200.0 0.50 4.9
35.0 200.0 0.25 -12.2
40.0 200.0 0.02 -13.3
45.0 200.0 0.23 -5.2
50.0 200.0 0.21 9.0
55.0 200.0 0.02 12.2
60.0 200.0 0.09 5.6
65.0 200.0 0.07 -0.2
70.0 200.0 0.02 -2.5
75.0 200.0 0.02 -2.7
80.0 200.0 0.05 -2.2
85.0 200.0 0.06 -1.5
90.0 200.0 0.00 0.0
0.0 210.0 0.27 61.3
5.0 210.0 0.13 -13.6
10.0 210.0 0.30 7.8
15.0 210.0 0.37 17.2
20.0 210.0 0.27 30.1
25.0 210.0 0.05 36.4
30.0 210.0 0.50 27.6
35.0 210.0 0.49 -18.7
40.0 210.0 0.06 -27.0
45.0 210.0 0.31 -20.2
50.0 210.0 0.41 5.9
55.0 210.0 0.13 17.4
60.0 210.0 0.09 12.6
65.0 210.0 0.16 4.1
70.0 210.0 0.13 -1.5
75.0 210.0 0.08 -3.9
80.0 210.0 0.04 -4.5
85.0 210.0 0.02 -4.5
90.0 210.0 0.00 0.0
0.0 220.0 0.27 51.3
5.0 220.0 0.38 -36.8
10.0 220.0 0.59 -18.2
15.0 220.0 0.76 -7.6
20.0 220.0 0.70 33.3
25.0 220.0 0.32 41.6
30.0 220.0 0.12 40.7
35.0 220.0 0.70 28.6
40.0 220.0 0.40 -38.8
45.0 220.0 0.15 -39.0
50.0 220.0 0.56 -17.0
55.0 220.0 0.35 12.2
60.0 220.0 0.08 13.0
65.0 220.0 0.05 7.9
70.0 220.0 0.09 2.6
75.0 220.0 0.08 -0.8
80.0 220.0 0.07 -2.6
85.0 220.0 0.05 -3.4
90.0 220.0 0.00 0.0
0.0 230.0 0.27 41.3
5.0 230.0 0.34 -64.8
10.0 230.0 0.57 -55.6
15.0 230.0 0.67 -65.6
20.0 230.0 0.72 86.2
25.0 230.0 0.53 59.7
30.0 230.0 0.23 49.2
35.0 230.0 0.15 44.6
40.0 230.0 0.72 45.4
45.0 230.0 0.36 -51.5
50.0 230.0 0.25 -45.4
55.0 230.0 0.58 -15.1
60.0 230.0 0.36 4.8
65.0 230.0 0.19 6.3
70.0 230.0 0.10 4.8
75.0 230.0 0.06 3.1
80.0 230.0 0.04 1.9
85.0 230.0 0.03 1.4
90.0 230.0 0.00 0.0
0.0 240.0 0.27 31.3
5.0 240.0 0.19 -83.2
10.0 240.0 0.39 -77.0
15.0 240.0 0.42 -82.0
20.0 240.0 0.42 87.8
25.0 240.0 0.38 74.9
30.0 240.0 0.27 62.7
35.0 240.0 0.08 53.8
40.0 240.0 0.20 48.2
45.0 240.0 0.69 47.4
50.0 240.0 0.42 -47.9
55.0 240.0 0.17 -41.1
60.0 240.0 0.47 -20.7
65.0 240.0 0.41 -1.9
70.0 240.0 0.29 3.8
75.0 240.0 0.21 5.3
80.0 240.0 0.16 5.7
85.0 240.0 0.13 5.8
90.0 240.0 0.00 0.0
0.0 250.0 0.27 21.3
5.0 250.0 0.04 83.2
10.0 250.0 0.23 89.1
15.0 250.0 0.22 87.4
20.0 250.0 0.19 82.4
25.0 250.0 0.14 75.7
30.0 250.0 0.07 68.2
35.0 250.0 0.03 60.5
40.0 250.0 0.19 52.6
45.0 250.0 0.42 41.7
50.0 250.0 0.62 9.9
55.0 250.0 0.29 -17.6
60.0 250.0 0.07 -17.3
65.0 250.0 0.24 -7.2
70.0 250.0 0.23 1.4
75.0 250.0 0.18 5.3
80.0 250.0 0.13 6.6
85.0 250.0 0.10 7.0
90.0 250.0 0.00 0.0
0.0 260.0 0.27 11.3
5.0 260.0 0.10 71.1
10.0 260.0 0.08 77.4
15.0 260.0 0.06 78.3
20.0 260.0 0.00 76.9
25.0 260.0 0.09 73.7
30.0 260.0 0.19 69.1
35.0 260.0 0.31 62.4
40.0 260.0 0.45 51.4
45.0 260.0 0.53 32.0
50.0 260.0 0.42 12.7
55.0 260.0 0.24 4.9
60.0 260.0 0.09 4.3
65.0 260.0 0.02 6.5
70.0 260.0 0.02 8.2
75.0 260.0 0.04 8.5
80.0 260.0 0.06 7.9
85.0 260.0 0.07 7.0
90.0 260.0 0.00 0.0
0.0 270.0 0.27 1.3
5.0 270.0 0.24 59.6
10.0 270.0 0.06 66.6
15.0 270.0 0.08 69.9
20.0 270.0 0.15 72.4
25.0 270.0 0.26 74.4
30.0 270.0 0.41 76.1
35.0 270.0 0.64 77.0
40.0 270.0 0.96 41.1
45.0 270.0 0.64 -1.0
50.0 270.0 0.42 1.6
55.0 270.0 0.29 4.9
60.0 270.0 0.24 7.2
65.0 270.0 0.23 7.6
70.0 270.0 0.23 6.3
75.0 270.0 0.23 4.2
80.0 270.0 0.21 2.3
85.0 270.0 0.20 0.7
90.0 270.0 0.00 0.0
0.0 280.0 0.27 -8.7
5.0 280.0 0.37 48.1
10.0 280.0 0.21 56.2
15.0 280.0 0.20 61.4
20.0 280.0 0.23 67.5
25.0 280.0 0.29 75.2
30.0 280.0 0.35 85.8
35.0 280.0 0.43 -78.1
40.0 280.0 0.47 -54.9
45.0 280.0 0.45 -31.9
50.0 280.0 0.43 -17.5
55.0 280.0 0.44 -11.9
60.0 280.0 0.43 -12.1
65.0 280.0 0.38 -14.3
70.0 280.0 0.32 -15.9
75.0 280.0 0.25 -16.4
80.0 280.0 0.19 -16.2
85.0 280.0 0.14 -15.8
90.0 280.0 0.00 0.0
0.0 290.0 0.27 -18.7
5.0 290.0 0.51 36.0
10.0 290.0 0.35 46.2
15.0 290.0 0.33 52.4
20.0 290.0 0.31 58.4
25.0 290.0 0.29 63.7
30.0 290.0 0.26 68.7
35.0 290.0 0.22 76.3
40.0 290.0 0.12 -84.2
45.0 290.0 0.29 -47.8
50.0 290.0 0.49 -38.2
55.0 290.0 0.45 -39.0
60.0 290.0 0.33 -38.7
65.0 290.0 0.20 -37.0
70.0 290.0 0.09 -34.4
75.0 290.0 0.00 -31.5
80.0 290.0 0.07 -28.6
85.0 290.0 0.13 -25.8
90.0 290.0 0.00 0.0
0.0 300.0 0.27 -28.7
5.0 300.0 0.65 22.3
10.0 300.0 0.51 36.6
15.0 300.0 0.49 42.9
20.0 300.0 0.49 46.0
25.0 300.0 0.56 44.9
30.0 300.0 0.78 41.5
35.0 300.0 0.76 -52.0
40.0 300.0 0.29 -56.2
45.0 300.0 0.31 -68.9
50.0 300.0 0.08 35.8
55.0 300.0 0.50 -20.5
60.0 300.0 0.15 -35.1
65.0 300.0 0.09 -36.0
70.0 300.0 0.27 -33.2
75.0 300.0 0.39 -27.8
80.0 300.0 0.47 -20.6
85.0 300.0 0.49 -13.4
90.0 300.0 0.00 0.0
0.0 310.0 0.27 -38.7
5.0 310.0 0.78 2.6
10.0 310.0 0.68 27.2
15.0 310.0 0.67 34.0
20.0 310.0 0.77 34.4
25.0 310.0 0.91 -56.9
30.0 310.0 0.51 -63.2
35.0 310.0 0.18 -67.9
40.0 310.0 0.11 -73.5
45.0 310.0 0.46 -84.6
50.0 310.0 0.76 35.4
55.0 310.0 0.48 -6.6
60.0 310.0 0.54 -22.1
65.0 310.0 0.74 -23.2
70.0 310.0 0.85 10.6
75.0 310.0 0.69 30.4
80.0 310.0 0.54 32.9
85.0 310.0 0.43 32.8
90.0 310.0 0.00 0.0
0.0 320.0 0.27 -48.7
5.0 320.0 0.84 -33.5
10.0 320.0 0.84 17.1
15.0 320.0 0.86 24.8
20.0 320.0 0.92 -56.2
25.0 320.0 0.54 -66.2
30.0 320.0 0.18 -72.5
35.0 320.0 0.12 -79.0
40.0 320.0 0.43 -88.9
45.0 320.0 0.75 60.4
50.0 320.0 0.66 9.2
55.0 320.0 0.64 -8.3
60.0 320.0 0.81 -5.9
65.0 320.0 0.77 34.8
70.0 320.0 0.55 41.4
75.0 320.0 0.37 41.0
80.0 320.0 0.23 39.6
85.0 320.0 0.14 38.0
90.0 320.0 0.00 0.0
0.0 330.0 0.27 -58.7
5.0 330.0 0.75 -63.5
10.0 330.0 0.98 -19.2
15.0 330.0 0.97 -35.1
20.0 330.0 0.73 -59.3
25.0 330.0 0.34 -66.8
30.0 330.0 0.07 -74.7
35.0 330.0 0.47 -86.5
40.0 330.0 0.75 48.1
45.0 330.0 0.50 12.7
50.0 330.0 0.39 -0.8
55.0 330.0 0.48 -5.8
60.0 330.0 0.61 5.4
65.0 330.0 0.52 25.0
70.0 330.0 0.32 31.6
75.0 330.0 0.15 32.4
80.0 330.0 0.02 31.1
85.0 330.0 0.07 29.2
90.0 330.0 0.00 0.0
0.0 340.0 0.27 -68.7
5.0 340.0 0.63 -79.5
10.0 340.0 0.89 -78.5
15.0 340.0 0.90 -51.5
20.0 340.0 0.66 -49.7
25.0 340.0 0.24 -54.1
30.0 340.0 0.33 -57.1
35.0 340.0 0.83 -0.5
40.0 340.0 0.39 11.9
45.0 340.0 0.20 5.4
50.0 340.0 0.18 -1.2
55.0 340.0 0.27 -2.1
60.0 340.0 0.34 6.0
65.0 340.0 0.28 16.3
70.0 340.0 0.14 20.9
75.0 340.0 0.00 21.1
80.0 340.0 0.09 19.2
85.0 340.0 0.15 16.8
90.0 340.0 0.00 0.0
0.0 350.0 0.27 -78.7
5.0 350.0 0.51 88.8
10.0 350.0 0.81 -88.3
15.0 350.0 0.86 -43.5
20.0 350.0 0.60 -32.2
25.0 350.0 0.24 -30.3
30.0 350.0 0.18 -21.4
35.0 350.0 0.31 1.2
40.0 350.0 0.15 9.3
45.0 350.0 0.06 6.3
50.0 350.0 0.08 2.2
55.0 350.0 0.15 2.4
60.0 350.0 0.18 7.1
65.0 350.0 0.13 11.8
70.0 350.0 0.05 13.6
75.0 350.0 0.03 12.8
80.0 350.0 0.08 11.1
85.0 350.0 0.11 9.2
90.0 350.0 0.00 0.0
0.0 360.0 0.27 -88.7
5.0 360.0 0.39 78.9
10.0 360.0 0.74 83.0
15.0 360.0 0.82 -34.2
20.0 360.0 0.50 -21.8
25.0 360.0 0.21 -17.1
30.0 360.0 0.05 -10.2
35.0 360.0 0.18 1.3
40.0 360.0 0.12 9.6
45.0 360.0 0.04 8.3
50.0 360.0 0.06 4.7
55.0 360.0 0.12 5.0
60.0 360.0 0.13 8.2
65.0 360.0 0.09 10.7
70.0 360.0 0.03 11.3
75.0 360.0 0.02 10.5
80.0 360.0 0.05 9.0
85.0 360.0 0.07 7.6
90.0 360.0 0.00 0.0
0.0 370.0 0.27 81.3
5.0 370.0 0.27 69.9
10.0 370.0 0.67 74.0
15.0 370.0 0.79 -30.5
20.0 370.0 0.42 -20.7
25.0 370.0 0.16 -17.0
30.0 370.0 0.04 -13.0
35.0 370.0 0.20 -6.1
40.0 370.0 0.22 4.5
45.0 370.0 0.10 7.7
50.0 370.0 0.10 3.5
55.0 370.0 0.16 4.7
60.0 370.0 0.17 9.5
65.0 370.0 0.11 13.3
70.0 370.0 0.04 14.6
75.0 370.0 0.03 14.1
80.0 370.0 0.09 12.5
85.0 370.0 0.12 10.7
90.0 370.0 0.00 0.0
0.0 380.0 0.27 71.3
5.0 380.0 0.14 61.6
10.0 380.0 0.56 65.3
15.0 380.0 0.80 -30.3
20.0 380.0 0.37 -23.9
25.0 380.0 0.12 -22.5
30.0 380.0 0.07 -21.6
35.0 380.0 0.24 -19.1
40.0 380.0 0.37 -11.1
45.0 380.0 0.33 0.1
50.0 380.0 0.27 -1.6
55.0 380.0 0.36 1.8
60.0 380.0 0.36 12.0
65.0 380.0 0.26 19.5
70.0 380.0 0.13 22.7
75.0 380.0 0.01 23.2
80.0 380.0 0.08 22.1
85.0 380.0 0.14 20.3
90.0 380.0 0.00 0.0
0.0 390.0 0.27 61.3
5.0 390.0 0.00 54.0
10.0 390.0 0.41 57.6
15.0 390.0 0.90 -25.8
20.0 390.0 0.38 -27.8
25.0 390.0 0.10 -28.8
30.0 390.0 0.10 -30.6
35.0 390.0 0.28 -32.3
40.0 390.0 0.47 -31.3
45.0 390.0 0.62 -18.9
50.0 390.0 0.58 -9.6
55.0 390.0 0.67 -4.1
60.0 390.0 0.67 18.2
65.0 390.0 0.50 30.1
70.0 390.0 0.33 33.2
75.0 390.0 0.19 33.6
80.0 390.0 0.08 32.9
85.0 390.0 0.01 31.6
90.0 390.0 0.00 0.0
0.0 400.0 0.27 51.3
5.0 400.0 0.14 47.5
10.0 400.0 0.22 51.5
15.0 400.0 0.81 43.2
20.0 400.0 0.47 -28.9
25.0 400.0 0.12 -32.4
30.0 400.0 0.13 -35.9
35.0 400.0 0.35 -40.0
40.0 400.0 0.59 -44.0
45.0 400.0 0.87 -29.4
50.0 400.0 0.72 4.3
55.0 400.0 0.70 -1.3
60.0 400.0 0.78 14.3
65.0 400.0 0.66 33.2
70.0 400.0 0.50 37.2
75.0 400.0 0.36 37.5
80.0 400.0 0.25 36.7
85.0 400.0 0.17 35.6
90.0 400.0 0.00 0.0
0.0 410.0 0.27 41.3
5.0 410.0 0.29 42.2
10.0 410.0 0.01 47.2
15.0 410.0 0.47 45.2
20.0 410.0 0.72 -15.0
25.0 410.0 0.27 -30.2
30.0 410.0 0.06 -33.6
35.0 410.0 0.36 -35.1
40.0 410.0 0.68 -28.3
45.0 410.0 0.67 12.5
50.0 410.0 0.37 12.2
55.0 410.0 0.28 -0.1
60.0 410.0 0.39 -7.3
65.0 410.0 0.53 -4.0
70.0 410.0 0.58 7.4
75.0 410.0 0.52 17.1
80.0 410.0 0.44 21.7
85.0 410.0 0.36 23.4
90.0 410.0 0.00 0.0
0.0 420.0 0.27 31.3
5.0 420.0 0.42 39.1
10.0 420.0 0.18 44.8
15.0 420.0 0.15 44.7
20.0 420.0 0.53 35.8
25.0 420.0 0.63 -8.8
30.0 420.0 0.27 -23.3
35.0 420.0 0.04 -22.6
40.0 420.0 0.26 -12.3
45.0 420.0 0.22 3.5
50.0 420.0 0.02 7.0
55.0 420.0 0.19 -2.9
60.0 420.0 0.15 -15.8
65.0 420.0 0.00 -21.8
70.0 420.0 0.15 -22.1
75.0 420.0 0.25 -19.2
80.0 420.0 0.32 -14.8
85.0 420.0 0.34 -10.5
90.0 420.0 0.00 0.0
0.0 430.0 0.27 21.3
5.0 430.0 0.53 38.8
10.0 430.0 0.33 44.3
15.0 430.0 0.10 44.3
20.0 430.0 0.13 42.2
25.0 430.0 0.37 36.5
30.0 430.0 0.55 20.6
35.0 430.0 0.49 0.1
40.0 430.0 0.30 -3.9
45.0 430.0 0.22 1.9
50.0 430.0 0.32 7.4
55.0 430.0 0.49 3.3
60.0 430.0 0.55 -14.0
65.0 430.0 0.41 -25.8
70.0 430.0 0.25 -28.6
75.0 430.0 0.12 -28.0
80.0 430.0 0.03 -26.3
85.0 430.0 0.03 -24.3
90.0 430.0 0.00 0.0
0.0 440.0 0.27 11.3
5.0 440.0 0.58 41.1
10.0 440.0 0.42 45.5
15.0 440.0 0.28 44.6
20.0 440.0 0.14 43.3
25.0 440.0 0.01 41.9
30.0 440.0 0.12 40.0
35.0 440.0 0.24 36.9
40.0 440.0 0.34 31.7
45.0 440.0 0.39 26.0
50.0 440.0 0.42 24.0
55.0 440.0 0.52 22.5
60.0 440.0 0.65 10.0
65.0 440.0 0.60 -9.3
70.0 440.0 0.45 -16.5
75.0 440.0 0.33 -18.0
80.0 440.0 0.24 -17.8
85.0 440.0 0.18 -17.2
90.0 440.0 0.00 0.0
0.0 450.0 0.27 1.3
5.0 450.0 0.57 43.0
10.0 450.0 0.45 46.9
15.0 450.0 0.38 46.4
20.0 450.0 0.33 45.8
25.0 450.0 0.27 45.6
30.0 450.0 0.21 46.0
35.0 450.0 0.14 47.0
40.0 450.0 0.05 48.9
45.0 450.0 0.10 52.0
50.0 450.0 0.39 53.5
55.0 450.0 0.64 26.2
60.0 450.0 0.47 10.1
65.0 450.0 0.38 6.0
70.0 450.0 0.32 3.0
75.0 450.0 0.28 0.7
80.0 450.0 0.24 -1.0
85.0 450.0 0.21 -2.3
90.0 450.0 0.00 0.0
0.0 460.0 0.27 -8.7
5.0 460.0 0.52 41.8
10.0 460.0 0.42 46.4
15.0 460.0 0.40 48.3
20.0 460.0 0.39 50.6
25.0 460.0 0.37 53.9
30.0 460.0 0.33 58.1
35.0 460.0 0.24 63.6
40.0 460.0 0.08 70.7
45.0 460.0 0.25 81.9
50.0 460.0 0.71 -48.6
55.0 460.0 0.31 -9.1
60.0 460.0 0.13 0.3
65.0 460.0 0.08 4.7
70.0 460.0 0.07 6.3
75.0 460.0 0.08 6.3
80.0 460.0 0.09 5.7
85.0 460.0 0.09 4.9
90.0 460.0 0.00 0.0
0.0 470.0 0.27 -18.7
5.0 470.0 0.45 37.6
10.0 470.0 0.36 43.0
15.0 470.0 0.35 47.3
20.0 470.0 0.33 52.5
25.0 470.0 0.28 58.3
30.0 470.0 0.17 64.2
35.0 470.0 0.02 70.2
40.0 470.0 0.34 79.5
45.0 470.0 0.67 -57.0
50.0 470.0 0.28 -24.7
55.0 470.0 0.00 -15.4
60.0 470.0 0.13 -8.0
65.0 470.0 0.17 -1.9
70.0 470.0 0.16 2.3
75.0 470.0 0.13 4.6
80.0 470.0 0.10 5.6
85.0 470.0 0.08 5.9
90.0 470.0 0.00 0.0
0.0 480.0 0.27 -28.7
5.0 480.0 0.38 31.5
10.0 480.0 0.28 37.2
15.0 480.0 0.26 42.4
20.0 480.0 0.21 48.1
25.0 480.0 0.11 53.5
30.0 480.0 0.07 58.0
35.0 480.0 0.39 62.6
40.0 480.0 0.89 -62.1
45.0 480.0 0.33 -30.1
50.0 480.0 0.01 -25.7
55.0 480.0 0.19 -20.4
60.0 480.0 0.29 -13.2
65.0 480.0 0.31 -5.7
70.0 480.0 0.28 -0.4
75.0 480.0 0.23 2.5
80.0 480.0 0.18 3.9
85.0 480.0 0.15 4.6
90.0 480.0 0.00 0.0
0.0 490.0 0.27 -38.7
5.0 490.0 0.30 24.0
10.0 490.0 0.19 29.5
15.0 490.0 0.15 34.5
20.0 490.0 0.07 39.3
25.0 490.0 0.07 42.8
30.0 490.0 0.32 43.9
35.0 490.0 0.80 28.3
40.0 490.0 0.41 -32.9
45.0 490.0 0.01 -33.3
50.0 490.0 0.26 -28.2
55.0 490.0 0.40 -16.6
60.0 490.0 0.37 -3.2
65.0 490.0 0.25 2.9
70.0 490.0 0.15 3.7
75.0 490.0 0.09 2.7
80.0 490.0 0.06 1.7
85.0 490.0 0.05 1.2
90.0 490.0 0.00 0.0
0.0 500.0 0.27 -48.7
5.0 500.0 0.22 15.9
10.0 500.0 0.09 20.7
15.0 500.0 0.03 24.9
20.0 500.0 0.06 28.4
25.0 500.0 0.23 29.7
30.0 500.0 0.51 24.3
35.0 500.0 0.64 -25.7
40.0 500.0 0.14 -40.8
45.0 500.0 0.28 -38.4
50.0 500.0 0.58 -17.2
55.0 500.0 0.41 9.7
60.0 500.0 0.15 13.5
65.0 500.0 0.03 9.6
70.0 500.0 0.10 3.9
75.0 500.0 0.10 -0.4
80.0 500.0 0.08 -2.8
85.0 500.0 0.06 -3.7
90.0 500.0 0.00 0.0
0.0 510.0 0.27 -58.7
5.0 510.0 0.14 7.3
10.0 510.0 0.03 11.6
15.0 510.0 0.11 15.0
20.0 510.0 0.20 17.7
25.0 510.0 0.34 17.9
30.0 510.0 0.57 8.3
35.0 510.0 0.52 -32.1
40.0 510.0 0.03 -42.0
45.0 510.0 0.56 -25.1
50.0 510.0 0.42 12.6
55.0 510.0 0.13 16.7
60.0 510.0 0.05 13.0
65.0 510.0 0.14 6.4
70.0 510.0 0.14 0.4
75.0 510.0 0.11 -3.1
80.0 510.0 0.07 -4.5
85.0 510.0 0.04 -4.8
90.0 510.0 0.00 0.0
0.0 520.0 0.27 -68.7
5.0 520.0 0.05 -1.0
10.0 520.0 0.17 3.1
15.0 520.0 0.26 6.4
20.0 520.0 0.32 9.5
25.0 520.0 0.40 10.6
30.0 520.0 0.50 4.0
35.0 520.0 0.41 -19.5
40.0 520.0 0.12 -24.7
45.0 520.0 0.34 0.7
50.0 520.0 0.16 10.7
55.0 520.0 0.02 9.9
60.0 520.0 0.05 5.8
65.0 520.0 0.06 1.2
70.0 520.0 0.03 -1.9
75.0 520.0 0.01 -3.0
80.0 520.0 0.03 -2.9
85.0 520.0 0.05 -2.3
90.0 520.0 0.00 0.0
0.0 530.0 0.27 -78.7
5.0 530.0 0.06 -8.6
10.0 530.0 0.35 -2.5
15.0 530.0 0.43 2.4
20.0 530.0 0.44 6.6
25.0 530.0 0.42 8.0
30.0 530.0 0.37 4.6
35.0 530.0 0.24 -3.5
40.0 530.0 0.00 -4.3
45.0 530.0 0.08 2.4
50.0 530.0 0.05 4.0
55.0 530.0 0.03 2.2
60.0 530.0 0.03 -0.2
65.0 530.0 0.06 -1.7
70.0 530.0 0.09 -1.9
75.0 530.0 0.11 -1.0
80.0 530.0 0.12 0.1
85.0 530.0 0.11 1.1
90.0 530.0 0.00 0.0
0.0 540.0 0.27 -88.7
5.0 540.0 0.17 -13.9
10.0 540.0 0.53 2.5
15.0 540.0 0.56 12.2
20.0 540.0 0.51 13.0
25.0 540.0 0.43 9.2
30.0 540.0 0.31 4.5
35.0 540.0 0.17 1.5
40.0 540.0 0.05 1.3
45.0 540.0 0.00 1.9
50.0 540.0 0.02 0.8
55.0 540.0 0.05 -1.0
60.0 540.0 0.09 -2.0
65.0 540.0 0.12 -1.7
70.0 540.0 0.14 -0.6
75.0 540.0 0.14 0.8
80.0 540.0 0.14 1.9
85.0 540.0 0.12 2.7
90.0 540.0 0.00 0.0
0.0 550.0 0.27 81.3
5.0 550.0 0.26 -13.6
10.0 550.0 0.42 20.0
15.0 550.0 0.38 27.2
20.0 550.0 0.41 25.8
25.0 550.0 0.45 16.0
30.0 550.0 0.36 2.6
35.0 550.0 0.17 -3.2
40.0 550.0 0.01 -2.9
45.0 550.0 0.08 1.0
50.0 550.0 0.07 4.1
55.0 550.0 0.03 2.9
60.0 550.0 0.04 0.1
65.0 550.0 0.07 -1.1
70.0 550.0 0.10 -0.8
75.0 550.0 0.11 0.0
80.0 550.0 0.11 0.9
85.0 550.0 0.10 1.7
90.0 550.0 0.00 0.0
0.0 560.0 0.27 71.3
5.0 560.0 0.17 -8.5
10.0 560.0 0.07 19.8
15.0 560.0 0.02 26.2
20.0 560.0 0.11 31.0
25.0 560.0 0.35 28.8
30.0 560.0 0.50 4.9
35.0 560.0 0.25 -12.2
40.0 560.0 0.02 -13.3
45.0 560.0 0.23 -5.2
50.0 560.0 0.21 9.0
55.0 560.0 0.02 12.2
60.0 560.0 0.09 5.6
65.0 560.0 0.07 -0.2
70.0 560.0 0.02 -2.5
75.0 560.0 0.02 -2.7
80.0 560.0 0.05 -2.2
85.0 560.0 0.06 -1.5
90.0 560.0 0.00 0.0
0.0 570.0 0.27 61.3
5.0 570.0 0.13 -13.6
10.0 570.0 0.30 7.8
15.0 570.0 0.37 17.2
20.0 570.0 0.27 30.1
25.0 570.0 0.05 36.4
30.0 570.0 0.50 27.6
35.0 570.0 0.49 -18.7
40.0 570.0 0.06 -27.0
45.0 570.0 0.31 -20.2
50.0 570.0 0.41 5.9
55.0 570.0 0.13 17.4
60.0 570.0 0.09 12.6
65.0 570.0 0.16 4.1
70.0 570.0 0.13 -1.5
75.0 570.0 0.08 -3.9
80.0 570.0 0.04 -4.5
85.0 570.0 0.02 -4.5
90.0 570.0 0.00 0.0
0.0 580.0 0.27 51.3
5.0 580.0 0.38 -36.8
10.0 580.0 0.59 -18.2
15.0 580.0 0.76 -7.6
20.0 580.0 0.70 33.3
25.0 580.0 0.32 41.6
30.0 580.0 0.12 40.7
35.0 580.0 0.70 28.6
40.0 580.0 0.40 -38.8
45.0 580.0 0.15 -39.0
50.0 580.0 0.56 -17.0
55.0 580.0 0.35 12.2
60.0 580.0 0.08 13.0
65.0 580.0 0.05 7.9
70.0 580.0 0.09 2.6
75.0 580.0 0.08 -0.8
80.0 580.0 0.07 -2.6
85.0 580.0 0.05 -3.4
90.0 580.0 0.00 0.0
0.0 590.0 0.27 41.3
5.0 590.0 0.34 -64.8
10.0 590.0 0.57 -55.6
15.0 590.0 0.67 -65.6
20.0 590.0 0.72 86.2
25.0 590.0 0.53 59.7
30.0 590.0 0.23 49.2
35.0 590.0 0.15 44.6
40.0 590.0 0.72 45.4
45.0 590.0 0.36 -51.5
50.0 590.0 0.25 -45.4
55.0 590.0 0.58 -15.1
60.0 590.0 0.36 4.8
65.0 590.0 0.19 6.3
70.0 590.0 0.10 4.8
75.0 590.0 0.06 3.1
80.0 590.0 0.04 1.9
85.0 590.0 0.03 1.4
90.0 590.0 0.00 0.0
0.0 600.0 0.27 31.3
5.0 600.0 0.19 -83.2
10.0 600.0 0.39 -77.0
15.0 600.0 0.42 -82.0
20.0 600.0 0.42 87.8
25.0 600.0 0.38 74.9
30.0 600.0 0.27 62.7
35.0 600.0 0.08 53.8
40.0 600.0 0.20 48.2
45.0 600.0 0.69 47.4
50.0 600.0 0.42 -47.9
55.0 600.0 0.17 -41.1
60.0 600.0 0.47 -20.7
65.0 600.0 0.41 -1.9
70.0 600.0 0.29 3.8
75.0 600.0 0.21 5.3
80.0 600.0 0.16 5.7
85.0 600.0 0.13 5.8
90.0 600.0 0.00 0.0
0.0 610.0 0.27 21.3
5.0 610.0 0.04 83.2
10.0 610.0 0.23 89.1
15.0 610.0 0.22 87.4
20.0 610.0 0.19 82.4
25.0 610.0 0.14 75.7
30.0 610.0 0.07 68.2
35.0 610.0 0.03 60.5
40.0 610.0 0.19 52.6
45.0 610.0 0.42 41.7
50.0 610.0 0.62 9.9
55.0 610.0 0.29 -17.6
60.0 610.0 0.07 -17.3
65.0 610.0 0.24 -7.2
70.0 610.0 0.23 1.4
75.0 610.0 0.18 5.3
80.0 610.0 0.13 6.6
85.0 610.0 0.10 7.0
90.0 610.0 0.00 0.0
0.0 620.0 0.27 11.3
5.0 620.0 0.10 71.1
10.0 620.0 0.08 77.4
15.0 620.0 0.06 78.3
20.0 620.0 0.00 76.9
25.0 620.0 0.09 73.7
30.0 620.0 0.19 69.1
35.0 620.0 0.31 62.4
40.0 620.0 0.45 51.4
45.0 620.0 0.53 32.0
50.0 620.0 0.42 12.7
55.0 620.0 0.24 4.9
60.0 620.0 0.09 4.3
65.0 620.0 0.02 6.5
70.0 620.0 0.02 8.2
75.0 620.0 0.04 8.5
80.0 620.0 0.06 7.9
85.0 620.0 0.07 7.0
90.0 620.0 0.00 0.0
0.0 630.0 0.27 1.3
5.0 630.0 0.24 59.6
10.0 630.0 0.06 66.6
15.0 630.0 0.08 69.9
20.0 630.0 0.15 72.4
25.0 630.0 0.26 74.4
30.0 630.0 0.41 76.1
35.0 630.0 0.64 77.0
40.0 630.0 0.96 41.1
45.0 630.0 0.64 -1.0
50.0 630.0 0.42 1.6
55.0 630.0 0.29 4.9
60.0 630.0 0.24 7.2
65.0 630.0 0.23 7.6
70.0 630.0 0.23 6.3
75.0 630.0 0.23 4.2
80.0 630.0 0.21 2.3
85.0 630.0 0.20 0.7
90.0 630.0 0.00 0.0
0.0 640.0 0.27 -8.7
5.0 640.0 0.37 48.1
10.0 640.0 0.21 56.2
15.0 640.0 0.20 61.4
20.0 640.0 0.23 67.5
25.0 640.0 0.29 75.2
30.0 640.0 0.35 85.8
35.0 640.0 0.43 -78.1
40.0 640.0 0.47 -54.9
45.0 640.0 0.45 -31.9
50.0 640.0 0.43 -17.5
55.0 640.0 0.44 -11.9
60.0 640.0 0.43 -12.1
65.0 640.0 0.38 -14.3
70.0 640.0 0.32 -15.9
75.0 640.0 0.25 -16.4
80.0 640.0 0.19 -16.2
85.0 640.0 0.14 -15.8
90.0 640.0 0.00 0.0
0.0 650.0 0.27 -18.7
5.0 650.0 0.51 36.0
10.0 650.0 0.35 46.2
15.0 650.0 0.33 52.4
20.0 650.0 0.31 58.4
25.0 650.0 0.29 63.7
30.0 650.0 0.26 68.7
35.0 650.0 0.22 76.3
40.0 650.0 0.12 -84.2
45.0 650.0 0.29 -47.8
50.0 650.0 0.49 -38.2
55.0 650.0 0.45 -39.0
60.0 650.0 0.33 -38.7
65.0 650.0 0.20 -37.0
70.0 650.0 0.09 -34.4
75.0 650.0 0.00 -31.5
80.0 650.0 0.07 -28.6
85.0 650.0 0.13 -25.8
90.0 650.0 0.00 0.0
0.0 660.0 0.27 -28.7
5.0 660.0 0.65 22.3
10.0 660.0 0.51 36.6
15.0 660.0 0.49 42.9
20.0 660.0 0.49 46.0
25.0 660.0 0.56 44.9
30.0 660.0 0.78 41.5
35.0 660.0 0.76 -52.0
40.0 660.0 0.29 -56.2
45.0 660.0 0.31 -68.9
50.0 660.0 0.08 35.8
55.0 660.0 0.50 -20.5
60.0 660.0 0.15 -35.1
65.0 660.0 0.09 -36.0
70.0 660.0 0.27 -33.2
75.0 660.0 0.39 -27.8
80.0 660.0 0.47 -20.6
85.0 660.0 0.49 -13.4
90.0 660.0 0.00 0.0
0.0 670.0 0.27 -38.7
5.0 670.0 0.78 2.6
10.0 670.0 0.68 27.2
15.0 670.0 0.67 34.0
20.0 670.0 0.77 34.4
25.0 670.0 0.91 -56.9
30.0 670.0 0.51 -63.2
35.0 670.0 0.18 -67.9
40.0 670.0 0.11 -73.5
45.0 670.0 0.46 -84.6
50.0 670.0 0.76 35.4
55.0 670.0 0.48 -6.6
60.0 670.0 0.54 -22.1
65.0 670.0 0.74 -23.2
70.0 670.0 0.85 10.6
75.0 670.0 0.69 30.4
80.0 670.0 0.54 32.9
85.0 670.0 0.43 32.8
90.0 670.0 0.00 0.0
0.0 680.0 0.27 -48.7
5.0 680.0 0.84 -33.5
10.0 680.0 0.84 17.1
15.0 680.0 0.86 24.8
20.0 680.0 0.92 -56.2
25.0 680.0 0.54 -66.2
30.0 680.0 0.18 -72.5
35.0 680.0 0.12 -79.0
40.0 680.0 0.43 -88.9
45.0 680.0 0.75 60.4
50.0 680.0 0.66 9.2
55.0 680.0 0.64 -8.3
60.0 680.0 0.81 -5.9
65.0 680.0 0.77 34.8
70.0 680.0 0.55 41.4
75.0 680.0 0.37 41.0
80.0 680.0 0.23 39.6
85.0 680.0 0.14 38.0
90.0 680.0 0.00 0.0
0.0 690.0 0.27 -58.7
5.0 690.0 0.75 -63.5
10.0 690.0 0.98 -19.2
15.0 690.0 0.97 -35.1
20.0 690.0 0.73 -59.3
25.0 690.0 0.34 -66.8
30.0 690.0 0.07 -74.7
35.0 690.0 0.47 -86.5
40.0 690.0 0.75 48.1
45.0 690.0 0.50 12.7
50.0 690.0 0.39 -0.8
55.0 690.0 0.48 -5.8
60.0 690.0 0.61 5.4
65.0 690.0 0.52 25.0
70.0 690.0 0.32 31.6
75.0 690.0 0.15 32.4
80.0 690.0 0.02 31.1
85.0 690.0 0.07 29.2
90.0 690.0 0.00 0.0
0.0 700.0 0.27 -68.7
5.0 700.0 0.63 -79.5
10.0 700.0 0.89 -78.5
15.0 700.0 0.90 -51.5
20.0 700.0 0.66 -49.7
25.0 700.0 0.24 -54.1
30.0 700.0 0.33 -57.1
35.0 700.0 0.83 -0.5
40.0 700.0 0.39 11.9
45.0 700.0 0.20 5.4
50.0 700.0 0.18 -1.2
55.0 700.0 0.27 -2.1
60.0 700.0 0.34 6.0
65.0 700.0 0.28 16.3
70.0 700.0 0.14 20.9
75.0 700.0 0.00 21.1
80.0 700.0 0.09 19.2
85.0 700.0 0.15 16.8
90.0 700.0 0.00 0.0
0.0 710.0 0.27 -78.7
5.0 710.0 0.51 88.8
10.0 710.0 0.81 -88.3
15.0 710.0 0.86 -43.5
20.0 710.0 0.60 -32.2
25.0 710.0 0.24 -30.3
30.0 710.0 0.18 -21.4
35.0 710.0 0.31 1.2
40.0 710.0 0.15 9.3
45.0 710.0 0.06 6.3
50.0 710.0 0.08 2.2
55.0 710.0 0.15 2.4
60.0 710.0 0.18 7.1
65.0 710.0 0.13 11.8
70.0 710.0 0.05 13.6
75.0 710.0 0.03 12.8
80.0 710.0 0.08 11.1
85.0 710.0 0.11 9.2
90.0 710.0 0.00 0.0
0.0 720.0 0.27 -88.7
5.0 720.0 0.39 78.9
10.0 720.0 0.74 83.0
15.0 720.0 0.82 -34.2
20.0 720.0 0.50 -21.8
25.0 720.0 0.21 -17.1
30.0 720.0 0.05 -10.2
35.0 720.0 0.18 1.3
40.0 720.0 0.12 9.6
45.0 720.0 0.04 8.3
50.0 720.0 0.06 4.7
55.0 720.0 0.12 5.0
60.0 720.0 0.13 8.2
65.0 720.0 0.09 10.7
70.0 720.0 0.03 11.3
75.0 720.0 0.02 10.5
80.0 720.0 0.05 9.0
85.0 720.0 0.07 7.6
90.0 720.0 0.00 0.0
