# Radiation Pattern Data
# Generated from: uaz-hf_1.out
# Frequency: 36.0 MHz
# Format: Theta Phi Gain_dBi Phase_deg
# Theta: elevation angle (0-180 degrees)
# Phi: azimuth angle (0-360 degrees)
0.0 0.0 0.13 -32.6
5.0 0.0 0.12 -34.4
10.0 0.0 0.10 -36.2
15.0 0.0 0.07 -38.1
20.0 0.0 0.04 -40.0
25.0 0.0 0.01 -41.8
30.0 0.0 0.09 -43.0
35.0 0.0 0.20 -42.6
40.0 0.0 0.40 -37.9
45.0 0.0 0.68 -10.9
50.0 0.0 0.46 33.0
55.0 0.0 0.25 45.9
60.0 0.0 0.21 50.8
65.0 0.0 0.24 51.0
70.0 0.0 0.30 48.2
75.0 0.0 0.36 43.3
80.0 0.0 0.41 36.9
85.0 0.0 0.45 29.1
90.0 0.0 0.00 0.0
0.0 10.0 0.13 -42.6
5.0 10.0 0.11 -44.6
10.0 10.0 0.09 -46.8
15.0 10.0 0.06 -49.0
20.0 10.0 0.01 -51.2
25.0 10.0 0.05 -53.5
30.0 10.0 0.14 -55.8
35.0 10.0 0.28 -58.0
40.0 10.0 0.53 -62.0
45.0 10.0 0.78 71.7
50.0 10.0 0.37 54.6
55.0 10.0 0.19 58.2
60.0 10.0 0.17 60.6
65.0 10.0 0.21 60.2
70.0 10.0 0.27 57.7
75.0 10.0 0.35 53.6
80.0 10.0 0.43 48.0
85.0 10.0 0.51 40.4
90.0 10.0 0.00 0.0
0.0 20.0 0.13 -52.6
5.0 20.0 0.11 -54.8
10.0 20.0 0.08 -57.1
15.0 20.0 0.04 -59.6
20.0 20.0 0.01 -62.2
25.0 20.0 0.07 -65.1
30.0 20.0 0.16 -68.6
35.0 20.0 0.28 -73.7
40.0 20.0 0.43 -85.0
45.0 20.0 0.43 72.9
50.0 20.0 0.22 63.9
55.0 20.0 0.11 65.0
60.0 20.0 0.12 66.3
65.0 20.0 0.17 65.8
70.0 20.0 0.24 63.8
75.0 20.0 0.32 60.6
80.0 20.0 0.41 56.2
85.0 20.0 0.51 50.4
90.0 20.0 0.00 0.0
0.0 30.0 0.13 -62.6
5.0 30.0 0.11 -65.0
10.0 30.0 0.07 -67.3
15.0 30.0 0.03 -69.9
20.0 30.0 0.01 -72.8
25.0 30.0 0.07 -76.1
30.0 30.0 0.14 -80.4
35.0 30.0 0.22 -86.8
40.0 30.0 0.28 83.0
45.0 30.0 0.23 71.6
50.0 30.0 0.11 67.4
55.0 30.0 0.06 68.4
60.0 30.0 0.08 69.4
65.0 30.0 0.14 69.0
70.0 30.0 0.21 67.5
75.0 30.0 0.30 65.1
80.0 30.0 0.39 61.9
85.0 30.0 0.50 57.8
90.0 30.0 0.00 0.0
0.0 40.0 0.13 -72.6
5.0 40.0 0.10 -75.0
10.0 40.0 0.07 -77.4
15.0 40.0 0.03 -80.0
20.0 40.0 0.01 -82.9
25.0 40.0 0.06 -86.4
30.0 40.0 0.11 89.1
35.0 40.0 0.16 83.2
40.0 40.0 0.16 75.8
45.0 40.0 0.11 69.6
50.0 40.0 0.03 68.0
55.0 40.0 0.02 69.5
60.0 40.0 0.05 70.7
65.0 40.0 0.12 70.7
70.0 40.0 0.19 69.6
75.0 40.0 0.28 67.9
80.0 40.0 0.38 65.6
85.0 40.0 0.49 62.8
90.0 40.0 0.00 0.0
0.0 50.0 0.13 -82.6
5.0 50.0 0.10 -85.0
10.0 50.0 0.07 -87.3
15.0 50.0 0.03 -89.8
20.0 50.0 0.01 87.4
25.0 50.0 0.04 84.0
30.0 50.0 0.08 80.0
35.0 50.0 0.09 75.2
40.0 50.0 0.08 70.2
45.0 50.0 0.03 67.0
50.0 50.0 0.01 67.0
55.0 50.0 0.01 68.9
60.0 50.0 0.03 70.5
65.0 50.0 0.10 71.0
70.0 50.0 0.18 70.5
75.0 50.0 0.27 69.4
80.0 50.0 0.37 67.8
85.0 50.0 0.48 66.0
90.0 50.0 0.00 0.0
0.0 60.0 0.13 87.4
5.0 60.0 0.10 85.2
10.0 60.0 0.07 83.0
15.0 60.0 0.04 80.7
20.0 60.0 0.01 78.1
25.0 60.0 0.02 75.2
30.0 60.0 0.04 71.9
35.0 60.0 0.05 68.3
40.0 60.0 0.03 65.2
45.0 60.0 0.01 63.8
50.0 60.0 0.04 64.8
55.0 60.0 0.03 67.1
60.0 60.0 0.02 69.2
65.0 60.0 0.09 70.2
70.0 60.0 0.18 70.4
75.0 60.0 0.27 69.9
80.0 60.0 0.37 68.9
85.0 60.0 0.49 67.8
90.0 60.0 0.00 0.0
0.0 70.0 0.13 77.4
5.0 70.0 0.10 75.3
10.0 70.0 0.07 73.4
15.0 70.0 0.04 71.3
20.0 70.0 0.02 69.2
25.0 70.0 0.00 66.8
30.0 70.0 0.01 64.3
35.0 70.0 0.01 61.9
40.0 70.0 0.01 60.2
45.0 70.0 0.03 60.0
50.0 70.0 0.05 61.6
55.0 70.0 0.03 64.3
60.0 70.0 0.02 66.8
65.0 70.0 0.09 68.5
70.0 70.0 0.18 69.2
75.0 70.0 0.28 69.3
80.0 70.0 0.38 68.9
85.0 70.0 0.51 68.4
90.0 70.0 0.00 0.0
0.0 80.0 0.13 67.4
5.0 80.0 0.10 65.6
10.0 80.0 0.08 63.9
15.0 80.0 0.05 62.2
20.0 80.0 0.03 60.5
25.0 80.0 0.02 58.8
30.0 80.0 0.01 57.1
35.0 80.0 0.02 55.7
40.0 80.0 0.03 55.0
45.0 80.0 0.05 55.6
50.0 80.0 0.05 57.6
55.0 80.0 0.03 60.5
60.0 80.0 0.02 63.5
65.0 80.0 0.10 65.7
70.0 80.0 0.19 67.1
75.0 80.0 0.29 67.7
80.0 80.0 0.41 67.8
85.0 80.0 0.54 67.4
90.0 80.0 0.00 0.0
0.0 90.0 0.13 57.4
5.0 90.0 0.11 55.9
10.0 90.0 0.08 54.5
15.0 90.0 0.06 53.2
20.0 90.0 0.05 52.0
25.0 90.0 0.04 50.9
30.0 90.0 0.03 49.9
35.0 90.0 0.03 49.3
40.0 90.0 0.04 49.4
45.0 90.0 0.05 50.5
50.0 90.0 0.05 52.9
55.0 90.0 0.03 56.0
60.0 90.0 0.03 59.2
65.0 90.0 0.11 62.0
70.0 90.0 0.20 63.8
75.0 90.0 0.32 64.8
80.0 90.0 0.44 65.1
85.0 90.0 0.58 64.5
90.0 90.0 0.00 0.0
0.0 100.0 0.13 47.4
5.0 100.0 0.11 46.2
10.0 100.0 0.09 45.2
15.0 100.0 0.07 44.3
20.0 100.0 0.06 43.6
25.0 100.0 0.05 43.0
30.0 100.0 0.05 42.6
35.0 100.0 0.05 42.7
40.0 100.0 0.05 43.4
45.0 100.0 0.05 44.9
50.0 100.0 0.04 47.4
55.0 100.0 0.02 50.6
60.0 100.0 0.04 54.0
65.0 100.0 0.12 57.0
70.0 100.0 0.23 59.2
75.0 100.0 0.35 60.4
80.0 100.0 0.49 60.2
85.0 100.0 0.64 58.0
90.0 100.0 0.00 0.0
0.0 110.0 0.13 37.4
5.0 110.0 0.11 36.5
10.0 110.0 0.10 35.9
15.0 110.0 0.08 35.4
20.0 110.0 0.07 35.1
25.0 110.0 0.07 35.0
30.0 110.0 0.06 35.2
35.0 110.0 0.06 35.7
40.0 110.0 0.06 36.8
45.0 110.0 0.05 38.6
50.0 110.0 0.04 41.1
55.0 110.0 0.00 44.3
60.0 110.0 0.06 47.6
65.0 110.0 0.14 50.7
70.0 110.0 0.25 52.9
75.0 110.0 0.39 53.6
80.0 110.0 0.54 52.0
85.0 110.0 0.69 45.2
90.0 110.0 0.00 0.0
0.0 120.0 0.13 27.4
5.0 120.0 0.12 26.9
10.0 120.0 0.10 26.7
15.0 120.0 0.09 26.6
20.0 120.0 0.08 26.6
25.0 120.0 0.08 26.9
30.0 120.0 0.07 27.4
35.0 120.0 0.07 28.3
40.0 120.0 0.06 29.7
45.0 120.0 0.05 31.5
50.0 120.0 0.03 34.0
55.0 120.0 0.01 36.9
60.0 120.0 0.07 40.0
65.0 120.0 0.16 42.8
70.0 120.0 0.28 44.3
75.0 120.0 0.42 43.6
80.0 120.0 0.56 38.8
85.0 120.0 0.66 26.5
90.0 120.0 0.00 0.0
0.0 130.0 0.13 17.4
5.0 130.0 0.12 17.3
10.0 130.0 0.11 17.4
15.0 130.0 0.10 17.6
20.0 130.0 0.10 18.0
25.0 130.0 0.09 18.6
30.0 130.0 0.08 19.4
35.0 130.0 0.08 20.5
40.0 130.0 0.07 21.9
45.0 130.0 0.05 23.8
50.0 130.0 0.03 25.9
55.0 130.0 0.01 28.4
60.0 130.0 0.08 30.9
65.0 130.0 0.17 32.8
70.0 130.0 0.28 33.1
75.0 130.0 0.41 30.2
80.0 130.0 0.51 22.5
85.0 130.0 0.53 11.7
90.0 130.0 0.00 0.0
0.0 140.0 0.13 7.4
5.0 140.0 0.13 7.7
10.0 140.0 0.12 8.1
15.0 140.0 0.11 8.7
20.0 140.0 0.11 9.3
25.0 140.0 0.10 10.2
30.0 140.0 0.10 11.2
35.0 140.0 0.09 12.3
40.0 140.0 0.07 13.7
45.0 140.0 0.05 15.3
50.0 140.0 0.03 17.0
55.0 140.0 0.01 18.8
60.0 140.0 0.07 20.4
65.0 140.0 0.15 21.0
70.0 140.0 0.25 19.7
75.0 140.0 0.33 15.4
80.0 140.0 0.36 9.0
85.0 140.0 0.34 2.9
90.0 140.0 0.00 0.0
0.0 150.0 0.13 -2.6
5.0 150.0 0.13 -1.9
10.0 150.0 0.13 -1.2
15.0 150.0 0.12 -0.3
20.0 150.0 0.12 0.6
25.0 150.0 0.12 1.6
30.0 150.0 0.11 2.6
35.0 150.0 0.10 3.8
40.0 150.0 0.08 5.0
45.0 150.0 0.06 6.2
50.0 150.0 0.03 7.3
55.0 150.0 0.00 8.2
60.0 150.0 0.05 8.5
65.0 150.0 0.10 7.8
70.0 150.0 0.15 5.7
75.0 150.0 0.18 2.3
80.0 150.0 0.17 -0.9
85.0 150.0 0.14 -3.0
90.0 150.0 0.00 0.0
0.0 160.0 0.13 -12.6
5.0 160.0 0.14 -11.6
10.0 160.0 0.14 -10.5
15.0 160.0 0.14 -9.4
20.0 160.0 0.13 -8.3
25.0 160.0 0.13 -7.2
30.0 160.0 0.12 -6.0
35.0 160.0 0.11 -5.0
40.0 160.0 0.09 -4.0
45.0 160.0 0.07 -3.3
50.0 160.0 0.04 -2.9
55.0 160.0 0.01 -3.1
60.0 160.0 0.01 -4.0
65.0 160.0 0.03 -5.7
70.0 160.0 0.02 -7.7
75.0 160.0 0.00 -9.0
80.0 160.0 0.04 -9.1
85.0 160.0 0.06 -8.1
90.0 160.0 0.00 0.0
0.0 170.0 0.13 -22.6
5.0 170.0 0.14 -21.2
10.0 170.0 0.15 -19.9
15.0 170.0 0.15 -18.5
20.0 170.0 0.15 -17.2
25.0 170.0 0.14 -15.9
30.0 170.0 0.13 -14.8
35.0 170.0 0.12 -13.8
40.0 170.0 0.10 -13.1
45.0 170.0 0.08 -12.9
50.0 170.0 0.06 -13.3
55.0 170.0 0.04 -14.5
60.0 170.0 0.04 -16.4
65.0 170.0 0.06 -18.6
70.0 170.0 0.10 -20.2
75.0 170.0 0.17 -20.0
80.0 170.0 0.23 -17.5
85.0 170.0 0.26 -13.5
90.0 170.0 0.00 0.0
0.0 180.0 0.13 -32.6
5.0 180.0 0.15 -30.9
10.0 180.0 0.15 -29.3
15.0 180.0 0.16 -27.7
20.0 180.0 0.16 -26.2
25.0 180.0 0.15 -24.7
30.0 180.0 0.14 -23.5
35.0 180.0 0.13 -22.5
40.0 180.0 0.11 -22.1
45.0 180.0 0.09 -22.3
50.0 180.0 0.07 -23.4
55.0 180.0 0.06 -25.4
60.0 180.0 0.08 -28.0
65.0 180.0 0.12 -30.6
70.0 180.0 0.20 -32.1
75.0 180.0 0.30 -31.4
80.0 180.0 0.39 -27.5
85.0 180.0 0.44 -20.6
90.0 180.0 0.00 0.0
0.0 190.0 0.13 -42.6
5.0 190.0 0.15 -40.7
10.0 190.0 0.16 -38.8
15.0 190.0 0.17 -36.9
20.0 190.0 0.17 -35.1
25.0 190.0 0.17 -33.5
30.0 190.0 0.16 -32.1
35.0 190.0 0.14 -31.1
40.0 190.0 0.12 -30.8
45.0 190.0 0.10 -31.3
50.0 190.0 0.08 -32.9
55.0 190.0 0.08 -35.4
60.0 190.0 0.11 -38.4
65.0 190.0 0.17 -41.2
70.0 190.0 0.26 -43.0
75.0 190.0 0.37 -42.9
80.0 190.0 0.48 -39.5
85.0 190.0 0.58 -31.3
90.0 190.0 0.00 0.0
0.0 200.0 0.13 -52.6
5.0 200.0 0.15 -50.5
10.0 200.0 0.17 -48.4
15.0 200.0 0.18 -46.2
20.0 200.0 0.18 -44.2
25.0 200.0 0.18 -42.2
30.0 200.0 0.17 -40.5
35.0 200.0 0.15 -39.4
40.0 200.0 0.13 -39.0
45.0 200.0 0.10 -39.7
50.0 200.0 0.09 -41.5
55.0 200.0 0.10 -44.1
60.0 200.0 0.13 -47.3
65.0 200.0 0.19 -50.2
70.0 200.0 0.28 -52.3
75.0 200.0 0.39 -53.0
80.0 200.0 0.52 -51.6
85.0 200.0 0.65 -46.0
90.0 200.0 0.00 0.0
0.0 210.0 0.13 -62.6
5.0 210.0 0.16 -60.4
10.0 210.0 0.18 -58.0
15.0 210.0 0.19 -55.6
20.0 210.0 0.20 -53.2
25.0 210.0 0.20 -50.9
30.0 210.0 0.19 -48.8
35.0 210.0 0.17 -47.3
40.0 210.0 0.14 -46.8
45.0 210.0 0.11 -47.3
50.0 210.0 0.10 -49.1
55.0 210.0 0.11 -51.7
60.0 210.0 0.14 -54.7
65.0 210.0 0.20 -57.4
70.0 210.0 0.28 -59.6
75.0 210.0 0.38 -60.9
80.0 210.0 0.50 -61.0
85.0 210.0 0.65 -59.5
90.0 210.0 0.00 0.0
0.0 220.0 0.13 -72.6
5.0 220.0 0.16 -70.3
10.0 220.0 0.19 -67.8
15.0 220.0 0.20 -65.2
20.0 220.0 0.22 -62.4
25.0 220.0 0.22 -59.6
30.0 220.0 0.21 -56.9
35.0 220.0 0.18 -54.9
40.0 220.0 0.15 -54.0
45.0 220.0 0.13 -54.2
50.0 220.0 0.11 -55.8
55.0 220.0 0.11 -58.1
60.0 220.0 0.14 -60.8
65.0 220.0 0.20 -63.2
70.0 220.0 0.27 -65.1
75.0 220.0 0.37 -66.5
80.0 220.0 0.48 -67.5
85.0 220.0 0.61 -68.2
90.0 220.0 0.00 0.0
0.0 230.0 0.13 -82.6
5.0 230.0 0.17 -80.3
10.0 230.0 0.19 -77.7
15.0 230.0 0.22 -74.9
20.0 230.0 0.23 -71.7
25.0 230.0 0.24 -68.3
30.0 230.0 0.23 -65.0
35.0 230.0 0.21 -62.3
40.0 230.0 0.18 -60.6
45.0 230.0 0.14 -60.4
50.0 230.0 0.12 -61.5
55.0 230.0 0.12 -63.5
60.0 230.0 0.15 -65.7
65.0 230.0 0.20 -67.7
70.0 230.0 0.27 -69.3
75.0 230.0 0.35 -70.5
80.0 230.0 0.45 -71.6
85.0 230.0 0.58 -73.2
90.0 230.0 0.00 0.0
0.0 240.0 0.13 87.4
5.0 240.0 0.17 89.7
10.0 240.0 0.20 -87.8
15.0 240.0 0.23 -84.8
20.0 240.0 0.25 -81.3
25.0 240.0 0.27 -77.4
30.0 240.0 0.26 -73.2
35.0 240.0 0.24 -69.5
40.0 240.0 0.21 -66.9
45.0 240.0 0.17 -66.0
50.0 240.0 0.14 -66.5
55.0 240.0 0.14 -67.9
60.0 240.0 0.16 -69.6
65.0 240.0 0.21 -71.1
70.0 240.0 0.27 -72.3
75.0 240.0 0.35 -73.2
80.0 240.0 0.44 -74.2
85.0 240.0 0.56 -75.9
90.0 240.0 0.00 0.0
0.0 250.0 0.13 77.4
5.0 250.0 0.17 79.5
10.0 250.0 0.20 82.0
15.0 250.0 0.24 85.0
20.0 250.0 0.27 88.7
25.0 250.0 0.30 -86.9
30.0 250.0 0.30 -81.8
35.0 250.0 0.29 -76.7
40.0 250.0 0.25 -72.9
45.0 250.0 0.20 -70.9
50.0 250.0 0.17 -70.7
55.0 250.0 0.16 -71.5
60.0 250.0 0.18 -72.7
65.0 250.0 0.22 -73.7
70.0 250.0 0.28 -74.4
75.0 250.0 0.35 -74.9
80.0 250.0 0.45 -75.6
85.0 250.0 0.56 -77.2
90.0 250.0 0.00 0.0
0.0 260.0 0.13 67.4
5.0 260.0 0.17 69.3
10.0 260.0 0.21 71.7
15.0 260.0 0.25 74.5
20.0 260.0 0.29 78.2
25.0 260.0 0.33 82.9
30.0 260.0 0.35 88.9
35.0 260.0 0.34 -84.4
40.0 260.0 0.31 -78.7
45.0 260.0 0.25 -75.3
50.0 260.0 0.21 -74.1
55.0 260.0 0.19 -74.3
60.0 260.0 0.20 -74.9
65.0 260.0 0.24 -75.3
70.0 260.0 0.30 -75.5
75.0 260.0 0.38 -75.5
80.0 260.0 0.47 -75.8
85.0 260.0 0.58 -77.1
90.0 260.0 0.00 0.0
0.0 270.0 0.13 57.4
5.0 270.0 0.17 59.1
10.0 270.0 0.21 61.1
15.0 270.0 0.25 63.7
20.0 270.0 0.30 67.0
25.0 270.0 0.35 71.7
30.0 270.0 0.40 78.4
35.0 270.0 0.42 86.9
40.0 270.0 0.39 -84.7
45.0 270.0 0.32 -79.1
50.0 270.0 0.26 -76.7
55.0 270.0 0.24 -76.1
60.0 270.0 0.24 -76.1
65.0 270.0 0.28 -76.0
70.0 270.0 0.34 -75.6
75.0 270.0 0.42 -75.0
80.0 270.0 0.52 -74.5
85.0 270.0 0.64 -75.2
90.0 270.0 0.00 0.0
0.0 280.0 0.13 47.4
5.0 280.0 0.17 48.7
10.0 280.0 0.20 50.4
15.0 280.0 0.25 52.5
20.0 280.0 0.30 55.4
25.0 280.0 0.37 59.4
30.0 280.0 0.45 65.8
35.0 280.0 0.51 75.9
40.0 280.0 0.50 88.5
45.0 280.0 0.43 -82.3
50.0 280.0 0.35 -78.2
55.0 280.0 0.30 -76.8
60.0 280.0 0.30 -76.1
65.0 280.0 0.34 -75.4
70.0 280.0 0.40 -74.2
75.0 280.0 0.48 -72.5
80.0 280.0 0.59 -70.6
85.0 280.0 0.73 -68.7
90.0 280.0 0.00 0.0
0.0 290.0 0.13 37.4
5.0 290.0 0.16 38.4
10.0 290.0 0.20 39.6
15.0 290.0 0.24 41.2
20.0 290.0 0.30 43.2
25.0 290.0 0.38 46.1
30.0 290.0 0.48 50.7
35.0 290.0 0.59 59.9
40.0 290.0 0.65 78.2
45.0 290.0 0.58 -84.7
50.0 290.0 0.47 -77.8
55.0 290.0 0.40 -75.4
60.0 290.0 0.39 -74.1
65.0 290.0 0.43 -72.4
70.0 290.0 0.49 -69.9
75.0 290.0 0.58 -66.0
80.0 290.0 0.69 -59.7
85.0 290.0 0.82 -45.7
90.0 290.0 0.00 0.0
0.0 300.0 0.13 27.4
5.0 300.0 0.16 27.9
10.0 300.0 0.19 28.7
15.0 300.0 0.23 29.7
20.0 300.0 0.28 30.9
25.0 300.0 0.35 32.3
30.0 300.0 0.46 34.3
35.0 300.0 0.61 37.9
40.0 300.0 0.80 50.8
45.0 300.0 0.80 -83.8
50.0 300.0 0.63 -72.4
55.0 300.0 0.53 -69.8
60.0 300.0 0.51 -67.8
65.0 300.0 0.55 -64.3
70.0 300.0 0.61 -58.2
75.0 300.0 0.68 -48.2
80.0 300.0 0.72 -32.9
85.0 300.0 0.70 -15.7
90.0 300.0 0.00 0.0
0.0 310.0 0.13 17.4
5.0 310.0 0.15 17.5
10.0 310.0 0.17 17.8
15.0 310.0 0.21 18.1
20.0 310.0 0.25 18.5
25.0 310.0 0.31 18.8
30.0 310.0 0.39 18.6
35.0 310.0 0.52 17.4
40.0 310.0 0.69 12.5
45.0 310.0 0.85 -11.8
50.0 310.0 0.77 -45.4
55.0 310.0 0.67 -51.1
60.0 310.0 0.64 -48.9
65.0 310.0 0.65 -41.4
70.0 310.0 0.64 -30.4
75.0 310.0 0.60 -19.8
80.0 310.0 0.54 -11.5
85.0 310.0 0.47 -5.1
90.0 310.0 0.00 0.0
0.0 320.0 0.13 7.4
5.0 320.0 0.15 7.1
10.0 320.0 0.16 6.9
15.0 320.0 0.18 6.7
20.0 320.0 0.21 6.4
25.0 320.0 0.25 5.9
30.0 320.0 0.30 4.9
35.0 320.0 0.37 3.0
40.0 320.0 0.46 -0.9
45.0 320.0 0.54 -7.7
50.0 320.0 0.58 -15.4
55.0 320.0 0.57 -18.8
60.0 320.0 0.54 -16.3
65.0 320.0 0.49 -11.4
70.0 320.0 0.41 -7.0
75.0 320.0 0.34 -3.9
80.0 320.0 0.29 -1.6
85.0 320.0 0.24 0.3
90.0 320.0 0.00 0.0
0.0 330.0 0.13 -2.6
5.0 330.0 0.14 -3.3
10.0 330.0 0.15 -4.0
15.0 330.0 0.15 -4.8
20.0 330.0 0.16 -5.5
25.0 330.0 0.18 -6.4
30.0 330.0 0.20 -7.3
35.0 330.0 0.22 -8.3
40.0 330.0 0.24 -8.9
45.0 330.0 0.27 -8.7
50.0 330.0 0.29 -6.4
55.0 330.0 0.28 -2.0
60.0 330.0 0.24 2.7
65.0 330.0 0.17 5.6
70.0 330.0 0.12 6.5
75.0 330.0 0.07 6.4
80.0 330.0 0.04 5.9
85.0 330.0 0.02 5.2
90.0 330.0 0.00 0.0
0.0 340.0 0.13 -12.6
5.0 340.0 0.13 -13.7
10.0 340.0 0.13 -14.9
15.0 340.0 0.12 -16.0
20.0 340.0 0.12 -17.2
25.0 340.0 0.11 -18.3
30.0 340.0 0.09 -18.9
35.0 340.0 0.07 -18.6
40.0 340.0 0.03 -16.1
45.0 340.0 0.01 -10.0
50.0 340.0 0.00 0.2
55.0 340.0 0.01 11.2
60.0 340.0 0.04 18.4
65.0 340.0 0.09 20.7
70.0 340.0 0.13 19.7
75.0 340.0 0.16 17.2
80.0 340.0 0.17 14.2
85.0 340.0 0.17 11.1
90.0 340.0 0.00 0.0
0.0 350.0 0.13 -22.6
5.0 350.0 0.13 -24.1
10.0 350.0 0.11 -25.6
15.0 350.0 0.10 -27.2
20.0 350.0 0.08 -28.7
25.0 350.0 0.04 -30.0
30.0 350.0 0.01 -30.7
35.0 350.0 0.08 -29.6
40.0 350.0 0.18 -24.6
45.0 350.0 0.29 -11.1
50.0 350.0 0.29 10.9
55.0 350.0 0.21 27.9
60.0 350.0 0.20 35.8
65.0 350.0 0.23 37.1
70.0 350.0 0.27 34.7
75.0 350.0 0.30 30.2
80.0 350.0 0.33 24.7
85.0 350.0 0.34 18.9
90.0 350.0 0.00 0.0
0.0 360.0 0.13 -32.6
5.0 360.0 0.12 -34.4
10.0 360.0 0.10 -36.2
15.0 360.0 0.07 -38.1
20.0 360.0 0.04 -40.0
25.0 360.0 0.01 -41.8
30.0 360.0 0.09 -43.0
35.0 360.0 0.20 -42.6
40.0 360.0 0.40 -37.9
45.0 360.0 0.68 -10.9
50.0 360.0 0.46 33.0
55.0 360.0 0.25 45.9
60.0 360.0 0.21 50.8
65.0 360.0 0.24 51.0
70.0 360.0 0.30 48.2
75.0 360.0 0.36 43.3
80.0 360.0 0.41 36.9
85.0 360.0 0.45 29.1
90.0 360.0 0.00 0.0
0.0 370.0 0.13 -42.6
5.0 370.0 0.11 -44.6
10.0 370.0 0.09 -46.8
15.0 370.0 0.06 -49.0
20.0 370.0 0.01 -51.2
25.0 370.0 0.05 -53.5
30.0 370.0 0.14 -55.8
35.0 370.0 0.28 -58.0
40.0 370.0 0.53 -62.0
45.0 370.0 0.78 71.7
50.0 370.0 0.37 54.6
55.0 370.0 0.19 58.2
60.0 370.0 0.17 60.6
65.0 370.0 0.21 60.2
70.0 370.0 0.27 57.7
75.0 370.0 0.35 53.6
80.0 370.0 0.43 48.0
85.0 370.0 0.51 40.4
90.0 370.0 0.00 0.0
0.0 380.0 0.13 -52.6
5.0 380.0 0.11 -54.8
10.0 380.0 0.08 -57.1
15.0 380.0 0.04 -59.6
20.0 380.0 0.01 -62.2
25.0 380.0 0.07 -65.1
30.0 380.0 0.16 -68.6
35.0 380.0 0.28 -73.7
40.0 380.0 0.43 -85.0
45.0 380.0 0.43 72.9
50.0 380.0 0.22 63.9
55.0 380.0 0.11 65.0
60.0 380.0 0.12 66.3
65.0 380.0 0.17 65.8
70.0 380.0 0.24 63.8
75.0 380.0 0.32 60.6
80.0 380.0 0.41 56.2
85.0 380.0 0.51 50.4
90.0 380.0 0.00 0.0
0.0 390.0 0.13 -62.6
5.0 390.0 0.11 -65.0
10.0 390.0 0.07 -67.3
15.0 390.0 0.03 -69.9
20.0 390.0 0.01 -72.8
25.0 390.0 0.07 -76.1
30.0 390.0 0.14 -80.4
35.0 390.0 0.22 -86.8
40.0 390.0 0.28 83.0
45.0 390.0 0.23 71.6
50.0 390.0 0.11 67.4
55.0 390.0 0.06 68.4
60.0 390.0 0.08 69.4
65.0 390.0 0.14 69.0
70.0 390.0 0.21 67.5
75.0 390.0 0.30 65.1
80.0 390.0 0.39 61.9
85.0 390.0 0.50 57.8
90.0 390.0 0.00 0.0
0.0 400.0 0.13 -72.6
5.0 400.0 0.10 -75.0
10.0 400.0 0.07 -77.4
15.0 400.0 0.03 -80.0
20.0 400.0 0.01 -82.9
25.0 400.0 0.06 -86.4
30.0 400.0 0.11 89.1
35.0 400.0 0.16 83.2
40.0 400.0 0.16 75.8
45.0 400.0 0.11 69.6
50.0 400.0 0.03 68.0
55.0 400.0 0.02 69.5
60.0 400.0 0.05 70.7
65.0 400.0 0.12 70.7
70.0 400.0 0.19 69.6
75.0 400.0 0.28 67.9
80.0 400.0 0.38 65.6
85.0 400.0 0.49 62.8
90.0 400.0 0.00 0.0
0.0 410.0 0.13 -82.6
5.0 410.0 0.10 -85.0
10.0 410.0 0.07 -87.3
15.0 410.0 0.03 -89.8
20.0 410.0 0.01 87.4
25.0 410.0 0.04 84.0
30.0 410.0 0.08 80.0
35.0 410.0 0.09 75.2
40.0 410.0 0.08 70.2
45.0 410.0 0.03 67.0
50.0 410.0 0.01 67.0
55.0 410.0 0.01 68.9
60.0 410.0 0.03 70.5
65.0 410.0 0.10 71.0
70.0 410.0 0.18 70.5
75.0 410.0 0.27 69.4
80.0 410.0 0.37 67.8
85.0 410.0 0.48 66.0
90.0 410.0 0.00 0.0
0.0 420.0 0.13 87.4
5.0 420.0 0.10 85.2
10.0 420.0 0.07 83.0
15.0 420.0 0.04 80.7
20.0 420.0 0.01 78.1
25.0 420.0 0.02 75.2
30.0 420.0 0.04 71.9
35.0 420.0 0.05 68.3
40.0 420.0 0.03 65.2
45.0 420.0 0.01 63.8
50.0 420.0 0.04 64.8
55.0 420.0 0.03 67.1
60.0 420.0 0.02 69.2
65.0 420.0 0.09 70.2
70.0 420.0 0.18 70.4
75.0 420.0 0.27 69.9
80.0 420.0 0.37 68.9
85.0 420.0 0.49 67.8
90.0 420.0 0.00 0.0
0.0 430.0 0.13 77.4
5.0 430.0 0.10 75.3
10.0 430.0 0.07 73.4
15.0 430.0 0.04 71.3
20.0 430.0 0.02 69.2
25.0 430.0 0.00 66.8
30.0 430.0 0.01 64.3
35.0 430.0 0.01 61.9
40.0 430.0 0.01 60.2
45.0 430.0 0.03 60.0
50.0 430.0 0.05 61.6
55.0 430.0 0.03 64.3
60.0 430.0 0.02 66.8
65.0 430.0 0.09 68.5
70.0 430.0 0.18 69.2
75.0 430.0 0.28 69.3
80.0 430.0 0.38 68.9
85.0 430.0 0.51 68.4
90.0 430.0 0.00 0.0
0.0 440.0 0.13 67.4
5.0 440.0 0.10 65.6
10.0 440.0 0.08 63.9
15.0 440.0 0.05 62.2
20.0 440.0 0.03 60.5
25.0 440.0 0.02 58.8
30.0 440.0 0.01 57.1
35.0 440.0 0.02 55.7
40.0 440.0 0.03 55.0
45.0 440.0 0.05 55.6
50.0 440.0 0.05 57.6
55.0 440.0 0.03 60.5
60.0 440.0 0.02 63.5
65.0 440.0 0.10 65.7
70.0 440.0 0.19 67.1
75.0 440.0 0.29 67.7
80.0 440.0 0.41 67.8
85.0 440.0 0.54 67.4
90.0 440.0 0.00 0.0
0.0 450.0 0.13 57.4
5.0 450.0 0.11 55.9
10.0 450.0 0.08 54.5
15.0 450.0 0.06 53.2
20.0 450.0 0.05 52.0
25.0 450.0 0.04 50.9
30.0 450.0 0.03 49.9
35.0 450.0 0.03 49.3
40.0 450.0 0.04 49.4
45.0 450.0 0.05 50.5
50.0 450.0 0.05 52.9
55.0 450.0 0.03 56.0
60.0 450.0 0.03 59.2
65.0 450.0 0.11 62.0
70.0 450.0 0.20 63.8
75.0 450.0 0.32 64.8
80.0 450.0 0.44 65.1
85.0 450.0 0.58 64.5
90.0 450.0 0.00 0.0
0.0 460.0 0.13 47.4
5.0 460.0 0.11 46.2
10.0 460.0 0.09 45.2
15.0 460.0 0.07 44.3
20.0 460.0 0.06 43.6
25.0 460.0 0.05 43.0
30.0 460.0 0.05 42.6
35.0 460.0 0.05 42.7
40.0 460.0 0.05 43.4
45.0 460.0 0.05 44.9
50.0 460.0 0.04 47.4
55.0 460.0 0.02 50.6
60.0 460.0 0.04 54.0
65.0 460.0 0.12 57.0
70.0 460.0 0.23 59.2
75.0 460.0 0.35 60.4
80.0 460.0 0.49 60.2
85.0 460.0 0.64 58.0
90.0 460.0 0.00 0.0
0.0 470.0 0.13 37.4
5.0 470.0 0.11 36.5
10.0 470.0 0.10 35.9
15.0 470.0 0.08 35.4
20.0 470.0 0.07 35.1
25.0 470.0 0.07 35.0
30.0 470.0 0.06 35.2
35.0 470.0 0.06 35.7
40.0 470.0 0.06 36.8
45.0 470.0 0.05 38.6
50.0 470.0 0.04 41.1
55.0 470.0 0.00 44.3
60.0 470.0 0.06 47.6
65.0 470.0 0.14 50.7
70.0 470.0 0.25 52.9
75.0 470.0 0.39 53.6
80.0 470.0 0.54 52.0
85.0 470.0 0.69 45.2
90.0 470.0 0.00 0.0
0.0 480.0 0.13 27.4
5.0 480.0 0.12 26.9
10.0 480.0 0.10 26.7
15.0 480.0 0.09 26.6
20.0 480.0 0.08 26.6
25.0 480.0 0.08 26.9
30.0 480.0 0.07 27.4
35.0 480.0 0.07 28.3
40.0 480.0 0.06 29.7
45.0 480.0 0.05 31.5
50.0 480.0 0.03 34.0
55.0 480.0 0.01 36.9
60.0 480.0 0.07 40.0
65.0 480.0 0.16 42.8
70.0 480.0 0.28 44.3
75.0 480.0 0.42 43.6
80.0 480.0 0.56 38.8
85.0 480.0 0.66 26.5
90.0 480.0 0.00 0.0
0.0 490.0 0.13 17.4
5.0 490.0 0.12 17.3
10.0 490.0 0.11 17.4
15.0 490.0 0.10 17.6
20.0 490.0 0.10 18.0
25.0 490.0 0.09 18.6
30.0 490.0 0.08 19.4
35.0 490.0 0.08 20.5
40.0 490.0 0.07 21.9
45.0 490.0 0.05 23.8
50.0 490.0 0.03 25.9
55.0 490.0 0.01 28.4
60.0 490.0 0.08 30.9
65.0 490.0 0.17 32.8
70.0 490.0 0.28 33.1
75.0 490.0 0.41 30.2
80.0 490.0 0.51 22.5
85.0 490.0 0.53 11.7
90.0 490.0 0.00 0.0
0.0 500.0 0.13 7.4
5.0 500.0 0.13 7.7
10.0 500.0 0.12 8.1
15.0 500.0 0.11 8.7
20.0 500.0 0.11 9.3
25.0 500.0 0.10 10.2
30.0 500.0 0.10 11.2
35.0 500.0 0.09 12.3
40.0 500.0 0.07 13.7
45.0 500.0 0.05 15.3
50.0 500.0 0.03 17.0
55.0 500.0 0.01 18.8
60.0 500.0 0.07 20.4
65.0 500.0 0.15 21.0
70.0 500.0 0.25 19.7
75.0 500.0 0.33 15.4
80.0 500.0 0.36 9.0
85.0 500.0 0.34 2.9
90.0 500.0 0.00 0.0
0.0 510.0 0.13 -2.6
5.0 510.0 0.13 -1.9
10.0 510.0 0.13 -1.2
15.0 510.0 0.12 -0.3
20.0 510.0 0.12 0.6
25.0 510.0 0.12 1.6
30.0 510.0 0.11 2.6
35.0 510.0 0.10 3.8
40.0 510.0 0.08 5.0
45.0 510.0 0.06 6.2
50.0 510.0 0.03 7.3
55.0 510.0 0.00 8.2
60.0 510.0 0.05 8.5
65.0 510.0 0.10 7.8
70.0 510.0 0.15 5.7
75.0 510.0 0.18 2.3
80.0 510.0 0.17 -0.9
85.0 510.0 0.14 -3.0
90.0 510.0 0.00 0.0
0.0 520.0 0.13 -12.6
5.0 520.0 0.14 -11.6
10.0 520.0 0.14 -10.5
15.0 520.0 0.14 -9.4
20.0 520.0 0.13 -8.3
25.0 520.0 0.13 -7.2
30.0 520.0 0.12 -6.0
35.0 520.0 0.11 -5.0
40.0 520.0 0.09 -4.0
45.0 520.0 0.07 -3.3
50.0 520.0 0.04 -2.9
55.0 520.0 0.01 -3.1
60.0 520.0 0.01 -4.0
65.0 520.0 0.03 -5.7
70.0 520.0 0.02 -7.7
75.0 520.0 0.00 -9.0
80.0 520.0 0.04 -9.1
85.0 520.0 0.06 -8.1
90.0 520.0 0.00 0.0
0.0 530.0 0.13 -22.6
5.0 530.0 0.14 -21.2
10.0 530.0 0.15 -19.9
15.0 530.0 0.15 -18.5
20.0 530.0 0.15 -17.2
25.0 530.0 0.14 -15.9
30.0 530.0 0.13 -14.8
35.0 530.0 0.12 -13.8
40.0 530.0 0.10 -13.1
45.0 530.0 0.08 -12.9
50.0 530.0 0.06 -13.3
55.0 530.0 0.04 -14.5
60.0 530.0 0.04 -16.4
65.0 530.0 0.06 -18.6
70.0 530.0 0.10 -20.2
75.0 530.0 0.17 -20.0
80.0 530.0 0.23 -17.5
85.0 530.0 0.26 -13.5
90.0 530.0 0.00 0.0
0.0 540.0 0.13 -32.6
5.0 540.0 0.15 -30.9
10.0 540.0 0.15 -29.3
15.0 540.0 0.16 -27.7
20.0 540.0 0.16 -26.2
25.0 540.0 0.15 -24.7
30.0 540.0 0.14 -23.5
35.0 540.0 0.13 -22.5
40.0 540.0 0.11 -22.1
45.0 540.0 0.09 -22.3
50.0 540.0 0.07 -23.4
55.0 540.0 0.06 -25.4
60.0 540.0 0.08 -28.0
65.0 540.0 0.12 -30.6
70.0 540.0 0.20 -32.1
75.0 540.0 0.30 -31.4
80.0 540.0 0.39 -27.5
85.0 540.0 0.44 -20.6
90.0 540.0 0.00 0.0
0.0 550.0 0.13 -42.6
5.0 550.0 0.15 -40.7
10.0 550.0 0.16 -38.8
15.0 550.0 0.17 -36.9
20.0 550.0 0.17 -35.1
25.0 550.0 0.17 -33.5
30.0 550.0 0.16 -32.1
35.0 550.0 0.14 -31.1
40.0 550.0 0.12 -30.8
45.0 550.0 0.10 -31.3
50.0 550.0 0.08 -32.9
55.0 550.0 0.08 -35.4
60.0 550.0 0.11 -38.4
65.0 550.0 0.17 -41.2
70.0 550.0 0.26 -43.0
75.0 550.0 0.37 -42.9
80.0 550.0 0.48 -39.5
85.0 550.0 0.58 -31.3
90.0 550.0 0.00 0.0
0.0 560.0 0.13 -52.6
5.0 560.0 0.15 -50.5
10.0 560.0 0.17 -48.4
15.0 560.0 0.18 -46.2
20.0 560.0 0.18 -44.2
25.0 560.0 0.18 -42.2
30.0 560.0 0.17 -40.5
35.0 560.0 0.15 -39.4
40.0 560.0 0.13 -39.0
45.0 560.0 0.10 -39.7
50.0 560.0 0.09 -41.5
55.0 560.0 0.10 -44.1
60.0 560.0 0.13 -47.3
65.0 560.0 0.19 -50.2
70.0 560.0 0.28 -52.3
75.0 560.0 0.39 -53.0
80.0 560.0 0.52 -51.6
85.0 560.0 0.65 -46.0
90.0 560.0 0.00 0.0
0.0 570.0 0.13 -62.6
5.0 570.0 0.16 -60.4
10.0 570.0 0.18 -58.0
15.0 570.0 0.19 -55.6
20.0 570.0 0.20 -53.2
25.0 570.0 0.20 -50.9
30.0 570.0 0.19 -48.8
35.0 570.0 0.17 -47.3
40.0 570.0 0.14 -46.8
45.0 570.0 0.11 -47.3
50.0 570.0 0.10 -49.1
55.0 570.0 0.11 -51.7
60.0 570.0 0.14 -54.7
65.0 570.0 0.20 -57.4
70.0 570.0 0.28 -59.6
75.0 570.0 0.38 -60.9
80.0 570.0 0.50 -61.0
85.0 570.0 0.65 -59.5
90.0 570.0 0.00 0.0
0.0 580.0 0.13 -72.6
5.0 580.0 0.16 -70.3
10.0 580.0 0.19 -67.8
15.0 580.0 0.20 -65.2
20.0 580.0 0.22 -62.4
25.0 580.0 0.22 -59.6
30.0 580.0 0.21 -56.9
35.0 580.0 0.18 -54.9
40.0 580.0 0.15 -54.0
45.0 580.0 0.13 -54.2
50.0 580.0 0.11 -55.8
55.0 580.0 0.11 -58.1
60.0 580.0 0.14 -60.8
65.0 580.0 0.20 -63.2
70.0 580.0 0.27 -65.1
75.0 580.0 0.37 -66.5
80.0 580.0 0.48 -67.5
85.0 580.0 0.61 -68.2
90.0 580.0 0.00 0.0
0.0 590.0 0.13 -82.6
5.0 590.0 0.17 -80.3
10.0 590.0 0.19 -77.7
15.0 590.0 0.22 -74.9
20.0 590.0 0.23 -71.7
25.0 590.0 0.24 -68.3
30.0 590.0 0.23 -65.0
35.0 590.0 0.21 -62.3
40.0 590.0 0.18 -60.6
45.0 590.0 0.14 -60.4
50.0 590.0 0.12 -61.5
55.0 590.0 0.12 -63.5
60.0 590.0 0.15 -65.7
65.0 590.0 0.20 -67.7
70.0 590.0 0.27 -69.3
75.0 590.0 0.35 -70.5
80.0 590.0 0.45 -71.6
85.0 590.0 0.58 -73.2
90.0 590.0 0.00 0.0
0.0 600.0 0.13 87.4
5.0 600.0 0.17 89.7
10.0 600.0 0.20 -87.8
15.0 600.0 0.23 -84.8
20.0 600.0 0.25 -81.3
25.0 600.0 0.27 -77.4
30.0 600.0 0.26 -73.2
35.0 600.0 0.24 -69.5
40.0 600.0 0.21 -66.9
45.0 600.0 0.17 -66.0
50.0 600.0 0.14 -66.5
55.0 600.0 0.14 -67.9
60.0 600.0 0.16 -69.6
65.0 600.0 0.21 -71.1
70.0 600.0 0.27 -72.3
75.0 600.0 0.35 -73.2
80.0 600.0 0.44 -74.2
85.0 600.0 0.56 -75.9
90.0 600.0 0.00 0.0
0.0 610.0 0.13 77.4
5.0 610.0 0.17 79.5
10.0 610.0 0.20 82.0
15.0 610.0 0.24 85.0
20.0 610.0 0.27 88.7
25.0 610.0 0.30 -86.9
30.0 610.0 0.30 -81.8
35.0 610.0 0.29 -76.7
40.0 610.0 0.25 -72.9
45.0 610.0 0.20 -70.9
50.0 610.0 0.17 -70.7
55.0 610.0 0.16 -71.5
60.0 610.0 0.18 -72.7
65.0 610.0 0.22 -73.7
70.0 610.0 0.28 -74.4
75.0 610.0 0.35 -74.9
80.0 610.0 0.45 -75.6
85.0 610.0 0.56 -77.2
90.0 610.0 0.00 0.0
0.0 620.0 0.13 67.4
5.0 620.0 0.17 69.3
10.0 620.0 0.21 71.7
15.0 620.0 0.25 74.5
20.0 620.0 0.29 78.2
25.0 620.0 0.33 82.9
30.0 620.0 0.35 88.9
35.0 620.0 0.34 -84.4
40.0 620.0 0.31 -78.7
45.0 620.0 0.25 -75.3
50.0 620.0 0.21 -74.1
55.0 620.0 0.19 -74.3
60.0 620.0 0.20 -74.9
65.0 620.0 0.24 -75.3
70.0 620.0 0.30 -75.5
75.0 620.0 0.38 -75.5
80.0 620.0 0.47 -75.8
85.0 620.0 0.58 -77.1
90.0 620.0 0.00 0.0
0.0 630.0 0.13 57.4
5.0 630.0 0.17 59.1
10.0 630.0 0.21 61.1
15.0 630.0 0.25 63.7
20.0 630.0 0.30 67.0
25.0 630.0 0.35 71.7
30.0 630.0 0.40 78.4
35.0 630.0 0.42 86.9
40.0 630.0 0.39 -84.7
45.0 630.0 0.32 -79.1
50.0 630.0 0.26 -76.7
55.0 630.0 0.24 -76.1
60.0 630.0 0.24 -76.1
65.0 630.0 0.28 -76.0
70.0 630.0 0.34 -75.6
75.0 630.0 0.42 -75.0
80.0 630.0 0.52 -74.5
85.0 630.0 0.64 -75.2
90.0 630.0 0.00 0.0
0.0 640.0 0.13 47.4
5.0 640.0 0.17 48.7
10.0 640.0 0.20 50.4
15.0 640.0 0.25 52.5
20.0 640.0 0.30 55.4
25.0 640.0 0.37 59.4
30.0 640.0 0.45 65.8
35.0 640.0 0.51 75.9
40.0 640.0 0.50 88.5
45.0 640.0 0.43 -82.3
50.0 640.0 0.35 -78.2
55.0 640.0 0.30 -76.8
60.0 640.0 0.30 -76.1
65.0 640.0 0.34 -75.4
70.0 640.0 0.40 -74.2
75.0 640.0 0.48 -72.5
80.0 640.0 0.59 -70.6
85.0 640.0 0.73 -68.7
90.0 640.0 0.00 0.0
0.0 650.0 0.13 37.4
5.0 650.0 0.16 38.4
10.0 650.0 0.20 39.6
15.0 650.0 0.24 41.2
20.0 650.0 0.30 43.2
25.0 650.0 0.38 46.1
30.0 650.0 0.48 50.7
35.0 650.0 0.59 59.9
40.0 650.0 0.65 78.2
45.0 650.0 0.58 -84.7
50.0 650.0 0.47 -77.8
55.0 650.0 0.40 -75.4
60.0 650.0 0.39 -74.1
65.0 650.0 0.43 -72.4
70.0 650.0 0.49 -69.9
75.0 650.0 0.58 -66.0
80.0 650.0 0.69 -59.7
85.0 650.0 0.82 -45.7
90.0 650.0 0.00 0.0
0.0 660.0 0.13 27.4
5.0 660.0 0.16 27.9
10.0 660.0 0.19 28.7
15.0 660.0 0.23 29.7
20.0 660.0 0.28 30.9
25.0 660.0 0.35 32.3
30.0 660.0 0.46 34.3
35.0 660.0 0.61 37.9
40.0 660.0 0.80 50.8
45.0 660.0 0.80 -83.8
50.0 660.0 0.63 -72.4
55.0 660.0 0.53 -69.8
60.0 660.0 0.51 -67.8
65.0 660.0 0.55 -64.3
70.0 660.0 0.61 -58.2
75.0 660.0 0.68 -48.2
80.0 660.0 0.72 -32.9
85.0 660.0 0.70 -15.7
90.0 660.0 0.00 0.0
0.0 670.0 0.13 17.4
5.0 670.0 0.15 17.5
10.0 670.0 0.17 17.8
15.0 670.0 0.21 18.1
20.0 670.0 0.25 18.5
25.0 670.0 0.31 18.8
30.0 670.0 0.39 18.6
35.0 670.0 0.52 17.4
40.0 670.0 0.69 12.5
45.0 670.0 0.85 -11.8
50.0 670.0 0.77 -45.4
55.0 670.0 0.67 -51.1
60.0 670.0 0.64 -48.9
65.0 670.0 0.65 -41.4
70.0 670.0 0.64 -30.4
75.0 670.0 0.60 -19.8
80.0 670.0 0.54 -11.5
85.0 670.0 0.47 -5.1
90.0 670.0 0.00 0.0
0.0 680.0 0.13 7.4
5.0 680.0 0.15 7.1
10.0 680.0 0.16 6.9
15.0 680.0 0.18 6.7
20.0 680.0 0.21 6.4
25.0 680.0 0.25 5.9
30.0 680.0 0.30 4.9
35.0 680.0 0.37 3.0
40.0 680.0 0.46 -0.9
45.0 680.0 0.54 -7.7
50.0 680.0 0.58 -15.4
55.0 680.0 0.57 -18.8
60.0 680.0 0.54 -16.3
65.0 680.0 0.49 -11.4
70.0 680.0 0.41 -7.0
75.0 680.0 0.34 -3.9
80.0 680.0 0.29 -1.6
85.0 680.0 0.24 0.3
90.0 680.0 0.00 0.0
0.0 690.0 0.13 -2.6
5.0 690.0 0.14 -3.3
10.0 690.0 0.15 -4.0
15.0 690.0 0.15 -4.8
20.0 690.0 0.16 -5.5
25.0 690.0 0.18 -6.4
30.0 690.0 0.20 -7.3
35.0 690.0 0.22 -8.3
40.0 690.0 0.24 -8.9
45.0 690.0 0.27 -8.7
50.0 690.0 0.29 -6.4
55.0 690.0 0.28 -2.0
60.0 690.0 0.24 2.7
65.0 690.0 0.17 5.6
70.0 690.0 0.12 6.5
75.0 690.0 0.07 6.4
80.0 690.0 0.04 5.9
85.0 690.0 0.02 5.2
90.0 690.0 0.00 0.0
0.0 700.0 0.13 -12.6
5.0 700.0 0.13 -13.7
10.0 700.0 0.13 -14.9
15.0 700.0 0.12 -16.0
20.0 700.0 0.12 -17.2
25.0 700.0 0.11 -18.3
30.0 700.0 0.09 -18.9
35.0 700.0 0.07 -18.6
40.0 700.0 0.03 -16.1
45.0 700.0 0.01 -10.0
50.0 700.0 0.00 0.2
55.0 700.0 0.01 11.2
60.0 700.0 0.04 18.4
65.0 700.0 0.09 20.7
70.0 700.0 0.13 19.7
75.0 700.0 0.16 17.2
80.0 700.0 0.17 14.2
85.0 700.0 0.17 11.1
90.0 700.0 0.00 0.0
0.0 710.0 0.13 -22.6
5.0 710.0 0.13 -24.1
10.0 710.0 0.11 -25.6
15.0 710.0 0.10 -27.2
20.0 710.0 0.08 -28.7
25.0 710.0 0.04 -30.0
30.0 710.0 0.01 -30.7
35.0 710.0 0.08 -29.6
40.0 710.0 0.18 -24.6
45.0 710.0 0.29 -11.1
50.0 710.0 0.29 10.9
55.0 710.0 0.21 27.9
60.0 710.0 0.20 35.8
65.0 710.0 0.23 37.1
70.0 710.0 0.27 34.7
75.0 710.0 0.30 30.2
80.0 710.0 0.33 24.7
85.0 710.0 0.34 18.9
90.0 710.0 0.00 0.0
0.0 720.0 0.13 -32.6
5.0 720.0 0.12 -34.4
10.0 720.0 0.10 -36.2
15.0 720.0 0.07 -38.1
20.0 720.0 0.04 -40.0
25.0 720.0 0.01 -41.8
30.0 720.0 0.09 -43.0
35.0 720.0 0.20 -42.6
40.0 720.0 0.40 -37.9
45.0 720.0 0.68 -10.9
50.0 720.0 0.46 33.0
55.0 720.0 0.25 45.9
60.0 720.0 0.21 50.8
65.0 720.0 0.24 51.0
70.0 720.0 0.30 48.2
75.0 720.0 0.36 43.3
80.0 720.0 0.41 36.9
85.0 720.0 0.45 29.1
90.0 720.0 0.00 0.0
