# Radiation Pattern Data
# Generated from: huey-mil-vhf_25.out
# Frequency: 40.0 MHz
# Format: Theta Phi Gain_dBi Phase_deg
# Theta: elevation angle (0-180 degrees)
# Phi: azimuth angle (0-360 degrees)
0.0 0.0 0.21 85.4
5.0 0.0 0.19 86.1
10.0 0.0 0.17 86.7
15.0 0.0 0.15 87.2
20.0 0.0 0.12 87.8
25.0 0.0 0.10 88.4
30.0 0.0 0.08 88.9
35.0 0.0 0.07 89.4
40.0 0.0 0.06 89.8
45.0 0.0 0.05 -89.9
50.0 0.0 0.04 -89.7
55.0 0.0 0.04 -89.7
60.0 0.0 0.04 -89.7
65.0 0.0 0.04 -89.9
70.0 0.0 0.04 89.9
75.0 0.0 0.05 89.6
80.0 0.0 0.06 89.4
85.0 0.0 0.08 89.4
90.0 0.0 0.00 0.0
0.0 10.0 0.21 75.4
5.0 10.0 0.21 72.1
10.0 10.0 0.21 69.3
15.0 10.0 0.23 67.1
20.0 10.0 0.25 65.7
25.0 10.0 0.28 64.8
30.0 10.0 0.30 64.3
35.0 10.0 0.31 63.9
40.0 10.0 0.31 62.8
45.0 10.0 0.29 60.4
50.0 10.0 0.26 56.2
55.0 10.0 0.22 50.1
60.0 10.0 0.19 42.6
65.0 10.0 0.17 34.7
70.0 10.0 0.16 27.4
75.0 10.0 0.16 21.4
80.0 10.0 0.16 16.5
85.0 10.0 0.16 12.7
90.0 10.0 0.00 0.0
0.0 20.0 0.21 65.4
5.0 20.0 0.22 58.3
10.0 20.0 0.24 52.0
15.0 20.0 0.28 46.9
20.0 20.0 0.33 42.9
25.0 20.0 0.39 39.7
30.0 20.0 0.44 37.5
35.0 20.0 0.49 36.2
40.0 20.0 0.51 35.6
45.0 20.0 0.50 35.2
50.0 20.0 0.47 33.7
55.0 20.0 0.41 30.5
60.0 20.0 0.35 26.3
65.0 20.0 0.31 21.7
70.0 20.0 0.27 17.5
75.0 20.0 0.25 13.8
80.0 20.0 0.22 10.5
85.0 20.0 0.21 7.7
90.0 20.0 0.00 0.0
0.0 30.0 0.21 55.4
5.0 30.0 0.22 44.7
10.0 30.0 0.26 35.4
15.0 30.0 0.30 27.6
20.0 30.0 0.36 21.0
25.0 30.0 0.41 15.3
30.0 30.0 0.48 10.5
35.0 30.0 0.54 6.8
40.0 30.0 0.61 5.3
45.0 30.0 0.66 7.7
50.0 30.0 0.67 13.7
55.0 30.0 0.62 18.2
60.0 30.0 0.54 18.9
65.0 30.0 0.46 17.2
70.0 30.0 0.40 14.6
75.0 30.0 0.35 11.7
80.0 30.0 0.32 8.8
85.0 30.0 0.29 5.9
90.0 30.0 0.00 0.0
0.0 40.0 0.21 45.4
5.0 40.0 0.23 31.5
10.0 40.0 0.25 19.7
15.0 40.0 0.29 10.0
20.0 40.0 0.33 2.0
25.0 40.0 0.37 -5.0
30.0 40.0 0.42 -11.2
35.0 40.0 0.48 -16.7
40.0 40.0 0.56 -21.3
45.0 40.0 0.65 -23.9
50.0 40.0 0.75 -21.3
55.0 40.0 0.81 -6.9
60.0 40.0 0.76 8.7
65.0 40.0 0.66 12.9
70.0 40.0 0.57 12.2
75.0 40.0 0.50 9.9
80.0 40.0 0.44 7.0
85.0 40.0 0.39 3.7
90.0 40.0 0.00 0.0
0.0 50.0 0.21 35.4
5.0 50.0 0.23 18.8
10.0 50.0 0.24 5.2
15.0 50.0 0.26 -5.5
20.0 50.0 0.28 -13.9
25.0 50.0 0.31 -20.9
30.0 50.0 0.34 -27.0
35.0 50.0 0.38 -32.5
40.0 50.0 0.43 -37.5
45.0 50.0 0.50 -42.0
50.0 50.0 0.59 -45.7
55.0 50.0 0.70 -47.6
60.0 50.0 0.82 -44.4
65.0 50.0 0.89 -21.5
70.0 50.0 0.82 -0.6
75.0 50.0 0.71 2.2
80.0 50.0 0.62 0.5
85.0 50.0 0.54 -2.6
90.0 50.0 0.00 0.0
0.0 60.0 0.21 25.4
5.0 60.0 0.22 6.6
10.0 60.0 0.22 -8.2
15.0 60.0 0.22 -19.1
20.0 60.0 0.23 -27.2
25.0 60.0 0.23 -33.7
30.0 60.0 0.25 -39.0
35.0 60.0 0.27 -43.6
40.0 60.0 0.30 -47.7
45.0 60.0 0.34 -51.4
50.0 60.0 0.39 -54.8
55.0 60.0 0.45 -57.6
60.0 60.0 0.53 -59.6
65.0 60.0 0.61 -60.2
70.0 60.0 0.69 -57.7
75.0 60.0 0.74 -49.7
80.0 60.0 0.73 -37.6
85.0 60.0 0.66 -29.3
90.0 60.0 0.00 0.0
0.0 70.0 0.21 15.4
5.0 70.0 0.22 -5.0
10.0 70.0 0.20 -20.4
15.0 70.0 0.18 -31.1
20.0 70.0 0.17 -38.7
25.0 70.0 0.17 -44.4
30.0 70.0 0.17 -48.8
35.0 70.0 0.17 -52.4
40.0 70.0 0.18 -55.3
45.0 70.0 0.19 -57.8
50.0 70.0 0.21 -59.9
55.0 70.0 0.23 -61.6
60.0 70.0 0.26 -63.0
65.0 70.0 0.29 -63.7
70.0 70.0 0.32 -63.6
75.0 70.0 0.34 -62.4
80.0 70.0 0.35 -59.7
85.0 70.0 0.34 -55.5
90.0 70.0 0.00 0.0
0.0 80.0 0.21 5.4
5.0 80.0 0.21 -15.9
10.0 80.0 0.18 -31.6
15.0 80.0 0.15 -41.9
20.0 80.0 0.12 -48.9
25.0 80.0 0.11 -53.8
30.0 80.0 0.09 -57.2
35.0 80.0 0.08 -59.7
40.0 80.0 0.08 -61.6
45.0 80.0 0.07 -62.9
50.0 80.0 0.06 -63.9
55.0 80.0 0.06 -64.5
60.0 80.0 0.05 -64.8
65.0 80.0 0.04 -64.8
70.0 80.0 0.03 -64.5
75.0 80.0 0.01 -63.6
80.0 80.0 0.02 -62.1
85.0 80.0 0.06 -60.0
90.0 80.0 0.00 0.0
0.0 90.0 0.21 -4.6
5.0 90.0 0.21 -26.3
10.0 90.0 0.16 -41.8
15.0 90.0 0.11 -51.7
20.0 90.0 0.08 -58.1
25.0 90.0 0.05 -62.2
30.0 90.0 0.03 -64.8
35.0 90.0 0.01 -66.4
40.0 90.0 0.01 -67.2
45.0 90.0 0.02 -67.4
50.0 90.0 0.05 -67.3
55.0 90.0 0.07 -66.8
60.0 90.0 0.10 -66.1
65.0 90.0 0.13 -65.2
70.0 90.0 0.16 -63.9
75.0 90.0 0.21 -62.4
80.0 90.0 0.27 -60.4
85.0 90.0 0.34 -57.9
90.0 90.0 0.00 0.0
0.0 100.0 0.21 -14.6
5.0 100.0 0.20 -36.1
10.0 100.0 0.14 -51.2
15.0 100.0 0.09 -60.7
20.0 100.0 0.04 -66.5
25.0 100.0 0.01 -69.9
30.0 100.0 0.02 -71.7
35.0 100.0 0.04 -72.4
40.0 100.0 0.07 -72.2
45.0 100.0 0.09 -71.3
50.0 100.0 0.12 -70.0
55.0 100.0 0.15 -68.4
60.0 100.0 0.18 -66.5
65.0 100.0 0.22 -64.3
70.0 100.0 0.26 -61.8
75.0 100.0 0.31 -59.0
80.0 100.0 0.38 -55.7
85.0 100.0 0.45 -51.5
90.0 100.0 0.00 0.0
0.0 110.0 0.21 -24.6
5.0 110.0 0.20 -45.3
10.0 110.0 0.13 -59.9
15.0 110.0 0.06 -68.9
20.0 110.0 0.01 -74.2
25.0 110.0 0.03 -77.0
30.0 110.0 0.06 -78.1
35.0 110.0 0.09 -77.8
40.0 110.0 0.11 -76.5
45.0 110.0 0.14 -74.4
50.0 110.0 0.16 -71.7
55.0 110.0 0.19 -68.5
60.0 110.0 0.21 -65.1
65.0 110.0 0.24 -61.3
70.0 110.0 0.28 -57.4
75.0 110.0 0.32 -53.1
80.0 110.0 0.37 -48.4
85.0 110.0 0.43 -43.0
90.0 110.0 0.00 0.0
0.0 120.0 0.21 -34.6
5.0 120.0 0.20 -53.9
10.0 120.0 0.12 -67.7
15.0 120.0 0.05 -76.2
20.0 120.0 0.01 -81.2
25.0 120.0 0.05 -83.5
30.0 120.0 0.09 -83.9
35.0 120.0 0.12 -82.7
40.0 120.0 0.14 -80.1
45.0 120.0 0.16 -76.4
50.0 120.0 0.18 -71.9
55.0 120.0 0.19 -66.8
60.0 120.0 0.21 -61.4
65.0 120.0 0.22 -55.9
70.0 120.0 0.23 -50.5
75.0 120.0 0.26 -45.1
80.0 120.0 0.28 -39.8
85.0 120.0 0.32 -34.4
90.0 120.0 0.00 0.0
0.0 130.0 0.21 -44.6
5.0 130.0 0.20 -62.0
10.0 130.0 0.12 -74.8
15.0 130.0 0.04 -82.8
20.0 130.0 0.02 -87.3
25.0 130.0 0.07 -89.3
30.0 130.0 0.11 -89.0
35.0 130.0 0.14 -86.9
40.0 130.0 0.16 -82.9
45.0 130.0 0.17 -77.3
50.0 130.0 0.17 -70.6
55.0 130.0 0.17 -63.2
60.0 130.0 0.16 -55.7
65.0 130.0 0.16 -48.7
70.0 130.0 0.15 -42.3
75.0 130.0 0.16 -36.5
80.0 130.0 0.18 -31.4
85.0 130.0 0.20 -26.7
90.0 130.0 0.00 0.0
0.0 140.0 0.21 -54.6
5.0 140.0 0.20 -69.5
10.0 140.0 0.13 -80.9
15.0 140.0 0.05 -88.3
20.0 140.0 0.02 87.5
25.0 140.0 0.08 85.8
30.0 140.0 0.12 86.5
35.0 140.0 0.15 89.5
40.0 140.0 0.16 -85.2
45.0 140.0 0.16 -77.8
50.0 140.0 0.14 -68.8
55.0 140.0 0.12 -59.1
60.0 140.0 0.09 -49.8
65.0 140.0 0.07 -41.6
70.0 140.0 0.06 -34.7
75.0 140.0 0.07 -29.1
80.0 140.0 0.08 -24.5
85.0 140.0 0.10 -20.7
90.0 140.0 0.00 0.0
0.0 150.0 0.21 -64.6
5.0 150.0 0.21 -76.6
10.0 150.0 0.15 -86.2
15.0 150.0 0.07 87.3
20.0 150.0 0.00 83.5
25.0 150.0 0.07 82.0
30.0 150.0 0.11 82.8
35.0 150.0 0.14 86.0
40.0 150.0 0.15 -88.2
45.0 150.0 0.12 -79.8
50.0 150.0 0.07 -69.3
55.0 150.0 0.02 -57.8
60.0 150.0 0.02 -46.8
65.0 150.0 0.04 -37.3
70.0 150.0 0.04 -29.9
75.0 150.0 0.02 -24.3
80.0 150.0 0.00 -20.1
85.0 150.0 0.02 -16.9
90.0 150.0 0.00 0.0
0.0 160.0 0.21 -74.6
5.0 160.0 0.22 -83.2
10.0 160.0 0.18 89.5
15.0 160.0 0.12 84.2
20.0 160.0 0.05 80.9
25.0 160.0 0.01 79.5
30.0 160.0 0.06 79.8
35.0 160.0 0.09 82.0
40.0 160.0 0.09 86.2
45.0 160.0 0.06 -87.3
50.0 160.0 0.02 -78.5
55.0 160.0 0.12 -67.3
60.0 160.0 0.20 -54.1
65.0 160.0 0.22 -41.2
70.0 160.0 0.20 -31.0
75.0 160.0 0.16 -24.0
80.0 160.0 0.11 -19.4
85.0 160.0 0.07 -16.4
90.0 160.0 0.00 0.0
0.0 170.0 0.21 -84.6
5.0 170.0 0.22 -89.4
10.0 170.0 0.21 86.2
15.0 170.0 0.18 82.6
20.0 170.0 0.13 79.9
25.0 170.0 0.08 78.1
30.0 170.0 0.04 77.1
35.0 170.0 0.00 76.6
40.0 170.0 0.01 76.5
45.0 170.0 0.01 76.7
50.0 170.0 0.03 76.9
55.0 170.0 0.11 77.0
60.0 170.0 0.24 76.9
65.0 170.0 0.42 76.1
70.0 170.0 0.67 73.3
75.0 170.0 0.93 37.8
80.0 170.0 0.73 -5.2
85.0 170.0 0.56 -9.1
90.0 170.0 0.00 0.0
0.0 180.0 0.21 85.4
5.0 180.0 0.23 84.7
10.0 180.0 0.24 83.8
15.0 180.0 0.24 82.5
20.0 180.0 0.23 80.9
25.0 180.0 0.22 78.6
30.0 180.0 0.18 75.4
35.0 180.0 0.14 71.1
40.0 180.0 0.09 65.6
45.0 180.0 0.03 58.6
50.0 180.0 0.01 50.3
55.0 180.0 0.04 41.5
60.0 180.0 0.04 33.1
65.0 180.0 0.03 25.8
70.0 180.0 0.01 20.0
75.0 180.0 0.01 15.6
80.0 180.0 0.03 12.3
85.0 180.0 0.04 9.8
90.0 180.0 0.00 0.0
0.0 190.0 0.21 75.4
5.0 190.0 0.23 78.8
10.0 190.0 0.26 81.8
15.0 190.0 0.29 83.8
20.0 190.0 0.32 84.1
25.0 190.0 0.34 82.0
30.0 190.0 0.33 77.0
35.0 190.0 0.29 69.2
40.0 190.0 0.21 59.2
45.0 190.0 0.12 48.3
50.0 190.0 0.05 37.7
55.0 190.0 0.02 28.5
60.0 190.0 0.01 21.3
65.0 190.0 0.01 16.1
70.0 190.0 0.01 12.3
75.0 190.0 0.02 9.5
80.0 190.0 0.03 7.5
85.0 190.0 0.04 6.0
90.0 190.0 0.00 0.0
0.0 200.0 0.21 65.4
5.0 200.0 0.23 72.9
10.0 200.0 0.27 79.8
15.0 200.0 0.31 85.2
20.0 200.0 0.35 88.1
25.0 200.0 0.38 87.5
30.0 200.0 0.39 82.6
35.0 200.0 0.38 73.1
40.0 200.0 0.32 60.5
45.0 200.0 0.23 47.6
50.0 200.0 0.16 36.3
55.0 200.0 0.11 27.4
60.0 200.0 0.08 20.8
65.0 200.0 0.06 16.0
70.0 200.0 0.06 12.5
75.0 200.0 0.06 9.9
80.0 200.0 0.06 8.0
85.0 200.0 0.06 6.4
90.0 200.0 0.00 0.0
0.0 210.0 0.21 55.4
5.0 210.0 0.22 66.7
10.0 210.0 0.25 77.1
15.0 210.0 0.29 85.1
20.0 210.0 0.31 89.8
25.0 210.0 0.34 -89.4
30.0 210.0 0.36 87.0
35.0 210.0 0.36 78.9
40.0 210.0 0.34 66.8
45.0 210.0 0.29 53.5
50.0 210.0 0.23 41.5
55.0 210.0 0.18 32.0
60.0 210.0 0.14 24.9
65.0 210.0 0.12 19.6
70.0 210.0 0.11 15.6
75.0 210.0 0.10 12.6
80.0 210.0 0.09 10.2
85.0 210.0 0.10 8.1
90.0 210.0 0.00 0.0
0.0 220.0 0.21 45.4
5.0 220.0 0.22 60.1
10.0 220.0 0.23 73.2
15.0 220.0 0.25 82.8
20.0 220.0 0.26 88.2
25.0 220.0 0.27 89.8
30.0 220.0 0.28 87.5
35.0 220.0 0.29 81.5
40.0 220.0 0.29 72.3
45.0 220.0 0.28 61.1
50.0 220.0 0.25 49.8
55.0 220.0 0.22 39.9
60.0 220.0 0.19 32.0
65.0 220.0 0.17 25.8
70.0 220.0 0.15 20.9
75.0 220.0 0.14 17.1
80.0 220.0 0.14 13.9
85.0 220.0 0.14 11.1
90.0 220.0 0.00 0.0
0.0 230.0 0.21 35.4
5.0 230.0 0.20 53.0
10.0 230.0 0.20 68.0
15.0 230.0 0.20 78.4
20.0 230.0 0.20 84.3
25.0 230.0 0.20 86.3
30.0 230.0 0.21 85.2
35.0 230.0 0.22 81.3
40.0 230.0 0.23 75.0
45.0 230.0 0.23 66.9
50.0 230.0 0.23 58.0
55.0 230.0 0.22 49.2
60.0 230.0 0.21 41.2
65.0 230.0 0.20 34.4
70.0 230.0 0.19 28.7
75.0 230.0 0.19 23.8
80.0 230.0 0.19 19.7
85.0 230.0 0.19 15.9
90.0 230.0 0.00 0.0
0.0 240.0 0.21 25.4
5.0 240.0 0.19 45.2
10.0 240.0 0.17 61.5
15.0 240.0 0.15 72.4
20.0 240.0 0.14 78.7
25.0 240.0 0.14 81.4
30.0 240.0 0.14 81.4
35.0 240.0 0.15 79.3
40.0 240.0 0.16 75.5
45.0 240.0 0.17 70.2
50.0 240.0 0.18 64.1
55.0 240.0 0.19 57.5
60.0 240.0 0.19 50.9
65.0 240.0 0.20 44.6
70.0 240.0 0.21 38.8
75.0 240.0 0.22 33.4
80.0 240.0 0.24 28.3
85.0 240.0 0.25 23.5
90.0 240.0 0.00 0.0
0.0 250.0 0.21 15.4
5.0 250.0 0.17 36.9
10.0 250.0 0.13 54.0
15.0 250.0 0.11 65.3
20.0 250.0 0.09 72.0
25.0 250.0 0.09 75.5
30.0 250.0 0.09 76.7
35.0 250.0 0.09 76.1
40.0 250.0 0.10 74.3
45.0 250.0 0.11 71.5
50.0 250.0 0.12 67.9
55.0 250.0 0.14 63.8
60.0 250.0 0.15 59.3
65.0 250.0 0.17 54.7
70.0 250.0 0.20 49.9
75.0 250.0 0.22 45.1
80.0 250.0 0.26 40.1
85.0 250.0 0.30 34.9
90.0 250.0 0.00 0.0
0.0 260.0 0.21 5.4
5.0 260.0 0.16 27.8
10.0 260.0 0.10 45.4
15.0 260.0 0.06 57.1
20.0 260.0 0.04 64.4
25.0 260.0 0.04 68.8
30.0 260.0 0.04 71.1
35.0 260.0 0.04 72.0
40.0 260.0 0.05 71.8
45.0 260.0 0.05 70.9
50.0 260.0 0.06 69.5
55.0 260.0 0.08 67.6
60.0 260.0 0.09 65.3
65.0 260.0 0.12 62.8
70.0 260.0 0.14 60.0
75.0 260.0 0.18 56.8
80.0 260.0 0.23 53.4
85.0 260.0 0.29 49.4
90.0 260.0 0.00 0.0
0.0 270.0 0.21 -4.6
5.0 270.0 0.15 18.1
10.0 270.0 0.07 35.8
15.0 270.0 0.02 47.9
20.0 270.0 0.01 55.9
25.0 270.0 0.02 61.2
30.0 270.0 0.02 64.6
35.0 270.0 0.02 66.8
40.0 270.0 0.02 68.2
45.0 270.0 0.01 68.9
50.0 270.0 0.01 69.2
55.0 270.0 0.00 69.2
60.0 270.0 0.01 68.8
65.0 270.0 0.02 68.2
70.0 270.0 0.04 67.2
75.0 270.0 0.07 66.0
80.0 270.0 0.10 64.2
85.0 270.0 0.15 62.1
90.0 270.0 0.00 0.0
0.0 280.0 0.21 -14.6
5.0 280.0 0.14 7.8
10.0 280.0 0.04 25.3
15.0 280.0 0.02 37.7
20.0 280.0 0.06 46.4
25.0 280.0 0.07 52.7
30.0 280.0 0.08 57.3
35.0 280.0 0.09 60.8
40.0 280.0 0.10 63.5
45.0 280.0 0.10 65.7
50.0 280.0 0.11 67.5
55.0 280.0 0.11 69.1
60.0 280.0 0.12 70.3
65.0 280.0 0.12 71.2
70.0 280.0 0.13 71.7
75.0 280.0 0.13 71.6
80.0 280.0 0.13 70.7
85.0 280.0 0.12 68.7
90.0 280.0 0.00 0.0
0.0 290.0 0.21 -24.6
5.0 290.0 0.13 -3.2
10.0 290.0 0.02 13.7
15.0 290.0 0.06 26.3
20.0 290.0 0.11 35.8
25.0 290.0 0.14 43.1
30.0 290.0 0.16 48.9
35.0 290.0 0.18 53.7
40.0 290.0 0.19 57.8
45.0 290.0 0.21 61.5
50.0 290.0 0.24 64.8
55.0 290.0 0.26 67.8
60.0 290.0 0.30 70.6
65.0 290.0 0.34 72.9
70.0 290.0 0.38 74.4
75.0 290.0 0.43 74.7
80.0 290.0 0.47 72.9
85.0 290.0 0.50 68.1
90.0 290.0 0.00 0.0
0.0 300.0 0.21 -34.6
5.0 300.0 0.13 -14.8
10.0 300.0 0.01 1.1
15.0 300.0 0.09 13.5
20.0 300.0 0.16 23.4
25.0 300.0 0.21 31.7
30.0 300.0 0.24 38.8
35.0 300.0 0.27 44.9
40.0 300.0 0.31 50.5
45.0 300.0 0.35 55.6
50.0 300.0 0.40 60.5
55.0 300.0 0.46 65.2
60.0 300.0 0.53 69.6
65.0 300.0 0.61 73.5
70.0 300.0 0.70 76.1
75.0 300.0 0.81 74.8
80.0 300.0 0.89 57.3
85.0 300.0 0.82 31.0
90.0 300.0 0.00 0.0
0.0 310.0 0.21 -44.6
5.0 310.0 0.13 -26.9
10.0 310.0 0.01 -12.5
15.0 310.0 0.11 -0.9
20.0 310.0 0.20 9.0
25.0 310.0 0.27 17.9
30.0 310.0 0.33 25.9
35.0 310.0 0.38 33.3
40.0 310.0 0.44 40.0
45.0 310.0 0.50 46.3
50.0 310.0 0.59 52.2
55.0 310.0 0.69 57.6
60.0 310.0 0.82 62.1
65.0 310.0 0.96 59.5
70.0 310.0 0.89 -11.4
75.0 310.0 0.77 -8.5
80.0 310.0 0.68 -4.0
85.0 310.0 0.59 0.8
90.0 310.0 0.00 0.0
0.0 320.0 0.21 -54.6
5.0 320.0 0.14 -39.6
10.0 320.0 0.01 -27.2
15.0 320.0 0.11 -17.1
20.0 320.0 0.23 -8.1
25.0 320.0 0.32 0.4
30.0 320.0 0.40 8.5
35.0 320.0 0.48 16.1
40.0 320.0 0.56 22.6
45.0 320.0 0.65 27.3
50.0 320.0 0.76 27.5
55.0 320.0 0.84 13.9
60.0 320.0 0.80 -7.3
65.0 320.0 0.69 -12.5
70.0 320.0 0.60 -11.8
75.0 320.0 0.52 -9.3
80.0 320.0 0.45 -6.3
85.0 320.0 0.40 -3.0
90.0 320.0 0.00 0.0
0.0 330.0 0.21 -64.6
5.0 330.0 0.15 -52.7
10.0 330.0 0.04 -42.8
15.0 330.0 0.09 -34.8
20.0 330.0 0.21 -27.8
25.0 330.0 0.33 -21.3
30.0 330.0 0.43 -15.1
35.0 330.0 0.52 -9.7
40.0 330.0 0.59 -6.3
45.0 330.0 0.65 -6.7
50.0 330.0 0.66 -11.1
55.0 330.0 0.61 -15.3
60.0 330.0 0.54 -16.2
65.0 330.0 0.46 -14.8
70.0 330.0 0.39 -12.6
75.0 330.0 0.34 -10.0
80.0 330.0 0.30 -7.4
85.0 330.0 0.27 -4.8
90.0 330.0 0.00 0.0
0.0 340.0 0.21 -74.6
5.0 340.0 0.16 -66.2
10.0 340.0 0.07 -59.2
15.0 340.0 0.03 -53.6
20.0 340.0 0.14 -49.0
25.0 340.0 0.24 -45.2
30.0 340.0 0.34 -41.9
35.0 340.0 0.41 -39.1
40.0 340.0 0.45 -36.7
45.0 340.0 0.45 -34.5
50.0 340.0 0.43 -31.7
55.0 340.0 0.38 -28.0
60.0 340.0 0.32 -23.6
65.0 340.0 0.28 -19.3
70.0 340.0 0.24 -15.4
75.0 340.0 0.21 -12.1
80.0 340.0 0.19 -9.3
85.0 340.0 0.18 -6.8
90.0 340.0 0.00 0.0
0.0 350.0 0.21 -84.6
5.0 350.0 0.18 -80.0
10.0 350.0 0.12 -76.1
15.0 350.0 0.05 -73.0
20.0 350.0 0.02 -70.6
25.0 350.0 0.09 -68.7
30.0 350.0 0.15 -67.2
35.0 350.0 0.19 -65.5
40.0 350.0 0.21 -63.3
45.0 350.0 0.21 -60.0
50.0 350.0 0.19 -55.0
55.0 350.0 0.16 -48.4
60.0 350.0 0.14 -40.7
65.0 350.0 0.12 -32.9
70.0 350.0 0.11 -25.9
75.0 350.0 0.11 -20.1
80.0 350.0 0.12 -15.7
85.0 350.0 0.12 -12.2
90.0 350.0 0.00 0.0
0.0 360.0 0.21 85.4
5.0 360.0 0.19 86.1
10.0 360.0 0.17 86.7
15.0 360.0 0.15 87.2
20.0 360.0 0.12 87.8
25.0 360.0 0.10 88.4
30.0 360.0 0.08 88.9
35.0 360.0 0.07 89.4
40.0 360.0 0.06 89.8
45.0 360.0 0.05 -89.9
50.0 360.0 0.04 -89.7
55.0 360.0 0.04 -89.7
60.0 360.0 0.04 -89.7
65.0 360.0 0.04 -89.9
70.0 360.0 0.04 89.9
75.0 360.0 0.05 89.6
80.0 360.0 0.06 89.4
85.0 360.0 0.08 89.4
90.0 360.0 0.00 0.0
0.0 370.0 0.21 75.4
5.0 370.0 0.21 72.1
10.0 370.0 0.21 69.3
15.0 370.0 0.23 67.1
20.0 370.0 0.25 65.7
25.0 370.0 0.28 64.8
30.0 370.0 0.30 64.3
35.0 370.0 0.31 63.9
40.0 370.0 0.31 62.8
45.0 370.0 0.29 60.4
50.0 370.0 0.26 56.2
55.0 370.0 0.22 50.1
60.0 370.0 0.19 42.6
65.0 370.0 0.17 34.7
70.0 370.0 0.16 27.4
75.0 370.0 0.16 21.4
80.0 370.0 0.16 16.5
85.0 370.0 0.16 12.7
90.0 370.0 0.00 0.0
0.0 380.0 0.21 65.4
5.0 380.0 0.22 58.3
10.0 380.0 0.24 52.0
15.0 380.0 0.28 46.9
20.0 380.0 0.33 42.9
25.0 380.0 0.39 39.7
30.0 380.0 0.44 37.5
35.0 380.0 0.49 36.2
40.0 380.0 0.51 35.6
45.0 380.0 0.50 35.2
50.0 380.0 0.47 33.7
55.0 380.0 0.41 30.5
60.0 380.0 0.35 26.3
65.0 380.0 0.31 21.7
70.0 380.0 0.27 17.5
75.0 380.0 0.25 13.8
80.0 380.0 0.22 10.5
85.0 380.0 0.21 7.7
90.0 380.0 0.00 0.0
0.0 390.0 0.21 55.4
5.0 390.0 0.22 44.7
10.0 390.0 0.26 35.4
15.0 390.0 0.30 27.6
20.0 390.0 0.36 21.0
25.0 390.0 0.41 15.3
30.0 390.0 0.48 10.5
35.0 390.0 0.54 6.8
40.0 390.0 0.61 5.3
45.0 390.0 0.66 7.7
50.0 390.0 0.67 13.7
55.0 390.0 0.62 18.2
60.0 390.0 0.54 18.9
65.0 390.0 0.46 17.2
70.0 390.0 0.40 14.6
75.0 390.0 0.35 11.7
80.0 390.0 0.32 8.8
85.0 390.0 0.29 5.9
90.0 390.0 0.00 0.0
0.0 400.0 0.21 45.4
5.0 400.0 0.23 31.5
10.0 400.0 0.25 19.7
15.0 400.0 0.29 10.0
20.0 400.0 0.33 2.0
25.0 400.0 0.37 -5.0
30.0 400.0 0.42 -11.2
35.0 400.0 0.48 -16.7
40.0 400.0 0.56 -21.3
45.0 400.0 0.65 -23.9
50.0 400.0 0.75 -21.3
55.0 400.0 0.81 -6.9
60.0 400.0 0.76 8.7
65.0 400.0 0.66 12.9
70.0 400.0 0.57 12.2
75.0 400.0 0.50 9.9
80.0 400.0 0.44 7.0
85.0 400.0 0.39 3.7
90.0 400.0 0.00 0.0
0.0 410.0 0.21 35.4
5.0 410.0 0.23 18.8
10.0 410.0 0.24 5.2
15.0 410.0 0.26 -5.5
20.0 410.0 0.28 -13.9
25.0 410.0 0.31 -20.9
30.0 410.0 0.34 -27.0
35.0 410.0 0.38 -32.5
40.0 410.0 0.43 -37.5
45.0 410.0 0.50 -42.0
50.0 410.0 0.59 -45.7
55.0 410.0 0.70 -47.6
60.0 410.0 0.82 -44.4
65.0 410.0 0.89 -21.5
70.0 410.0 0.82 -0.6
75.0 410.0 0.71 2.2
80.0 410.0 0.62 0.5
85.0 410.0 0.54 -2.6
90.0 410.0 0.00 0.0
0.0 420.0 0.21 25.4
5.0 420.0 0.22 6.6
10.0 420.0 0.22 -8.2
15.0 420.0 0.22 -19.1
20.0 420.0 0.23 -27.2
25.0 420.0 0.23 -33.7
30.0 420.0 0.25 -39.0
35.0 420.0 0.27 -43.6
40.0 420.0 0.30 -47.7
45.0 420.0 0.34 -51.4
50.0 420.0 0.39 -54.8
55.0 420.0 0.45 -57.6
60.0 420.0 0.53 -59.6
65.0 420.0 0.61 -60.2
70.0 420.0 0.69 -57.7
75.0 420.0 0.74 -49.7
80.0 420.0 0.73 -37.6
85.0 420.0 0.66 -29.3
90.0 420.0 0.00 0.0
0.0 430.0 0.21 15.4
5.0 430.0 0.22 -5.0
10.0 430.0 0.20 -20.4
15.0 430.0 0.18 -31.1
20.0 430.0 0.17 -38.7
25.0 430.0 0.17 -44.4
30.0 430.0 0.17 -48.8
35.0 430.0 0.17 -52.4
40.0 430.0 0.18 -55.3
45.0 430.0 0.19 -57.8
50.0 430.0 0.21 -59.9
55.0 430.0 0.23 -61.6
60.0 430.0 0.26 -63.0
65.0 430.0 0.29 -63.7
70.0 430.0 0.32 -63.6
75.0 430.0 0.34 -62.4
80.0 430.0 0.35 -59.7
85.0 430.0 0.34 -55.5
90.0 430.0 0.00 0.0
0.0 440.0 0.21 5.4
5.0 440.0 0.21 -15.9
10.0 440.0 0.18 -31.6
15.0 440.0 0.15 -41.9
20.0 440.0 0.12 -48.9
25.0 440.0 0.11 -53.8
30.0 440.0 0.09 -57.2
35.0 440.0 0.08 -59.7
40.0 440.0 0.08 -61.6
45.0 440.0 0.07 -62.9
50.0 440.0 0.06 -63.9
55.0 440.0 0.06 -64.5
60.0 440.0 0.05 -64.8
65.0 440.0 0.04 -64.8
70.0 440.0 0.03 -64.5
75.0 440.0 0.01 -63.6
80.0 440.0 0.02 -62.1
85.0 440.0 0.06 -60.0
90.0 440.0 0.00 0.0
0.0 450.0 0.21 -4.6
5.0 450.0 0.21 -26.3
10.0 450.0 0.16 -41.8
15.0 450.0 0.11 -51.7
20.0 450.0 0.08 -58.1
25.0 450.0 0.05 -62.2
30.0 450.0 0.03 -64.8
35.0 450.0 0.01 -66.4
40.0 450.0 0.01 -67.2
45.0 450.0 0.02 -67.4
50.0 450.0 0.05 -67.3
55.0 450.0 0.07 -66.8
60.0 450.0 0.10 -66.1
65.0 450.0 0.13 -65.2
70.0 450.0 0.16 -63.9
75.0 450.0 0.21 -62.4
80.0 450.0 0.27 -60.4
85.0 450.0 0.34 -57.9
90.0 450.0 0.00 0.0
0.0 460.0 0.21 -14.6
5.0 460.0 0.20 -36.1
10.0 460.0 0.14 -51.2
15.0 460.0 0.09 -60.7
20.0 460.0 0.04 -66.5
25.0 460.0 0.01 -69.9
30.0 460.0 0.02 -71.7
35.0 460.0 0.04 -72.4
40.0 460.0 0.07 -72.2
45.0 460.0 0.09 -71.3
50.0 460.0 0.12 -70.0
55.0 460.0 0.15 -68.4
60.0 460.0 0.18 -66.5
65.0 460.0 0.22 -64.3
70.0 460.0 0.26 -61.8
75.0 460.0 0.31 -59.0
80.0 460.0 0.38 -55.7
85.0 460.0 0.45 -51.5
90.0 460.0 0.00 0.0
0.0 470.0 0.21 -24.6
5.0 470.0 0.20 -45.3
10.0 470.0 0.13 -59.9
15.0 470.0 0.06 -68.9
20.0 470.0 0.01 -74.2
25.0 470.0 0.03 -77.0
30.0 470.0 0.06 -78.1
35.0 470.0 0.09 -77.8
40.0 470.0 0.11 -76.5
45.0 470.0 0.14 -74.4
50.0 470.0 0.16 -71.7
55.0 470.0 0.19 -68.5
60.0 470.0 0.21 -65.1
65.0 470.0 0.24 -61.3
70.0 470.0 0.28 -57.4
75.0 470.0 0.32 -53.1
80.0 470.0 0.37 -48.4
85.0 470.0 0.43 -43.0
90.0 470.0 0.00 0.0
0.0 480.0 0.21 -34.6
5.0 480.0 0.20 -53.9
10.0 480.0 0.12 -67.7
15.0 480.0 0.05 -76.2
20.0 480.0 0.01 -81.2
25.0 480.0 0.05 -83.5
30.0 480.0 0.09 -83.9
35.0 480.0 0.12 -82.7
40.0 480.0 0.14 -80.1
45.0 480.0 0.16 -76.4
50.0 480.0 0.18 -71.9
55.0 480.0 0.19 -66.8
60.0 480.0 0.21 -61.4
65.0 480.0 0.22 -55.9
70.0 480.0 0.23 -50.5
75.0 480.0 0.26 -45.1
80.0 480.0 0.28 -39.8
85.0 480.0 0.32 -34.4
90.0 480.0 0.00 0.0
0.0 490.0 0.21 -44.6
5.0 490.0 0.20 -62.0
10.0 490.0 0.12 -74.8
15.0 490.0 0.04 -82.8
20.0 490.0 0.02 -87.3
25.0 490.0 0.07 -89.3
30.0 490.0 0.11 -89.0
35.0 490.0 0.14 -86.9
40.0 490.0 0.16 -82.9
45.0 490.0 0.17 -77.3
50.0 490.0 0.17 -70.6
55.0 490.0 0.17 -63.2
60.0 490.0 0.16 -55.7
65.0 490.0 0.16 -48.7
70.0 490.0 0.15 -42.3
75.0 490.0 0.16 -36.5
80.0 490.0 0.18 -31.4
85.0 490.0 0.20 -26.7
90.0 490.0 0.00 0.0
0.0 500.0 0.21 -54.6
5.0 500.0 0.20 -69.5
10.0 500.0 0.13 -80.9
15.0 500.0 0.05 -88.3
20.0 500.0 0.02 87.5
25.0 500.0 0.08 85.8
30.0 500.0 0.12 86.5
35.0 500.0 0.15 89.5
40.0 500.0 0.16 -85.2
45.0 500.0 0.16 -77.8
50.0 500.0 0.14 -68.8
55.0 500.0 0.12 -59.1
60.0 500.0 0.09 -49.8
65.0 500.0 0.07 -41.6
70.0 500.0 0.06 -34.7
75.0 500.0 0.07 -29.1
80.0 500.0 0.08 -24.5
85.0 500.0 0.10 -20.7
90.0 500.0 0.00 0.0
0.0 510.0 0.21 -64.6
5.0 510.0 0.21 -76.6
10.0 510.0 0.15 -86.2
15.0 510.0 0.07 87.3
20.0 510.0 0.00 83.5
25.0 510.0 0.07 82.0
30.0 510.0 0.11 82.8
35.0 510.0 0.14 86.0
40.0 510.0 0.15 -88.2
45.0 510.0 0.12 -79.8
50.0 510.0 0.07 -69.3
55.0 510.0 0.02 -57.8
60.0 510.0 0.02 -46.8
65.0 510.0 0.04 -37.3
70.0 510.0 0.04 -29.9
75.0 510.0 0.02 -24.3
80.0 510.0 0.00 -20.1
85.0 510.0 0.02 -16.9
90.0 510.0 0.00 0.0
0.0 520.0 0.21 -74.6
5.0 520.0 0.22 -83.2
10.0 520.0 0.18 89.5
15.0 520.0 0.12 84.2
20.0 520.0 0.05 80.9
25.0 520.0 0.01 79.5
30.0 520.0 0.06 79.8
35.0 520.0 0.09 82.0
40.0 520.0 0.09 86.2
45.0 520.0 0.06 -87.3
50.0 520.0 0.02 -78.5
55.0 520.0 0.12 -67.3
60.0 520.0 0.20 -54.1
65.0 520.0 0.22 -41.2
70.0 520.0 0.20 -31.0
75.0 520.0 0.16 -24.0
80.0 520.0 0.11 -19.4
85.0 520.0 0.07 -16.4
90.0 520.0 0.00 0.0
0.0 530.0 0.21 -84.6
5.0 530.0 0.22 -89.4
10.0 530.0 0.21 86.2
15.0 530.0 0.18 82.6
20.0 530.0 0.13 79.9
25.0 530.0 0.08 78.1
30.0 530.0 0.04 77.1
35.0 530.0 0.00 76.6
40.0 530.0 0.01 76.5
45.0 530.0 0.01 76.7
50.0 530.0 0.03 76.9
55.0 530.0 0.11 77.0
60.0 530.0 0.24 76.9
65.0 530.0 0.42 76.1
70.0 530.0 0.67 73.3
75.0 530.0 0.93 37.8
80.0 530.0 0.73 -5.2
85.0 530.0 0.56 -9.1
90.0 530.0 0.00 0.0
0.0 540.0 0.21 85.4
5.0 540.0 0.23 84.7
10.0 540.0 0.24 83.8
15.0 540.0 0.24 82.5
20.0 540.0 0.23 80.9
25.0 540.0 0.22 78.6
30.0 540.0 0.18 75.4
35.0 540.0 0.14 71.1
40.0 540.0 0.09 65.6
45.0 540.0 0.03 58.6
50.0 540.0 0.01 50.3
55.0 540.0 0.04 41.5
60.0 540.0 0.04 33.1
65.0 540.0 0.03 25.8
70.0 540.0 0.01 20.0
75.0 540.0 0.01 15.6
80.0 540.0 0.03 12.3
85.0 540.0 0.04 9.8
90.0 540.0 0.00 0.0
0.0 550.0 0.21 75.4
5.0 550.0 0.23 78.8
10.0 550.0 0.26 81.8
15.0 550.0 0.29 83.8
20.0 550.0 0.32 84.1
25.0 550.0 0.34 82.0
30.0 550.0 0.33 77.0
35.0 550.0 0.29 69.2
40.0 550.0 0.21 59.2
45.0 550.0 0.12 48.3
50.0 550.0 0.05 37.7
55.0 550.0 0.02 28.5
60.0 550.0 0.01 21.3
65.0 550.0 0.01 16.1
70.0 550.0 0.01 12.3
75.0 550.0 0.02 9.5
80.0 550.0 0.03 7.5
85.0 550.0 0.04 6.0
90.0 550.0 0.00 0.0
0.0 560.0 0.21 65.4
5.0 560.0 0.23 72.9
10.0 560.0 0.27 79.8
15.0 560.0 0.31 85.2
20.0 560.0 0.35 88.1
25.0 560.0 0.38 87.5
30.0 560.0 0.39 82.6
35.0 560.0 0.38 73.1
40.0 560.0 0.32 60.5
45.0 560.0 0.23 47.6
50.0 560.0 0.16 36.3
55.0 560.0 0.11 27.4
60.0 560.0 0.08 20.8
65.0 560.0 0.06 16.0
70.0 560.0 0.06 12.5
75.0 560.0 0.06 9.9
80.0 560.0 0.06 8.0
85.0 560.0 0.06 6.4
90.0 560.0 0.00 0.0
0.0 570.0 0.21 55.4
5.0 570.0 0.22 66.7
10.0 570.0 0.25 77.1
15.0 570.0 0.29 85.1
20.0 570.0 0.31 89.8
25.0 570.0 0.34 -89.4
30.0 570.0 0.36 87.0
35.0 570.0 0.36 78.9
40.0 570.0 0.34 66.8
45.0 570.0 0.29 53.5
50.0 570.0 0.23 41.5
55.0 570.0 0.18 32.0
60.0 570.0 0.14 24.9
65.0 570.0 0.12 19.6
70.0 570.0 0.11 15.6
75.0 570.0 0.10 12.6
80.0 570.0 0.09 10.2
85.0 570.0 0.10 8.1
90.0 570.0 0.00 0.0
0.0 580.0 0.21 45.4
5.0 580.0 0.22 60.1
10.0 580.0 0.23 73.2
15.0 580.0 0.25 82.8
20.0 580.0 0.26 88.2
25.0 580.0 0.27 89.8
30.0 580.0 0.28 87.5
35.0 580.0 0.29 81.5
40.0 580.0 0.29 72.3
45.0 580.0 0.28 61.1
50.0 580.0 0.25 49.8
55.0 580.0 0.22 39.9
60.0 580.0 0.19 32.0
65.0 580.0 0.17 25.8
70.0 580.0 0.15 20.9
75.0 580.0 0.14 17.1
80.0 580.0 0.14 13.9
85.0 580.0 0.14 11.1
90.0 580.0 0.00 0.0
0.0 590.0 0.21 35.4
5.0 590.0 0.20 53.0
10.0 590.0 0.20 68.0
15.0 590.0 0.20 78.4
20.0 590.0 0.20 84.3
25.0 590.0 0.20 86.3
30.0 590.0 0.21 85.2
35.0 590.0 0.22 81.3
40.0 590.0 0.23 75.0
45.0 590.0 0.23 66.9
50.0 590.0 0.23 58.0
55.0 590.0 0.22 49.2
60.0 590.0 0.21 41.2
65.0 590.0 0.20 34.4
70.0 590.0 0.19 28.7
75.0 590.0 0.19 23.8
80.0 590.0 0.19 19.7
85.0 590.0 0.19 15.9
90.0 590.0 0.00 0.0
0.0 600.0 0.21 25.4
5.0 600.0 0.19 45.2
10.0 600.0 0.17 61.5
15.0 600.0 0.15 72.4
20.0 600.0 0.14 78.7
25.0 600.0 0.14 81.4
30.0 600.0 0.14 81.4
35.0 600.0 0.15 79.3
40.0 600.0 0.16 75.5
45.0 600.0 0.17 70.2
50.0 600.0 0.18 64.1
55.0 600.0 0.19 57.5
60.0 600.0 0.19 50.9
65.0 600.0 0.20 44.6
70.0 600.0 0.21 38.8
75.0 600.0 0.22 33.4
80.0 600.0 0.24 28.3
85.0 600.0 0.25 23.5
90.0 600.0 0.00 0.0
0.0 610.0 0.21 15.4
5.0 610.0 0.17 36.9
10.0 610.0 0.13 54.0
15.0 610.0 0.11 65.3
20.0 610.0 0.09 72.0
25.0 610.0 0.09 75.5
30.0 610.0 0.09 76.7
35.0 610.0 0.09 76.1
40.0 610.0 0.10 74.3
45.0 610.0 0.11 71.5
50.0 610.0 0.12 67.9
55.0 610.0 0.14 63.8
60.0 610.0 0.15 59.3
65.0 610.0 0.17 54.7
70.0 610.0 0.20 49.9
75.0 610.0 0.22 45.1
80.0 610.0 0.26 40.1
85.0 610.0 0.30 34.9
90.0 610.0 0.00 0.0
0.0 620.0 0.21 5.4
5.0 620.0 0.16 27.8
10.0 620.0 0.10 45.4
15.0 620.0 0.06 57.1
20.0 620.0 0.04 64.4
25.0 620.0 0.04 68.8
30.0 620.0 0.04 71.1
35.0 620.0 0.04 72.0
40.0 620.0 0.05 71.8
45.0 620.0 0.05 70.9
50.0 620.0 0.06 69.5
55.0 620.0 0.08 67.6
60.0 620.0 0.09 65.3
65.0 620.0 0.12 62.8
70.0 620.0 0.14 60.0
75.0 620.0 0.18 56.8
80.0 620.0 0.23 53.4
85.0 620.0 0.29 49.4
90.0 620.0 0.00 0.0
0.0 630.0 0.21 -4.6
5.0 630.0 0.15 18.1
10.0 630.0 0.07 35.8
15.0 630.0 0.02 47.9
20.0 630.0 0.01 55.9
25.0 630.0 0.02 61.2
30.0 630.0 0.02 64.6
35.0 630.0 0.02 66.8
40.0 630.0 0.02 68.2
45.0 630.0 0.01 68.9
50.0 630.0 0.01 69.2
55.0 630.0 0.00 69.2
60.0 630.0 0.01 68.8
65.0 630.0 0.02 68.2
70.0 630.0 0.04 67.2
75.0 630.0 0.07 66.0
80.0 630.0 0.10 64.2
85.0 630.0 0.15 62.1
90.0 630.0 0.00 0.0
0.0 640.0 0.21 -14.6
5.0 640.0 0.14 7.8
10.0 640.0 0.04 25.3
15.0 640.0 0.02 37.7
20.0 640.0 0.06 46.4
25.0 640.0 0.07 52.7
30.0 640.0 0.08 57.3
35.0 640.0 0.09 60.8
40.0 640.0 0.10 63.5
45.0 640.0 0.10 65.7
50.0 640.0 0.11 67.5
55.0 640.0 0.11 69.1
60.0 640.0 0.12 70.3
65.0 640.0 0.12 71.2
70.0 640.0 0.13 71.7
75.0 640.0 0.13 71.6
80.0 640.0 0.13 70.7
85.0 640.0 0.12 68.7
90.0 640.0 0.00 0.0
0.0 650.0 0.21 -24.6
5.0 650.0 0.13 -3.2
10.0 650.0 0.02 13.7
15.0 650.0 0.06 26.3
20.0 650.0 0.11 35.8
25.0 650.0 0.14 43.1
30.0 650.0 0.16 48.9
35.0 650.0 0.18 53.7
40.0 650.0 0.19 57.8
45.0 650.0 0.21 61.5
50.0 650.0 0.24 64.8
55.0 650.0 0.26 67.8
60.0 650.0 0.30 70.6
65.0 650.0 0.34 72.9
70.0 650.0 0.38 74.4
75.0 650.0 0.43 74.7
80.0 650.0 0.47 72.9
85.0 650.0 0.50 68.1
90.0 650.0 0.00 0.0
0.0 660.0 0.21 -34.6
5.0 660.0 0.13 -14.8
10.0 660.0 0.01 1.1
15.0 660.0 0.09 13.5
20.0 660.0 0.16 23.4
25.0 660.0 0.21 31.7
30.0 660.0 0.24 38.8
35.0 660.0 0.27 44.9
40.0 660.0 0.31 50.5
45.0 660.0 0.35 55.6
50.0 660.0 0.40 60.5
55.0 660.0 0.46 65.2
60.0 660.0 0.53 69.6
65.0 660.0 0.61 73.5
70.0 660.0 0.70 76.1
75.0 660.0 0.81 74.8
80.0 660.0 0.89 57.3
85.0 660.0 0.82 31.0
90.0 660.0 0.00 0.0
0.0 670.0 0.21 -44.6
5.0 670.0 0.13 -26.9
10.0 670.0 0.01 -12.5
15.0 670.0 0.11 -0.9
20.0 670.0 0.20 9.0
25.0 670.0 0.27 17.9
30.0 670.0 0.33 25.9
35.0 670.0 0.38 33.3
40.0 670.0 0.44 40.0
45.0 670.0 0.50 46.3
50.0 670.0 0.59 52.2
55.0 670.0 0.69 57.6
60.0 670.0 0.82 62.1
65.0 670.0 0.96 59.5
70.0 670.0 0.89 -11.4
75.0 670.0 0.77 -8.5
80.0 670.0 0.68 -4.0
85.0 670.0 0.59 0.8
90.0 670.0 0.00 0.0
0.0 680.0 0.21 -54.6
5.0 680.0 0.14 -39.6
10.0 680.0 0.01 -27.2
15.0 680.0 0.11 -17.1
20.0 680.0 0.23 -8.1
25.0 680.0 0.32 0.4
30.0 680.0 0.40 8.5
35.0 680.0 0.48 16.1
40.0 680.0 0.56 22.6
45.0 680.0 0.65 27.3
50.0 680.0 0.76 27.5
55.0 680.0 0.84 13.9
60.0 680.0 0.80 -7.3
65.0 680.0 0.69 -12.5
70.0 680.0 0.60 -11.8
75.0 680.0 0.52 -9.3
80.0 680.0 0.45 -6.3
85.0 680.0 0.40 -3.0
90.0 680.0 0.00 0.0
0.0 690.0 0.21 -64.6
5.0 690.0 0.15 -52.7
10.0 690.0 0.04 -42.8
15.0 690.0 0.09 -34.8
20.0 690.0 0.21 -27.8
25.0 690.0 0.33 -21.3
30.0 690.0 0.43 -15.1
35.0 690.0 0.52 -9.7
40.0 690.0 0.59 -6.3
45.0 690.0 0.65 -6.7
50.0 690.0 0.66 -11.1
55.0 690.0 0.61 -15.3
60.0 690.0 0.54 -16.2
65.0 690.0 0.46 -14.8
70.0 690.0 0.39 -12.6
75.0 690.0 0.34 -10.0
80.0 690.0 0.30 -7.4
85.0 690.0 0.27 -4.8
90.0 690.0 0.00 0.0
0.0 700.0 0.21 -74.6
5.0 700.0 0.16 -66.2
10.0 700.0 0.07 -59.2
15.0 700.0 0.03 -53.6
20.0 700.0 0.14 -49.0
25.0 700.0 0.24 -45.2
30.0 700.0 0.34 -41.9
35.0 700.0 0.41 -39.1
40.0 700.0 0.45 -36.7
45.0 700.0 0.45 -34.5
50.0 700.0 0.43 -31.7
55.0 700.0 0.38 -28.0
60.0 700.0 0.32 -23.6
65.0 700.0 0.28 -19.3
70.0 700.0 0.24 -15.4
75.0 700.0 0.21 -12.1
80.0 700.0 0.19 -9.3
85.0 700.0 0.18 -6.8
90.0 700.0 0.00 0.0
0.0 710.0 0.21 -84.6
5.0 710.0 0.18 -80.0
10.0 710.0 0.12 -76.1
15.0 710.0 0.05 -73.0
20.0 710.0 0.02 -70.6
25.0 710.0 0.09 -68.7
30.0 710.0 0.15 -67.2
35.0 710.0 0.19 -65.5
40.0 710.0 0.21 -63.3
45.0 710.0 0.21 -60.0
50.0 710.0 0.19 -55.0
55.0 710.0 0.16 -48.4
60.0 710.0 0.14 -40.7
65.0 710.0 0.12 -32.9
70.0 710.0 0.11 -25.9
75.0 710.0 0.11 -20.1
80.0 710.0 0.12 -15.7
85.0 710.0 0.12 -12.2
90.0 710.0 0.00 0.0
0.0 720.0 0.21 85.4
5.0 720.0 0.19 86.1
10.0 720.0 0.17 86.7
15.0 720.0 0.15 87.2
20.0 720.0 0.12 87.8
25.0 720.0 0.10 88.4
30.0 720.0 0.08 88.9
35.0 720.0 0.07 89.4
40.0 720.0 0.06 89.8
45.0 720.0 0.05 -89.9
50.0 720.0 0.04 -89.7
55.0 720.0 0.04 -89.7
60.0 720.0 0.04 -89.7
65.0 720.0 0.04 -89.9
70.0 720.0 0.04 89.9
75.0 720.0 0.05 89.6
80.0 720.0 0.06 89.4
85.0 720.0 0.08 89.4
90.0 720.0 0.00 0.0
