# Radiation Pattern Data
# Generated from: sailboat-marine-vhf_30.out
# Frequency: 156.8 MHz
# Format: Theta Phi Gain_dBi Phase_deg
# Theta: elevation angle (0-180 degrees)
# Phi: azimuth angle (0-360 degrees)
0.0 0.0 0.00 0.0
5.0 0.0 0.00 0.0
10.0 0.0 0.00 0.0
15.0 0.0 0.00 0.0
20.0 0.0 0.00 0.0
25.0 0.0 0.00 0.0
30.0 0.0 0.00 0.0
35.0 0.0 0.00 -0.0
40.0 0.0 0.00 -0.0
45.0 0.0 0.00 0.0
50.0 0.0 0.00 0.0
55.0 0.0 0.00 -0.0
60.0 0.0 0.00 -0.0
65.0 0.0 0.00 0.0
70.0 0.0 0.00 -0.0
75.0 0.0 0.00 -0.0
80.0 0.0 0.00 -0.0
85.0 0.0 0.00 -0.0
90.0 0.0 0.00 -0.0
95.0 0.0 0.00 -0.0
100.0 0.0 0.00 -0.0
105.0 0.0 0.00 -0.0
110.0 0.0 0.00 -0.0
115.0 0.0 0.00 -0.0
120.0 0.0 0.00 -0.0
125.0 0.0 0.00 -0.0
130.0 0.0 0.00 -0.0
135.0 0.0 0.00 -0.0
140.0 0.0 0.00 0.0
145.0 0.0 0.00 -0.0
150.0 0.0 0.00 -0.0
155.0 0.0 0.00 0.0
160.0 0.0 0.00 0.0
165.0 0.0 0.00 0.0
170.0 0.0 0.00 0.0
175.0 0.0 0.00 0.0
180.0 0.0 0.00 0.0
0.0 10.0 0.00 0.0
5.0 10.0 0.00 -0.0
10.0 10.0 0.00 -0.0
15.0 10.0 0.00 -0.0
20.0 10.0 0.00 -0.0
25.0 10.0 0.00 -0.0
30.0 10.0 0.00 -0.0
35.0 10.0 0.00 -0.0
40.0 10.0 0.00 0.0
45.0 10.0 0.00 -0.1
50.0 10.0 0.00 -0.1
55.0 10.0 0.00 -0.0
60.0 10.0 0.01 0.6
65.0 10.0 0.00 -0.2
70.0 10.0 0.00 -0.0
75.0 10.0 0.00 0.4
80.0 10.0 0.01 -0.2
85.0 10.0 0.00 0.1
90.0 10.0 0.00 0.4
95.0 10.0 0.01 0.2
100.0 10.0 0.00 0.2
105.0 10.0 0.00 0.3
110.0 10.0 0.00 0.3
115.0 10.0 0.00 0.1
120.0 10.0 0.00 0.1
125.0 10.0 0.00 0.2
130.0 10.0 0.00 0.1
135.0 10.0 0.00 0.1
140.0 10.0 0.00 0.0
145.0 10.0 0.00 0.0
150.0 10.0 0.00 0.0
155.0 10.0 0.00 0.0
160.0 10.0 0.00 0.0
165.0 10.0 0.00 0.0
170.0 10.0 0.00 -0.0
175.0 10.0 0.00 -0.0
180.0 10.0 0.00 0.0
0.0 20.0 0.00 0.0
5.0 20.0 0.00 -0.0
10.0 20.0 0.00 -0.0
15.0 20.0 0.00 -0.0
20.0 20.0 0.00 -0.0
25.0 20.0 0.00 -0.0
30.0 20.0 0.00 -0.0
35.0 20.0 0.00 -0.0
40.0 20.0 0.00 0.0
45.0 20.0 0.00 -0.1
50.0 20.0 0.00 -0.1
55.0 20.0 0.00 -0.1
60.0 20.0 0.01 0.8
65.0 20.0 0.00 -0.4
70.0 20.0 0.01 -0.0
75.0 20.0 0.01 0.6
80.0 20.0 0.01 -0.4
85.0 20.0 0.01 0.2
90.0 20.0 0.00 0.7
95.0 20.0 0.01 0.3
100.0 20.0 0.00 0.3
105.0 20.0 0.00 0.5
110.0 20.0 0.00 0.4
115.0 20.0 0.00 0.2
120.0 20.0 0.00 0.2
125.0 20.0 0.00 0.3
130.0 20.0 0.00 0.1
135.0 20.0 0.00 0.1
140.0 20.0 0.00 0.1
145.0 20.0 0.00 0.1
150.0 20.0 0.00 0.0
155.0 20.0 0.00 0.0
160.0 20.0 0.00 0.0
165.0 20.0 0.00 0.0
170.0 20.0 0.00 -0.0
175.0 20.0 0.00 -0.0
180.0 20.0 0.00 0.0
0.0 30.0 0.00 0.0
5.0 30.0 0.00 -0.0
10.0 30.0 0.00 -0.0
15.0 30.0 0.00 -0.0
20.0 30.0 0.00 -0.0
25.0 30.0 0.00 -0.0
30.0 30.0 0.00 -0.0
35.0 30.0 0.00 -0.0
40.0 30.0 0.00 0.0
45.0 30.0 0.00 -0.1
50.0 30.0 0.00 -0.1
55.0 30.0 0.00 -0.0
60.0 30.0 0.01 0.7
65.0 30.0 0.00 -0.3
70.0 30.0 0.00 -0.0
75.0 30.0 0.00 0.6
80.0 30.0 0.01 -0.3
85.0 30.0 0.00 0.2
90.0 30.0 0.00 0.6
95.0 30.0 0.01 0.2
100.0 30.0 0.00 0.3
105.0 30.0 0.00 0.4
110.0 30.0 0.00 0.4
115.0 30.0 0.00 0.2
120.0 30.0 0.00 0.2
125.0 30.0 0.00 0.3
130.0 30.0 0.00 0.1
135.0 30.0 0.00 0.1
140.0 30.0 0.00 0.1
145.0 30.0 0.00 0.1
150.0 30.0 0.00 0.0
155.0 30.0 0.00 0.0
160.0 30.0 0.00 0.0
165.0 30.0 0.00 0.0
170.0 30.0 0.00 -0.0
175.0 30.0 0.00 -0.0
180.0 30.0 0.00 0.0
0.0 40.0 0.00 0.0
5.0 40.0 0.00 -0.0
10.0 40.0 0.00 -0.0
15.0 40.0 0.00 -0.0
20.0 40.0 0.00 -0.0
25.0 40.0 0.00 -0.0
30.0 40.0 0.00 -0.0
35.0 40.0 0.00 -0.0
40.0 40.0 0.00 0.0
45.0 40.0 0.00 -0.1
50.0 40.0 0.00 -0.0
55.0 40.0 0.00 -0.0
60.0 40.0 0.00 0.3
65.0 40.0 0.00 -0.1
70.0 40.0 0.00 -0.0
75.0 40.0 0.00 0.2
80.0 40.0 0.00 -0.1
85.0 40.0 0.00 0.1
90.0 40.0 0.00 0.2
95.0 40.0 0.00 0.1
100.0 40.0 0.00 0.1
105.0 40.0 0.00 0.2
110.0 40.0 0.00 0.1
115.0 40.0 0.00 0.1
120.0 40.0 0.00 0.1
125.0 40.0 0.00 0.1
130.0 40.0 0.00 0.0
135.0 40.0 0.00 0.0
140.0 40.0 0.00 0.0
145.0 40.0 0.00 0.0
150.0 40.0 0.00 0.0
155.0 40.0 0.00 0.0
160.0 40.0 0.00 0.0
165.0 40.0 0.00 0.0
170.0 40.0 0.00 -0.0
175.0 40.0 0.00 -0.0
180.0 40.0 0.00 0.0
0.0 50.0 0.00 0.0
5.0 50.0 0.00 0.0
10.0 50.0 0.00 0.0
15.0 50.0 0.00 0.0
20.0 50.0 0.00 0.0
25.0 50.0 0.00 0.0
30.0 50.0 0.00 0.0
35.0 50.0 0.00 0.0
40.0 50.0 0.00 -0.0
45.0 50.0 0.00 0.1
50.0 50.0 0.00 0.0
55.0 50.0 0.00 0.0
60.0 50.0 0.00 -0.3
65.0 50.0 0.00 0.1
70.0 50.0 0.00 0.0
75.0 50.0 0.00 -0.2
80.0 50.0 0.00 0.1
85.0 50.0 0.00 -0.1
90.0 50.0 0.00 -0.2
95.0 50.0 0.00 -0.1
100.0 50.0 0.00 -0.1
105.0 50.0 0.00 -0.2
110.0 50.0 0.00 -0.1
115.0 50.0 0.00 -0.1
120.0 50.0 0.00 -0.1
125.0 50.0 0.00 -0.1
130.0 50.0 0.00 -0.0
135.0 50.0 0.00 -0.0
140.0 50.0 0.00 -0.0
145.0 50.0 0.00 -0.0
150.0 50.0 0.00 -0.0
155.0 50.0 0.00 -0.0
160.0 50.0 0.00 -0.0
165.0 50.0 0.00 -0.0
170.0 50.0 0.00 0.0
175.0 50.0 0.00 0.0
180.0 50.0 0.00 0.0
0.0 60.0 0.00 0.0
5.0 60.0 0.00 0.0
10.0 60.0 0.00 0.0
15.0 60.0 0.00 0.0
20.0 60.0 0.00 0.0
25.0 60.0 0.00 0.0
30.0 60.0 0.00 0.0
35.0 60.0 0.00 0.0
40.0 60.0 0.00 -0.0
45.0 60.0 0.00 0.1
50.0 60.0 0.00 0.1
55.0 60.0 0.00 0.0
60.0 60.0 0.01 -0.7
65.0 60.0 0.00 0.3
70.0 60.0 0.00 0.0
75.0 60.0 0.00 -0.6
80.0 60.0 0.01 0.3
85.0 60.0 0.00 -0.2
90.0 60.0 0.00 -0.6
95.0 60.0 0.01 -0.2
100.0 60.0 0.00 -0.3
105.0 60.0 0.00 -0.4
110.0 60.0 0.00 -0.4
115.0 60.0 0.00 -0.2
120.0 60.0 0.00 -0.2
125.0 60.0 0.00 -0.3
130.0 60.0 0.00 -0.1
135.0 60.0 0.00 -0.1
140.0 60.0 0.00 -0.1
145.0 60.0 0.00 -0.1
150.0 60.0 0.00 -0.0
155.0 60.0 0.00 -0.0
160.0 60.0 0.00 -0.0
165.0 60.0 0.00 -0.0
170.0 60.0 0.00 0.0
175.0 60.0 0.00 0.0
180.0 60.0 0.00 0.0
0.0 70.0 0.00 0.0
5.0 70.0 0.00 0.0
10.0 70.0 0.00 0.0
15.0 70.0 0.00 0.0
20.0 70.0 0.00 0.0
25.0 70.0 0.00 0.0
30.0 70.0 0.00 0.0
35.0 70.0 0.00 0.0
40.0 70.0 0.00 -0.0
45.0 70.0 0.00 0.1
50.0 70.0 0.00 0.1
55.0 70.0 0.00 0.1
60.0 70.0 0.01 -0.8
65.0 70.0 0.00 0.4
70.0 70.0 0.01 0.0
75.0 70.0 0.01 -0.6
80.0 70.0 0.01 0.4
85.0 70.0 0.01 -0.2
90.0 70.0 0.00 -0.7
95.0 70.0 0.01 -0.3
100.0 70.0 0.00 -0.3
105.0 70.0 0.00 -0.5
110.0 70.0 0.00 -0.4
115.0 70.0 0.00 -0.2
120.0 70.0 0.00 -0.2
125.0 70.0 0.00 -0.3
130.0 70.0 0.00 -0.1
135.0 70.0 0.00 -0.1
140.0 70.0 0.00 -0.1
145.0 70.0 0.00 -0.1
150.0 70.0 0.00 -0.0
155.0 70.0 0.00 -0.0
160.0 70.0 0.00 -0.0
165.0 70.0 0.00 -0.0
170.0 70.0 0.00 0.0
175.0 70.0 0.00 0.0
180.0 70.0 0.00 0.0
0.0 80.0 0.00 0.0
5.0 80.0 0.00 0.0
10.0 80.0 0.00 0.0
15.0 80.0 0.00 0.0
20.0 80.0 0.00 0.0
25.0 80.0 0.00 0.0
30.0 80.0 0.00 0.0
35.0 80.0 0.00 0.0
40.0 80.0 0.00 -0.0
45.0 80.0 0.00 0.1
50.0 80.0 0.00 0.1
55.0 80.0 0.00 0.0
60.0 80.0 0.01 -0.6
65.0 80.0 0.00 0.2
70.0 80.0 0.00 0.0
75.0 80.0 0.00 -0.4
80.0 80.0 0.01 0.2
85.0 80.0 0.00 -0.1
90.0 80.0 0.00 -0.4
95.0 80.0 0.01 -0.2
100.0 80.0 0.00 -0.2
105.0 80.0 0.00 -0.3
110.0 80.0 0.00 -0.3
115.0 80.0 0.00 -0.1
120.0 80.0 0.00 -0.1
125.0 80.0 0.00 -0.2
130.0 80.0 0.00 -0.1
135.0 80.0 0.00 -0.1
140.0 80.0 0.00 -0.0
145.0 80.0 0.00 -0.0
150.0 80.0 0.00 -0.0
155.0 80.0 0.00 -0.0
160.0 80.0 0.00 -0.0
165.0 80.0 0.00 -0.0
170.0 80.0 0.00 0.0
175.0 80.0 0.00 0.0
180.0 80.0 0.00 0.0
0.0 90.0 0.00 0.0
5.0 90.0 0.00 -0.0
10.0 90.0 0.00 -0.0
15.0 90.0 0.00 -0.0
20.0 90.0 0.00 -0.0
25.0 90.0 0.00 -0.0
30.0 90.0 0.00 -0.0
35.0 90.0 0.00 -0.0
40.0 90.0 0.00 0.0
45.0 90.0 0.00 -0.0
50.0 90.0 0.00 -0.0
55.0 90.0 0.00 -0.0
60.0 90.0 0.00 0.0
65.0 90.0 0.00 -0.0
70.0 90.0 0.00 -0.0
75.0 90.0 0.00 0.0
80.0 90.0 0.00 -0.0
85.0 90.0 0.00 0.0
90.0 90.0 0.00 0.0
95.0 90.0 0.00 0.0
100.0 90.0 0.00 0.0
105.0 90.0 0.00 0.0
110.0 90.0 0.00 0.0
115.0 90.0 0.00 0.0
120.0 90.0 0.00 0.0
125.0 90.0 0.00 0.0
130.0 90.0 0.00 0.0
135.0 90.0 0.00 0.0
140.0 90.0 0.00 0.0
145.0 90.0 0.00 0.0
150.0 90.0 0.00 0.0
155.0 90.0 0.00 0.0
160.0 90.0 0.00 0.0
165.0 90.0 0.00 -0.0
170.0 90.0 0.00 -0.0
175.0 90.0 0.00 -0.0
180.0 90.0 0.00 0.0
0.0 100.0 0.00 0.0
5.0 100.0 0.00 -0.0
10.0 100.0 0.00 -0.0
15.0 100.0 0.00 -0.0
20.0 100.0 0.00 -0.0
25.0 100.0 0.00 -0.0
30.0 100.0 0.00 -0.0
35.0 100.0 0.00 -0.0
40.0 100.0 0.00 0.0
45.0 100.0 0.00 -0.1
50.0 100.0 0.00 -0.1
55.0 100.0 0.00 -0.0
60.0 100.0 0.01 0.6
65.0 100.0 0.00 -0.2
70.0 100.0 0.00 -0.0
75.0 100.0 0.00 0.4
80.0 100.0 0.01 -0.2
85.0 100.0 0.00 0.1
90.0 100.0 0.00 0.4
95.0 100.0 0.01 0.2
100.0 100.0 0.00 0.2
105.0 100.0 0.00 0.3
110.0 100.0 0.00 0.3
115.0 100.0 0.00 0.1
120.0 100.0 0.00 0.1
125.0 100.0 0.00 0.2
130.0 100.0 0.00 0.1
135.0 100.0 0.00 0.1
140.0 100.0 0.00 0.0
145.0 100.0 0.00 0.0
150.0 100.0 0.00 0.0
155.0 100.0 0.00 0.0
160.0 100.0 0.00 0.0
165.0 100.0 0.00 0.0
170.0 100.0 0.00 -0.0
175.0 100.0 0.00 -0.0
180.0 100.0 0.00 0.0
0.0 110.0 0.00 0.0
5.0 110.0 0.00 -0.0
10.0 110.0 0.00 -0.0
15.0 110.0 0.00 -0.0
20.0 110.0 0.00 -0.0
25.0 110.0 0.00 -0.0
30.0 110.0 0.00 -0.0
35.0 110.0 0.00 -0.0
40.0 110.0 0.00 0.0
45.0 110.0 0.00 -0.1
50.0 110.0 0.00 -0.1
55.0 110.0 0.00 -0.1
60.0 110.0 0.01 0.8
65.0 110.0 0.00 -0.4
70.0 110.0 0.01 -0.0
75.0 110.0 0.01 0.6
80.0 110.0 0.01 -0.4
85.0 110.0 0.01 0.2
90.0 110.0 0.00 0.7
95.0 110.0 0.01 0.3
100.0 110.0 0.00 0.3
105.0 110.0 0.00 0.5
110.0 110.0 0.00 0.4
115.0 110.0 0.00 0.2
120.0 110.0 0.00 0.2
125.0 110.0 0.00 0.3
130.0 110.0 0.00 0.1
135.0 110.0 0.00 0.1
140.0 110.0 0.00 0.1
145.0 110.0 0.00 0.1
150.0 110.0 0.00 0.0
155.0 110.0 0.00 0.0
160.0 110.0 0.00 0.0
165.0 110.0 0.00 0.0
170.0 110.0 0.00 -0.0
175.0 110.0 0.00 -0.0
180.0 110.0 0.00 0.0
0.0 120.0 0.00 0.0
5.0 120.0 0.00 -0.0
10.0 120.0 0.00 -0.0
15.0 120.0 0.00 -0.0
20.0 120.0 0.00 -0.0
25.0 120.0 0.00 -0.0
30.0 120.0 0.00 -0.0
35.0 120.0 0.00 -0.0
40.0 120.0 0.00 0.0
45.0 120.0 0.00 -0.1
50.0 120.0 0.00 -0.1
55.0 120.0 0.00 -0.0
60.0 120.0 0.01 0.7
65.0 120.0 0.00 -0.3
70.0 120.0 0.00 -0.0
75.0 120.0 0.00 0.6
80.0 120.0 0.01 -0.3
85.0 120.0 0.00 0.2
90.0 120.0 0.00 0.6
95.0 120.0 0.01 0.2
100.0 120.0 0.00 0.3
105.0 120.0 0.00 0.4
110.0 120.0 0.00 0.4
115.0 120.0 0.00 0.2
120.0 120.0 0.00 0.2
125.0 120.0 0.00 0.3
130.0 120.0 0.00 0.1
135.0 120.0 0.00 0.1
140.0 120.0 0.00 0.1
145.0 120.0 0.00 0.1
150.0 120.0 0.00 0.0
155.0 120.0 0.00 0.0
160.0 120.0 0.00 0.0
165.0 120.0 0.00 0.0
170.0 120.0 0.00 -0.0
175.0 120.0 0.00 -0.0
180.0 120.0 0.00 0.0
0.0 130.0 0.00 0.0
5.0 130.0 0.00 -0.0
10.0 130.0 0.00 -0.0
15.0 130.0 0.00 -0.0
20.0 130.0 0.00 -0.0
25.0 130.0 0.00 -0.0
30.0 130.0 0.00 -0.0
35.0 130.0 0.00 -0.0
40.0 130.0 0.00 0.0
45.0 130.0 0.00 -0.1
50.0 130.0 0.00 -0.0
55.0 130.0 0.00 -0.0
60.0 130.0 0.00 0.3
65.0 130.0 0.00 -0.1
70.0 130.0 0.00 -0.0
75.0 130.0 0.00 0.2
80.0 130.0 0.00 -0.1
85.0 130.0 0.00 0.1
90.0 130.0 0.00 0.2
95.0 130.0 0.00 0.1
100.0 130.0 0.00 0.1
105.0 130.0 0.00 0.2
110.0 130.0 0.00 0.1
115.0 130.0 0.00 0.1
120.0 130.0 0.00 0.1
125.0 130.0 0.00 0.1
130.0 130.0 0.00 0.0
135.0 130.0 0.00 0.0
140.0 130.0 0.00 0.0
145.0 130.0 0.00 0.0
150.0 130.0 0.00 0.0
155.0 130.0 0.00 0.0
160.0 130.0 0.00 0.0
165.0 130.0 0.00 0.0
170.0 130.0 0.00 -0.0
175.0 130.0 0.00 -0.0
180.0 130.0 0.00 0.0
0.0 140.0 0.00 0.0
5.0 140.0 0.00 0.0
10.0 140.0 0.00 0.0
15.0 140.0 0.00 0.0
20.0 140.0 0.00 0.0
25.0 140.0 0.00 0.0
30.0 140.0 0.00 0.0
35.0 140.0 0.00 0.0
40.0 140.0 0.00 -0.0
45.0 140.0 0.00 0.1
50.0 140.0 0.00 0.0
55.0 140.0 0.00 0.0
60.0 140.0 0.00 -0.3
65.0 140.0 0.00 0.1
70.0 140.0 0.00 0.0
75.0 140.0 0.00 -0.2
80.0 140.0 0.00 0.1
85.0 140.0 0.00 -0.1
90.0 140.0 0.00 -0.2
95.0 140.0 0.00 -0.1
100.0 140.0 0.00 -0.1
105.0 140.0 0.00 -0.2
110.0 140.0 0.00 -0.1
115.0 140.0 0.00 -0.1
120.0 140.0 0.00 -0.1
125.0 140.0 0.00 -0.1
130.0 140.0 0.00 -0.0
135.0 140.0 0.00 -0.0
140.0 140.0 0.00 -0.0
145.0 140.0 0.00 -0.0
150.0 140.0 0.00 -0.0
155.0 140.0 0.00 -0.0
160.0 140.0 0.00 -0.0
165.0 140.0 0.00 -0.0
170.0 140.0 0.00 0.0
175.0 140.0 0.00 0.0
180.0 140.0 0.00 0.0
0.0 150.0 0.00 0.0
5.0 150.0 0.00 0.0
10.0 150.0 0.00 0.0
15.0 150.0 0.00 0.0
20.0 150.0 0.00 0.0
25.0 150.0 0.00 0.0
30.0 150.0 0.00 0.0
35.0 150.0 0.00 0.0
40.0 150.0 0.00 -0.0
45.0 150.0 0.00 0.1
50.0 150.0 0.00 0.1
55.0 150.0 0.00 0.0
60.0 150.0 0.01 -0.7
65.0 150.0 0.00 0.3
70.0 150.0 0.00 0.0
75.0 150.0 0.00 -0.6
80.0 150.0 0.01 0.3
85.0 150.0 0.00 -0.2
90.0 150.0 0.00 -0.6
95.0 150.0 0.01 -0.2
100.0 150.0 0.00 -0.3
105.0 150.0 0.00 -0.4
110.0 150.0 0.00 -0.4
115.0 150.0 0.00 -0.2
120.0 150.0 0.00 -0.2
125.0 150.0 0.00 -0.3
130.0 150.0 0.00 -0.1
135.0 150.0 0.00 -0.1
140.0 150.0 0.00 -0.1
145.0 150.0 0.00 -0.1
150.0 150.0 0.00 -0.0
155.0 150.0 0.00 -0.0
160.0 150.0 0.00 -0.0
165.0 150.0 0.00 -0.0
170.0 150.0 0.00 0.0
175.0 150.0 0.00 0.0
180.0 150.0 0.00 0.0
0.0 160.0 0.00 0.0
5.0 160.0 0.00 0.0
10.0 160.0 0.00 0.0
15.0 160.0 0.00 0.0
20.0 160.0 0.00 0.0
25.0 160.0 0.00 0.0
30.0 160.0 0.00 0.0
35.0 160.0 0.00 0.0
40.0 160.0 0.00 -0.0
45.0 160.0 0.00 0.1
50.0 160.0 0.00 0.1
55.0 160.0 0.00 0.1
60.0 160.0 0.01 -0.8
65.0 160.0 0.00 0.4
70.0 160.0 0.01 0.0
75.0 160.0 0.01 -0.6
80.0 160.0 0.01 0.4
85.0 160.0 0.01 -0.2
90.0 160.0 0.00 -0.7
95.0 160.0 0.01 -0.3
100.0 160.0 0.00 -0.3
105.0 160.0 0.00 -0.5
110.0 160.0 0.00 -0.4
115.0 160.0 0.00 -0.2
120.0 160.0 0.00 -0.2
125.0 160.0 0.00 -0.3
130.0 160.0 0.00 -0.1
135.0 160.0 0.00 -0.1
140.0 160.0 0.00 -0.1
145.0 160.0 0.00 -0.1
150.0 160.0 0.00 -0.0
155.0 160.0 0.00 -0.0
160.0 160.0 0.00 -0.0
165.0 160.0 0.00 -0.0
170.0 160.0 0.00 0.0
175.0 160.0 0.00 0.0
180.0 160.0 0.00 0.0
0.0 170.0 0.00 0.0
5.0 170.0 0.00 0.0
10.0 170.0 0.00 0.0
15.0 170.0 0.00 0.0
20.0 170.0 0.00 0.0
25.0 170.0 0.00 0.0
30.0 170.0 0.00 0.0
35.0 170.0 0.00 0.0
40.0 170.0 0.00 -0.0
45.0 170.0 0.00 0.1
50.0 170.0 0.00 0.1
55.0 170.0 0.00 0.0
60.0 170.0 0.01 -0.6
65.0 170.0 0.00 0.2
70.0 170.0 0.00 0.0
75.0 170.0 0.00 -0.4
80.0 170.0 0.01 0.2
85.0 170.0 0.00 -0.1
90.0 170.0 0.00 -0.4
95.0 170.0 0.01 -0.2
100.0 170.0 0.00 -0.2
105.0 170.0 0.00 -0.3
110.0 170.0 0.00 -0.3
115.0 170.0 0.00 -0.1
120.0 170.0 0.00 -0.1
125.0 170.0 0.00 -0.2
130.0 170.0 0.00 -0.1
135.0 170.0 0.00 -0.1
140.0 170.0 0.00 -0.0
145.0 170.0 0.00 -0.0
150.0 170.0 0.00 -0.0
155.0 170.0 0.00 -0.0
160.0 170.0 0.00 -0.0
165.0 170.0 0.00 -0.0
170.0 170.0 0.00 0.0
175.0 170.0 0.00 0.0
180.0 170.0 0.00 0.0
0.0 180.0 0.00 0.0
5.0 180.0 0.00 -0.0
10.0 180.0 0.00 -0.0
15.0 180.0 0.00 -0.0
20.0 180.0 0.00 -0.0
25.0 180.0 0.00 -0.0
30.0 180.0 0.00 -0.0
35.0 180.0 0.00 -0.0
40.0 180.0 0.00 0.0
45.0 180.0 0.00 -0.0
50.0 180.0 0.00 -0.0
55.0 180.0 0.00 -0.0
60.0 180.0 0.00 0.0
65.0 180.0 0.00 -0.0
70.0 180.0 0.00 -0.0
75.0 180.0 0.00 0.0
80.0 180.0 0.00 -0.0
85.0 180.0 0.00 0.0
90.0 180.0 0.00 0.0
95.0 180.0 0.00 0.0
100.0 180.0 0.00 0.0
105.0 180.0 0.00 0.0
110.0 180.0 0.00 0.0
115.0 180.0 0.00 0.0
120.0 180.0 0.00 0.0
125.0 180.0 0.00 0.0
130.0 180.0 0.00 0.0
135.0 180.0 0.00 0.0
140.0 180.0 0.00 0.0
145.0 180.0 0.00 0.0
150.0 180.0 0.00 0.0
155.0 180.0 0.00 0.0
160.0 180.0 0.00 0.0
165.0 180.0 0.00 -0.0
170.0 180.0 0.00 -0.0
175.0 180.0 0.00 -0.0
180.0 180.0 0.00 0.0
0.0 190.0 0.00 0.0
5.0 190.0 0.00 -0.0
10.0 190.0 0.00 -0.0
15.0 190.0 0.00 -0.0
20.0 190.0 0.00 -0.0
25.0 190.0 0.00 -0.0
30.0 190.0 0.00 -0.0
35.0 190.0 0.00 -0.0
40.0 190.0 0.00 0.0
45.0 190.0 0.00 -0.1
50.0 190.0 0.00 -0.1
55.0 190.0 0.00 -0.0
60.0 190.0 0.01 0.6
65.0 190.0 0.00 -0.2
70.0 190.0 0.00 -0.0
75.0 190.0 0.00 0.4
80.0 190.0 0.01 -0.2
85.0 190.0 0.00 0.1
90.0 190.0 0.00 0.4
95.0 190.0 0.01 0.2
100.0 190.0 0.00 0.2
105.0 190.0 0.00 0.3
110.0 190.0 0.00 0.3
115.0 190.0 0.00 0.1
120.0 190.0 0.00 0.1
125.0 190.0 0.00 0.2
130.0 190.0 0.00 0.1
135.0 190.0 0.00 0.1
140.0 190.0 0.00 0.0
145.0 190.0 0.00 0.0
150.0 190.0 0.00 0.0
155.0 190.0 0.00 0.0
160.0 190.0 0.00 0.0
165.0 190.0 0.00 0.0
170.0 190.0 0.00 -0.0
175.0 190.0 0.00 -0.0
180.0 190.0 0.00 0.0
0.0 200.0 0.00 0.0
5.0 200.0 0.00 -0.0
10.0 200.0 0.00 -0.0
15.0 200.0 0.00 -0.0
20.0 200.0 0.00 -0.0
25.0 200.0 0.00 -0.0
30.0 200.0 0.00 -0.0
35.0 200.0 0.00 -0.0
40.0 200.0 0.00 0.0
45.0 200.0 0.00 -0.1
50.0 200.0 0.00 -0.1
55.0 200.0 0.00 -0.1
60.0 200.0 0.01 0.8
65.0 200.0 0.00 -0.4
70.0 200.0 0.01 -0.0
75.0 200.0 0.01 0.6
80.0 200.0 0.01 -0.4
85.0 200.0 0.01 0.2
90.0 200.0 0.00 0.7
95.0 200.0 0.01 0.3
100.0 200.0 0.00 0.3
105.0 200.0 0.00 0.5
110.0 200.0 0.00 0.4
115.0 200.0 0.00 0.2
120.0 200.0 0.00 0.2
125.0 200.0 0.00 0.3
130.0 200.0 0.00 0.1
135.0 200.0 0.00 0.1
140.0 200.0 0.00 0.1
145.0 200.0 0.00 0.1
150.0 200.0 0.00 0.0
155.0 200.0 0.00 0.0
160.0 200.0 0.00 0.0
165.0 200.0 0.00 0.0
170.0 200.0 0.00 -0.0
175.0 200.0 0.00 -0.0
180.0 200.0 0.00 0.0
0.0 210.0 0.00 0.0
5.0 210.0 0.00 -0.0
10.0 210.0 0.00 -0.0
15.0 210.0 0.00 -0.0
20.0 210.0 0.00 -0.0
25.0 210.0 0.00 -0.0
30.0 210.0 0.00 -0.0
35.0 210.0 0.00 -0.0
40.0 210.0 0.00 0.0
45.0 210.0 0.00 -0.1
50.0 210.0 0.00 -0.1
55.0 210.0 0.00 -0.0
60.0 210.0 0.01 0.7
65.0 210.0 0.00 -0.3
70.0 210.0 0.00 -0.0
75.0 210.0 0.00 0.6
80.0 210.0 0.01 -0.3
85.0 210.0 0.00 0.2
90.0 210.0 0.00 0.6
95.0 210.0 0.01 0.2
100.0 210.0 0.00 0.3
105.0 210.0 0.00 0.4
110.0 210.0 0.00 0.4
115.0 210.0 0.00 0.2
120.0 210.0 0.00 0.2
125.0 210.0 0.00 0.3
130.0 210.0 0.00 0.1
135.0 210.0 0.00 0.1
140.0 210.0 0.00 0.1
145.0 210.0 0.00 0.1
150.0 210.0 0.00 0.0
155.0 210.0 0.00 0.0
160.0 210.0 0.00 0.0
165.0 210.0 0.00 0.0
170.0 210.0 0.00 -0.0
175.0 210.0 0.00 -0.0
180.0 210.0 0.00 0.0
0.0 220.0 0.00 0.0
5.0 220.0 0.00 -0.0
10.0 220.0 0.00 -0.0
15.0 220.0 0.00 -0.0
20.0 220.0 0.00 -0.0
25.0 220.0 0.00 -0.0
30.0 220.0 0.00 -0.0
35.0 220.0 0.00 -0.0
40.0 220.0 0.00 0.0
45.0 220.0 0.00 -0.1
50.0 220.0 0.00 -0.0
55.0 220.0 0.00 -0.0
60.0 220.0 0.00 0.3
65.0 220.0 0.00 -0.1
70.0 220.0 0.00 -0.0
75.0 220.0 0.00 0.2
80.0 220.0 0.00 -0.1
85.0 220.0 0.00 0.1
90.0 220.0 0.00 0.2
95.0 220.0 0.00 0.1
100.0 220.0 0.00 0.1
105.0 220.0 0.00 0.2
110.0 220.0 0.00 0.1
115.0 220.0 0.00 0.1
120.0 220.0 0.00 0.1
125.0 220.0 0.00 0.1
130.0 220.0 0.00 0.0
135.0 220.0 0.00 0.0
140.0 220.0 0.00 0.0
145.0 220.0 0.00 0.0
150.0 220.0 0.00 0.0
155.0 220.0 0.00 0.0
160.0 220.0 0.00 0.0
165.0 220.0 0.00 0.0
170.0 220.0 0.00 -0.0
175.0 220.0 0.00 -0.0
180.0 220.0 0.00 0.0
0.0 230.0 0.00 0.0
5.0 230.0 0.00 0.0
10.0 230.0 0.00 0.0
15.0 230.0 0.00 0.0
20.0 230.0 0.00 0.0
25.0 230.0 0.00 0.0
30.0 230.0 0.00 0.0
35.0 230.0 0.00 0.0
40.0 230.0 0.00 -0.0
45.0 230.0 0.00 0.1
50.0 230.0 0.00 0.0
55.0 230.0 0.00 0.0
60.0 230.0 0.00 -0.3
65.0 230.0 0.00 0.1
70.0 230.0 0.00 0.0
75.0 230.0 0.00 -0.2
80.0 230.0 0.00 0.1
85.0 230.0 0.00 -0.1
90.0 230.0 0.00 -0.2
95.0 230.0 0.00 -0.1
100.0 230.0 0.00 -0.1
105.0 230.0 0.00 -0.2
110.0 230.0 0.00 -0.1
115.0 230.0 0.00 -0.1
120.0 230.0 0.00 -0.1
125.0 230.0 0.00 -0.1
130.0 230.0 0.00 -0.0
135.0 230.0 0.00 -0.0
140.0 230.0 0.00 -0.0
145.0 230.0 0.00 -0.0
150.0 230.0 0.00 -0.0
155.0 230.0 0.00 -0.0
160.0 230.0 0.00 -0.0
165.0 230.0 0.00 -0.0
170.0 230.0 0.00 0.0
175.0 230.0 0.00 0.0
180.0 230.0 0.00 0.0
0.0 240.0 0.00 0.0
5.0 240.0 0.00 0.0
10.0 240.0 0.00 0.0
15.0 240.0 0.00 0.0
20.0 240.0 0.00 0.0
25.0 240.0 0.00 0.0
30.0 240.0 0.00 0.0
35.0 240.0 0.00 0.0
40.0 240.0 0.00 -0.0
45.0 240.0 0.00 0.1
50.0 240.0 0.00 0.1
55.0 240.0 0.00 0.0
60.0 240.0 0.01 -0.7
65.0 240.0 0.00 0.3
70.0 240.0 0.00 0.0
75.0 240.0 0.00 -0.6
80.0 240.0 0.01 0.3
85.0 240.0 0.00 -0.2
90.0 240.0 0.00 -0.6
95.0 240.0 0.01 -0.2
100.0 240.0 0.00 -0.3
105.0 240.0 0.00 -0.4
110.0 240.0 0.00 -0.4
115.0 240.0 0.00 -0.2
120.0 240.0 0.00 -0.2
125.0 240.0 0.00 -0.3
130.0 240.0 0.00 -0.1
135.0 240.0 0.00 -0.1
140.0 240.0 0.00 -0.1
145.0 240.0 0.00 -0.1
150.0 240.0 0.00 -0.0
155.0 240.0 0.00 -0.0
160.0 240.0 0.00 -0.0
165.0 240.0 0.00 -0.0
170.0 240.0 0.00 0.0
175.0 240.0 0.00 0.0
180.0 240.0 0.00 0.0
0.0 250.0 0.00 0.0
5.0 250.0 0.00 0.0
10.0 250.0 0.00 0.0
15.0 250.0 0.00 0.0
20.0 250.0 0.00 0.0
25.0 250.0 0.00 0.0
30.0 250.0 0.00 0.0
35.0 250.0 0.00 0.0
40.0 250.0 0.00 -0.0
45.0 250.0 0.00 0.1
50.0 250.0 0.00 0.1
55.0 250.0 0.00 0.1
60.0 250.0 0.01 -0.8
65.0 250.0 0.00 0.4
70.0 250.0 0.01 0.0
75.0 250.0 0.01 -0.6
80.0 250.0 0.01 0.4
85.0 250.0 0.01 -0.2
90.0 250.0 0.00 -0.7
95.0 250.0 0.01 -0.3
100.0 250.0 0.00 -0.3
105.0 250.0 0.00 -0.5
110.0 250.0 0.00 -0.4
115.0 250.0 0.00 -0.2
120.0 250.0 0.00 -0.2
125.0 250.0 0.00 -0.3
130.0 250.0 0.00 -0.1
135.0 250.0 0.00 -0.1
140.0 250.0 0.00 -0.1
145.0 250.0 0.00 -0.1
150.0 250.0 0.00 -0.0
155.0 250.0 0.00 -0.0
160.0 250.0 0.00 -0.0
165.0 250.0 0.00 -0.0
170.0 250.0 0.00 0.0
175.0 250.0 0.00 0.0
180.0 250.0 0.00 0.0
0.0 260.0 0.00 0.0
5.0 260.0 0.00 0.0
10.0 260.0 0.00 0.0
15.0 260.0 0.00 0.0
20.0 260.0 0.00 0.0
25.0 260.0 0.00 0.0
30.0 260.0 0.00 0.0
35.0 260.0 0.00 0.0
40.0 260.0 0.00 -0.0
45.0 260.0 0.00 0.1
50.0 260.0 0.00 0.1
55.0 260.0 0.00 0.0
60.0 260.0 0.01 -0.6
65.0 260.0 0.00 0.2
70.0 260.0 0.00 0.0
75.0 260.0 0.00 -0.4
80.0 260.0 0.01 0.2
85.0 260.0 0.00 -0.1
90.0 260.0 0.00 -0.4
95.0 260.0 0.01 -0.2
100.0 260.0 0.00 -0.2
105.0 260.0 0.00 -0.3
110.0 260.0 0.00 -0.3
115.0 260.0 0.00 -0.1
120.0 260.0 0.00 -0.1
125.0 260.0 0.00 -0.2
130.0 260.0 0.00 -0.1
135.0 260.0 0.00 -0.1
140.0 260.0 0.00 -0.0
145.0 260.0 0.00 -0.0
150.0 260.0 0.00 -0.0
155.0 260.0 0.00 -0.0
160.0 260.0 0.00 -0.0
165.0 260.0 0.00 -0.0
170.0 260.0 0.00 0.0
175.0 260.0 0.00 0.0
180.0 260.0 0.00 0.0
0.0 270.0 0.00 0.0
5.0 270.0 0.00 0.0
10.0 270.0 0.00 -0.0
15.0 270.0 0.00 -0.0
20.0 270.0 0.00 -0.0
25.0 270.0 0.00 -0.0
30.0 270.0 0.00 -0.0
35.0 270.0 0.00 -0.0
40.0 270.0 0.00 0.0
45.0 270.0 0.00 -0.0
50.0 270.0 0.00 -0.0
55.0 270.0 0.00 -0.0
60.0 270.0 0.00 0.0
65.0 270.0 0.00 -0.0
70.0 270.0 0.00 -0.0
75.0 270.0 0.00 0.0
80.0 270.0 0.00 -0.0
85.0 270.0 0.00 0.0
90.0 270.0 0.00 0.0
95.0 270.0 0.00 0.0
100.0 270.0 0.00 0.0
105.0 270.0 0.00 0.0
110.0 270.0 0.00 0.0
115.0 270.0 0.00 0.0
120.0 270.0 0.00 0.0
125.0 270.0 0.00 0.0
130.0 270.0 0.00 0.0
135.0 270.0 0.00 0.0
140.0 270.0 0.00 0.0
145.0 270.0 0.00 0.0
150.0 270.0 0.00 0.0
155.0 270.0 0.00 0.0
160.0 270.0 0.00 0.0
165.0 270.0 0.00 0.0
170.0 270.0 0.00 -0.0
175.0 270.0 0.00 -0.0
180.0 270.0 0.00 0.0
0.0 280.0 0.00 0.0
5.0 280.0 0.00 -0.0
10.0 280.0 0.00 -0.0
15.0 280.0 0.00 -0.0
20.0 280.0 0.00 -0.0
25.0 280.0 0.00 -0.0
30.0 280.0 0.00 -0.0
35.0 280.0 0.00 -0.0
40.0 280.0 0.00 0.0
45.0 280.0 0.00 -0.1
50.0 280.0 0.00 -0.1
55.0 280.0 0.00 -0.0
60.0 280.0 0.01 0.6
65.0 280.0 0.00 -0.2
70.0 280.0 0.00 -0.0
75.0 280.0 0.00 0.4
80.0 280.0 0.01 -0.2
85.0 280.0 0.00 0.1
90.0 280.0 0.00 0.4
95.0 280.0 0.01 0.2
100.0 280.0 0.00 0.2
105.0 280.0 0.00 0.3
110.0 280.0 0.00 0.3
115.0 280.0 0.00 0.1
120.0 280.0 0.00 0.1
125.0 280.0 0.00 0.2
130.0 280.0 0.00 0.1
135.0 280.0 0.00 0.1
140.0 280.0 0.00 0.0
145.0 280.0 0.00 0.0
150.0 280.0 0.00 0.0
155.0 280.0 0.00 0.0
160.0 280.0 0.00 0.0
165.0 280.0 0.00 0.0
170.0 280.0 0.00 -0.0
175.0 280.0 0.00 -0.0
180.0 280.0 0.00 0.0
0.0 290.0 0.00 0.0
5.0 290.0 0.00 -0.0
10.0 290.0 0.00 -0.0
15.0 290.0 0.00 -0.0
20.0 290.0 0.00 -0.0
25.0 290.0 0.00 -0.0
30.0 290.0 0.00 -0.0
35.0 290.0 0.00 -0.0
40.0 290.0 0.00 0.0
45.0 290.0 0.00 -0.1
50.0 290.0 0.00 -0.1
55.0 290.0 0.00 -0.1
60.0 290.0 0.01 0.8
65.0 290.0 0.00 -0.4
70.0 290.0 0.01 -0.0
75.0 290.0 0.01 0.6
80.0 290.0 0.01 -0.4
85.0 290.0 0.01 0.2
90.0 290.0 0.00 0.7
95.0 290.0 0.01 0.3
100.0 290.0 0.00 0.3
105.0 290.0 0.00 0.5
110.0 290.0 0.00 0.4
115.0 290.0 0.00 0.2
120.0 290.0 0.00 0.2
125.0 290.0 0.00 0.3
130.0 290.0 0.00 0.1
135.0 290.0 0.00 0.1
140.0 290.0 0.00 0.1
145.0 290.0 0.00 0.1
150.0 290.0 0.00 0.0
155.0 290.0 0.00 0.0
160.0 290.0 0.00 0.0
165.0 290.0 0.00 0.0
170.0 290.0 0.00 -0.0
175.0 290.0 0.00 -0.0
180.0 290.0 0.00 0.0
0.0 300.0 0.00 0.0
5.0 300.0 0.00 -0.0
10.0 300.0 0.00 -0.0
15.0 300.0 0.00 -0.0
20.0 300.0 0.00 -0.0
25.0 300.0 0.00 -0.0
30.0 300.0 0.00 -0.0
35.0 300.0 0.00 -0.0
40.0 300.0 0.00 0.0
45.0 300.0 0.00 -0.1
50.0 300.0 0.00 -0.1
55.0 300.0 0.00 -0.0
60.0 300.0 0.01 0.7
65.0 300.0 0.00 -0.3
70.0 300.0 0.00 -0.0
75.0 300.0 0.00 0.6
80.0 300.0 0.01 -0.3
85.0 300.0 0.00 0.2
90.0 300.0 0.00 0.6
95.0 300.0 0.01 0.2
100.0 300.0 0.00 0.3
105.0 300.0 0.00 0.4
110.0 300.0 0.00 0.4
115.0 300.0 0.00 0.2
120.0 300.0 0.00 0.2
125.0 300.0 0.00 0.3
130.0 300.0 0.00 0.1
135.0 300.0 0.00 0.1
140.0 300.0 0.00 0.1
145.0 300.0 0.00 0.1
150.0 300.0 0.00 0.0
155.0 300.0 0.00 0.0
160.0 300.0 0.00 0.0
165.0 300.0 0.00 0.0
170.0 300.0 0.00 -0.0
175.0 300.0 0.00 -0.0
180.0 300.0 0.00 0.0
0.0 310.0 0.00 0.0
5.0 310.0 0.00 -0.0
10.0 310.0 0.00 -0.0
15.0 310.0 0.00 -0.0
20.0 310.0 0.00 -0.0
25.0 310.0 0.00 -0.0
30.0 310.0 0.00 -0.0
35.0 310.0 0.00 -0.0
40.0 310.0 0.00 0.0
45.0 310.0 0.00 -0.1
50.0 310.0 0.00 -0.0
55.0 310.0 0.00 -0.0
60.0 310.0 0.00 0.3
65.0 310.0 0.00 -0.1
70.0 310.0 0.00 -0.0
75.0 310.0 0.00 0.2
80.0 310.0 0.00 -0.1
85.0 310.0 0.00 0.1
90.0 310.0 0.00 0.2
95.0 310.0 0.00 0.1
100.0 310.0 0.00 0.1
105.0 310.0 0.00 0.2
110.0 310.0 0.00 0.1
115.0 310.0 0.00 0.1
120.0 310.0 0.00 0.1
125.0 310.0 0.00 0.1
130.0 310.0 0.00 0.0
135.0 310.0 0.00 0.0
140.0 310.0 0.00 0.0
145.0 310.0 0.00 0.0
150.0 310.0 0.00 0.0
155.0 310.0 0.00 0.0
160.0 310.0 0.00 0.0
165.0 310.0 0.00 0.0
170.0 310.0 0.00 -0.0
175.0 310.0 0.00 -0.0
180.0 310.0 0.00 0.0
0.0 320.0 0.00 0.0
5.0 320.0 0.00 0.0
10.0 320.0 0.00 0.0
15.0 320.0 0.00 0.0
20.0 320.0 0.00 0.0
25.0 320.0 0.00 0.0
30.0 320.0 0.00 0.0
35.0 320.0 0.00 0.0
40.0 320.0 0.00 -0.0
45.0 320.0 0.00 0.1
50.0 320.0 0.00 0.0
55.0 320.0 0.00 0.0
60.0 320.0 0.00 -0.3
65.0 320.0 0.00 0.1
70.0 320.0 0.00 0.0
75.0 320.0 0.00 -0.2
80.0 320.0 0.00 0.1
85.0 320.0 0.00 -0.1
90.0 320.0 0.00 -0.2
95.0 320.0 0.00 -0.1
100.0 320.0 0.00 -0.1
105.0 320.0 0.00 -0.2
110.0 320.0 0.00 -0.1
115.0 320.0 0.00 -0.1
120.0 320.0 0.00 -0.1
125.0 320.0 0.00 -0.1
130.0 320.0 0.00 -0.0
135.0 320.0 0.00 -0.0
140.0 320.0 0.00 -0.0
145.0 320.0 0.00 -0.0
150.0 320.0 0.00 -0.0
155.0 320.0 0.00 -0.0
160.0 320.0 0.00 -0.0
165.0 320.0 0.00 -0.0
170.0 320.0 0.00 0.0
175.0 320.0 0.00 0.0
180.0 320.0 0.00 0.0
0.0 330.0 0.00 0.0
5.0 330.0 0.00 0.0
10.0 330.0 0.00 0.0
15.0 330.0 0.00 0.0
20.0 330.0 0.00 0.0
25.0 330.0 0.00 0.0
30.0 330.0 0.00 0.0
35.0 330.0 0.00 0.0
40.0 330.0 0.00 -0.0
45.0 330.0 0.00 0.1
50.0 330.0 0.00 0.1
55.0 330.0 0.00 0.0
60.0 330.0 0.01 -0.7
65.0 330.0 0.00 0.3
70.0 330.0 0.00 0.0
75.0 330.0 0.00 -0.6
80.0 330.0 0.01 0.3
85.0 330.0 0.00 -0.2
90.0 330.0 0.00 -0.6
95.0 330.0 0.01 -0.2
100.0 330.0 0.00 -0.3
105.0 330.0 0.00 -0.4
110.0 330.0 0.00 -0.4
115.0 330.0 0.00 -0.2
120.0 330.0 0.00 -0.2
125.0 330.0 0.00 -0.3
130.0 330.0 0.00 -0.1
135.0 330.0 0.00 -0.1
140.0 330.0 0.00 -0.1
145.0 330.0 0.00 -0.1
150.0 330.0 0.00 -0.0
155.0 330.0 0.00 -0.0
160.0 330.0 0.00 -0.0
165.0 330.0 0.00 -0.0
170.0 330.0 0.00 0.0
175.0 330.0 0.00 0.0
180.0 330.0 0.00 0.0
0.0 340.0 0.00 0.0
5.0 340.0 0.00 0.0
10.0 340.0 0.00 0.0
15.0 340.0 0.00 0.0
20.0 340.0 0.00 0.0
25.0 340.0 0.00 0.0
30.0 340.0 0.00 0.0
35.0 340.0 0.00 0.0
40.0 340.0 0.00 -0.0
45.0 340.0 0.00 0.1
50.0 340.0 0.00 0.1
55.0 340.0 0.00 0.1
60.0 340.0 0.01 -0.8
65.0 340.0 0.00 0.4
70.0 340.0 0.01 0.0
75.0 340.0 0.01 -0.6
80.0 340.0 0.01 0.4
85.0 340.0 0.01 -0.2
90.0 340.0 0.00 -0.7
95.0 340.0 0.01 -0.3
100.0 340.0 0.00 -0.3
105.0 340.0 0.00 -0.5
110.0 340.0 0.00 -0.4
115.0 340.0 0.00 -0.2
120.0 340.0 0.00 -0.2
125.0 340.0 0.00 -0.3
130.0 340.0 0.00 -0.1
135.0 340.0 0.00 -0.1
140.0 340.0 0.00 -0.1
145.0 340.0 0.00 -0.1
150.0 340.0 0.00 -0.0
155.0 340.0 0.00 -0.0
160.0 340.0 0.00 -0.0
165.0 340.0 0.00 -0.0
170.0 340.0 0.00 0.0
175.0 340.0 0.00 0.0
180.0 340.0 0.00 0.0
0.0 350.0 0.00 0.0
5.0 350.0 0.00 0.0
10.0 350.0 0.00 0.0
15.0 350.0 0.00 0.0
20.0 350.0 0.00 0.0
25.0 350.0 0.00 0.0
30.0 350.0 0.00 0.0
35.0 350.0 0.00 0.0
40.0 350.0 0.00 -0.0
45.0 350.0 0.00 0.1
50.0 350.0 0.00 0.1
55.0 350.0 0.00 0.0
60.0 350.0 0.01 -0.6
65.0 350.0 0.00 0.2
70.0 350.0 0.00 0.0
75.0 350.0 0.00 -0.4
80.0 350.0 0.01 0.2
85.0 350.0 0.00 -0.1
90.0 350.0 0.00 -0.4
95.0 350.0 0.01 -0.2
100.0 350.0 0.00 -0.2
105.0 350.0 0.00 -0.3
110.0 350.0 0.00 -0.3
115.0 350.0 0.00 -0.1
120.0 350.0 0.00 -0.1
125.0 350.0 0.00 -0.2
130.0 350.0 0.00 -0.1
135.0 350.0 0.00 -0.1
140.0 350.0 0.00 -0.0
145.0 350.0 0.00 -0.0
150.0 350.0 0.00 -0.0
155.0 350.0 0.00 -0.0
160.0 350.0 0.00 -0.0
165.0 350.0 0.00 -0.0
170.0 350.0 0.00 0.0
175.0 350.0 0.00 0.0
180.0 350.0 0.00 0.0
0.0 360.0 0.00 0.0
5.0 360.0 0.00 0.0
10.0 360.0 0.00 -0.0
15.0 360.0 0.00 -0.0
20.0 360.0 0.00 -0.0
25.0 360.0 0.00 -0.0
30.0 360.0 0.00 -0.0
35.0 360.0 0.00 -0.0
40.0 360.0 0.00 0.0
45.0 360.0 0.00 -0.0
50.0 360.0 0.00 -0.0
55.0 360.0 0.00 -0.0
60.0 360.0 0.00 0.0
65.0 360.0 0.00 -0.0
70.0 360.0 0.00 -0.0
75.0 360.0 0.00 0.0
80.0 360.0 0.00 -0.0
85.0 360.0 0.00 0.0
90.0 360.0 0.00 0.0
95.0 360.0 0.00 0.0
100.0 360.0 0.00 0.0
105.0 360.0 0.00 0.0
110.0 360.0 0.00 0.0
115.0 360.0 0.00 0.0
120.0 360.0 0.00 0.0
125.0 360.0 0.00 0.0
130.0 360.0 0.00 0.0
135.0 360.0 0.00 0.0
140.0 360.0 0.00 0.0
145.0 360.0 0.00 0.0
150.0 360.0 0.00 0.0
155.0 360.0 0.00 0.0
160.0 360.0 0.00 0.0
165.0 360.0 0.00 0.0
170.0 360.0 0.00 -0.0
175.0 360.0 0.00 -0.0
180.0 360.0 0.00 0.0
0.0 370.0 0.00 0.0
5.0 370.0 0.00 -0.0
10.0 370.0 0.00 -0.0
15.0 370.0 0.00 -0.0
20.0 370.0 0.00 -0.0
25.0 370.0 0.00 -0.0
30.0 370.0 0.00 -0.0
35.0 370.0 0.00 -0.0
40.0 370.0 0.00 0.0
45.0 370.0 0.00 -0.1
50.0 370.0 0.00 -0.1
55.0 370.0 0.00 -0.0
60.0 370.0 0.01 0.6
65.0 370.0 0.00 -0.2
70.0 370.0 0.00 -0.0
75.0 370.0 0.00 0.4
80.0 370.0 0.01 -0.2
85.0 370.0 0.00 0.1
90.0 370.0 0.00 0.4
95.0 370.0 0.01 0.2
100.0 370.0 0.00 0.2
105.0 370.0 0.00 0.3
110.0 370.0 0.00 0.3
115.0 370.0 0.00 0.1
120.0 370.0 0.00 0.1
125.0 370.0 0.00 0.2
130.0 370.0 0.00 0.1
135.0 370.0 0.00 0.1
140.0 370.0 0.00 0.0
145.0 370.0 0.00 0.0
150.0 370.0 0.00 0.0
155.0 370.0 0.00 0.0
160.0 370.0 0.00 0.0
165.0 370.0 0.00 0.0
170.0 370.0 0.00 -0.0
175.0 370.0 0.00 -0.0
180.0 370.0 0.00 0.0
0.0 380.0 0.00 0.0
5.0 380.0 0.00 -0.0
10.0 380.0 0.00 -0.0
15.0 380.0 0.00 -0.0
20.0 380.0 0.00 -0.0
25.0 380.0 0.00 -0.0
30.0 380.0 0.00 -0.0
35.0 380.0 0.00 -0.0
40.0 380.0 0.00 0.0
45.0 380.0 0.00 -0.1
50.0 380.0 0.00 -0.1
55.0 380.0 0.00 -0.1
60.0 380.0 0.01 0.8
65.0 380.0 0.00 -0.4
70.0 380.0 0.01 -0.0
75.0 380.0 0.01 0.6
80.0 380.0 0.01 -0.4
85.0 380.0 0.01 0.2
90.0 380.0 0.00 0.7
95.0 380.0 0.01 0.3
100.0 380.0 0.00 0.3
105.0 380.0 0.00 0.5
110.0 380.0 0.00 0.4
115.0 380.0 0.00 0.2
120.0 380.0 0.00 0.2
125.0 380.0 0.00 0.3
130.0 380.0 0.00 0.1
135.0 380.0 0.00 0.1
140.0 380.0 0.00 0.1
145.0 380.0 0.00 0.1
150.0 380.0 0.00 0.0
155.0 380.0 0.00 0.0
160.0 380.0 0.00 0.0
165.0 380.0 0.00 0.0
170.0 380.0 0.00 -0.0
175.0 380.0 0.00 -0.0
180.0 380.0 0.00 0.0
0.0 390.0 0.00 0.0
5.0 390.0 0.00 -0.0
10.0 390.0 0.00 -0.0
15.0 390.0 0.00 -0.0
20.0 390.0 0.00 -0.0
25.0 390.0 0.00 -0.0
30.0 390.0 0.00 -0.0
35.0 390.0 0.00 -0.0
40.0 390.0 0.00 0.0
45.0 390.0 0.00 -0.1
50.0 390.0 0.00 -0.1
55.0 390.0 0.00 -0.0
60.0 390.0 0.01 0.7
65.0 390.0 0.00 -0.3
70.0 390.0 0.00 -0.0
75.0 390.0 0.00 0.6
80.0 390.0 0.01 -0.3
85.0 390.0 0.00 0.2
90.0 390.0 0.00 0.6
95.0 390.0 0.01 0.2
100.0 390.0 0.00 0.3
105.0 390.0 0.00 0.4
110.0 390.0 0.00 0.4
115.0 390.0 0.00 0.2
120.0 390.0 0.00 0.2
125.0 390.0 0.00 0.3
130.0 390.0 0.00 0.1
135.0 390.0 0.00 0.1
140.0 390.0 0.00 0.1
145.0 390.0 0.00 0.1
150.0 390.0 0.00 0.0
155.0 390.0 0.00 0.0
160.0 390.0 0.00 0.0
165.0 390.0 0.00 0.0
170.0 390.0 0.00 -0.0
175.0 390.0 0.00 -0.0
180.0 390.0 0.00 0.0
0.0 400.0 0.00 0.0
5.0 400.0 0.00 -0.0
10.0 400.0 0.00 -0.0
15.0 400.0 0.00 -0.0
20.0 400.0 0.00 -0.0
25.0 400.0 0.00 -0.0
30.0 400.0 0.00 -0.0
35.0 400.0 0.00 -0.0
40.0 400.0 0.00 0.0
45.0 400.0 0.00 -0.1
50.0 400.0 0.00 -0.0
55.0 400.0 0.00 -0.0
60.0 400.0 0.00 0.3
65.0 400.0 0.00 -0.1
70.0 400.0 0.00 -0.0
75.0 400.0 0.00 0.2
80.0 400.0 0.00 -0.1
85.0 400.0 0.00 0.1
90.0 400.0 0.00 0.2
95.0 400.0 0.00 0.1
100.0 400.0 0.00 0.1
105.0 400.0 0.00 0.2
110.0 400.0 0.00 0.1
115.0 400.0 0.00 0.1
120.0 400.0 0.00 0.1
125.0 400.0 0.00 0.1
130.0 400.0 0.00 0.0
135.0 400.0 0.00 0.0
140.0 400.0 0.00 0.0
145.0 400.0 0.00 0.0
150.0 400.0 0.00 0.0
155.0 400.0 0.00 0.0
160.0 400.0 0.00 0.0
165.0 400.0 0.00 0.0
170.0 400.0 0.00 -0.0
175.0 400.0 0.00 -0.0
180.0 400.0 0.00 0.0
0.0 410.0 0.00 0.0
5.0 410.0 0.00 0.0
10.0 410.0 0.00 0.0
15.0 410.0 0.00 0.0
20.0 410.0 0.00 0.0
25.0 410.0 0.00 0.0
30.0 410.0 0.00 0.0
35.0 410.0 0.00 0.0
40.0 410.0 0.00 -0.0
45.0 410.0 0.00 0.1
50.0 410.0 0.00 0.0
55.0 410.0 0.00 0.0
60.0 410.0 0.00 -0.3
65.0 410.0 0.00 0.1
70.0 410.0 0.00 0.0
75.0 410.0 0.00 -0.2
80.0 410.0 0.00 0.1
85.0 410.0 0.00 -0.1
90.0 410.0 0.00 -0.2
95.0 410.0 0.00 -0.1
100.0 410.0 0.00 -0.1
105.0 410.0 0.00 -0.2
110.0 410.0 0.00 -0.1
115.0 410.0 0.00 -0.1
120.0 410.0 0.00 -0.1
125.0 410.0 0.00 -0.1
130.0 410.0 0.00 -0.0
135.0 410.0 0.00 -0.0
140.0 410.0 0.00 -0.0
145.0 410.0 0.00 -0.0
150.0 410.0 0.00 -0.0
155.0 410.0 0.00 -0.0
160.0 410.0 0.00 -0.0
165.0 410.0 0.00 -0.0
170.0 410.0 0.00 0.0
175.0 410.0 0.00 0.0
180.0 410.0 0.00 0.0
0.0 420.0 0.00 0.0
5.0 420.0 0.00 0.0
10.0 420.0 0.00 0.0
15.0 420.0 0.00 0.0
20.0 420.0 0.00 0.0
25.0 420.0 0.00 0.0
30.0 420.0 0.00 0.0
35.0 420.0 0.00 0.0
40.0 420.0 0.00 -0.0
45.0 420.0 0.00 0.1
50.0 420.0 0.00 0.1
55.0 420.0 0.00 0.0
60.0 420.0 0.01 -0.7
65.0 420.0 0.00 0.3
70.0 420.0 0.00 0.0
75.0 420.0 0.00 -0.6
80.0 420.0 0.01 0.3
85.0 420.0 0.00 -0.2
90.0 420.0 0.00 -0.6
95.0 420.0 0.01 -0.2
100.0 420.0 0.00 -0.3
105.0 420.0 0.00 -0.4
110.0 420.0 0.00 -0.4
115.0 420.0 0.00 -0.2
120.0 420.0 0.00 -0.2
125.0 420.0 0.00 -0.3
130.0 420.0 0.00 -0.1
135.0 420.0 0.00 -0.1
140.0 420.0 0.00 -0.1
145.0 420.0 0.00 -0.1
150.0 420.0 0.00 -0.0
155.0 420.0 0.00 -0.0
160.0 420.0 0.00 -0.0
165.0 420.0 0.00 -0.0
170.0 420.0 0.00 0.0
175.0 420.0 0.00 0.0
180.0 420.0 0.00 0.0
0.0 430.0 0.00 0.0
5.0 430.0 0.00 0.0
10.0 430.0 0.00 0.0
15.0 430.0 0.00 0.0
20.0 430.0 0.00 0.0
25.0 430.0 0.00 0.0
30.0 430.0 0.00 0.0
35.0 430.0 0.00 0.0
40.0 430.0 0.00 -0.0
45.0 430.0 0.00 0.1
50.0 430.0 0.00 0.1
55.0 430.0 0.00 0.1
60.0 430.0 0.01 -0.8
65.0 430.0 0.00 0.4
70.0 430.0 0.01 0.0
75.0 430.0 0.01 -0.6
80.0 430.0 0.01 0.4
85.0 430.0 0.01 -0.2
90.0 430.0 0.00 -0.7
95.0 430.0 0.01 -0.3
100.0 430.0 0.00 -0.3
105.0 430.0 0.00 -0.5
110.0 430.0 0.00 -0.4
115.0 430.0 0.00 -0.2
120.0 430.0 0.00 -0.2
125.0 430.0 0.00 -0.3
130.0 430.0 0.00 -0.1
135.0 430.0 0.00 -0.1
140.0 430.0 0.00 -0.1
145.0 430.0 0.00 -0.1
150.0 430.0 0.00 -0.0
155.0 430.0 0.00 -0.0
160.0 430.0 0.00 -0.0
165.0 430.0 0.00 -0.0
170.0 430.0 0.00 0.0
175.0 430.0 0.00 0.0
180.0 430.0 0.00 0.0
0.0 440.0 0.00 0.0
5.0 440.0 0.00 0.0
10.0 440.0 0.00 0.0
15.0 440.0 0.00 0.0
20.0 440.0 0.00 0.0
25.0 440.0 0.00 0.0
30.0 440.0 0.00 0.0
35.0 440.0 0.00 0.0
40.0 440.0 0.00 -0.0
45.0 440.0 0.00 0.1
50.0 440.0 0.00 0.1
55.0 440.0 0.00 0.0
60.0 440.0 0.01 -0.6
65.0 440.0 0.00 0.2
70.0 440.0 0.00 0.0
75.0 440.0 0.00 -0.4
80.0 440.0 0.01 0.2
85.0 440.0 0.00 -0.1
90.0 440.0 0.00 -0.4
95.0 440.0 0.01 -0.2
100.0 440.0 0.00 -0.2
105.0 440.0 0.00 -0.3
110.0 440.0 0.00 -0.3
115.0 440.0 0.00 -0.1
120.0 440.0 0.00 -0.1
125.0 440.0 0.00 -0.2
130.0 440.0 0.00 -0.1
135.0 440.0 0.00 -0.1
140.0 440.0 0.00 -0.0
145.0 440.0 0.00 -0.0
150.0 440.0 0.00 -0.0
155.0 440.0 0.00 -0.0
160.0 440.0 0.00 -0.0
165.0 440.0 0.00 -0.0
170.0 440.0 0.00 0.0
175.0 440.0 0.00 0.0
180.0 440.0 0.00 0.0
0.0 450.0 0.00 0.0
5.0 450.0 0.00 -0.0
10.0 450.0 0.00 -0.0
15.0 450.0 0.00 -0.0
20.0 450.0 0.00 -0.0
25.0 450.0 0.00 -0.0
30.0 450.0 0.00 -0.0
35.0 450.0 0.00 -0.0
40.0 450.0 0.00 0.0
45.0 450.0 0.00 -0.0
50.0 450.0 0.00 -0.0
55.0 450.0 0.00 -0.0
60.0 450.0 0.00 0.0
65.0 450.0 0.00 -0.0
70.0 450.0 0.00 -0.0
75.0 450.0 0.00 0.0
80.0 450.0 0.00 -0.0
85.0 450.0 0.00 0.0
90.0 450.0 0.00 0.0
95.0 450.0 0.00 0.0
100.0 450.0 0.00 0.0
105.0 450.0 0.00 0.0
110.0 450.0 0.00 0.0
115.0 450.0 0.00 0.0
120.0 450.0 0.00 0.0
125.0 450.0 0.00 0.0
130.0 450.0 0.00 0.0
135.0 450.0 0.00 0.0
140.0 450.0 0.00 0.0
145.0 450.0 0.00 0.0
150.0 450.0 0.00 0.0
155.0 450.0 0.00 0.0
160.0 450.0 0.00 0.0
165.0 450.0 0.00 -0.0
170.0 450.0 0.00 -0.0
175.0 450.0 0.00 -0.0
180.0 450.0 0.00 0.0
0.0 460.0 0.00 0.0
5.0 460.0 0.00 -0.0
10.0 460.0 0.00 -0.0
15.0 460.0 0.00 -0.0
20.0 460.0 0.00 -0.0
25.0 460.0 0.00 -0.0
30.0 460.0 0.00 -0.0
35.0 460.0 0.00 -0.0
40.0 460.0 0.00 0.0
45.0 460.0 0.00 -0.1
50.0 460.0 0.00 -0.1
55.0 460.0 0.00 -0.0
60.0 460.0 0.01 0.6
65.0 460.0 0.00 -0.2
70.0 460.0 0.00 -0.0
75.0 460.0 0.00 0.4
80.0 460.0 0.01 -0.2
85.0 460.0 0.00 0.1
90.0 460.0 0.00 0.4
95.0 460.0 0.01 0.2
100.0 460.0 0.00 0.2
105.0 460.0 0.00 0.3
110.0 460.0 0.00 0.3
115.0 460.0 0.00 0.1
120.0 460.0 0.00 0.1
125.0 460.0 0.00 0.2
130.0 460.0 0.00 0.1
135.0 460.0 0.00 0.1
140.0 460.0 0.00 0.0
145.0 460.0 0.00 0.0
150.0 460.0 0.00 0.0
155.0 460.0 0.00 0.0
160.0 460.0 0.00 0.0
165.0 460.0 0.00 0.0
170.0 460.0 0.00 -0.0
175.0 460.0 0.00 -0.0
180.0 460.0 0.00 0.0
0.0 470.0 0.00 0.0
5.0 470.0 0.00 -0.0
10.0 470.0 0.00 -0.0
15.0 470.0 0.00 -0.0
20.0 470.0 0.00 -0.0
25.0 470.0 0.00 -0.0
30.0 470.0 0.00 -0.0
35.0 470.0 0.00 -0.0
40.0 470.0 0.00 0.0
45.0 470.0 0.00 -0.1
50.0 470.0 0.00 -0.1
55.0 470.0 0.00 -0.1
60.0 470.0 0.01 0.8
65.0 470.0 0.00 -0.4
70.0 470.0 0.01 -0.0
75.0 470.0 0.01 0.6
80.0 470.0 0.01 -0.4
85.0 470.0 0.01 0.2
90.0 470.0 0.00 0.7
95.0 470.0 0.01 0.3
100.0 470.0 0.00 0.3
105.0 470.0 0.00 0.5
110.0 470.0 0.00 0.4
115.0 470.0 0.00 0.2
120.0 470.0 0.00 0.2
125.0 470.0 0.00 0.3
130.0 470.0 0.00 0.1
135.0 470.0 0.00 0.1
140.0 470.0 0.00 0.1
145.0 470.0 0.00 0.1
150.0 470.0 0.00 0.0
155.0 470.0 0.00 0.0
160.0 470.0 0.00 0.0
165.0 470.0 0.00 0.0
170.0 470.0 0.00 -0.0
175.0 470.0 0.00 -0.0
180.0 470.0 0.00 0.0
0.0 480.0 0.00 0.0
5.0 480.0 0.00 -0.0
10.0 480.0 0.00 -0.0
15.0 480.0 0.00 -0.0
20.0 480.0 0.00 -0.0
25.0 480.0 0.00 -0.0
30.0 480.0 0.00 -0.0
35.0 480.0 0.00 -0.0
40.0 480.0 0.00 0.0
45.0 480.0 0.00 -0.1
50.0 480.0 0.00 -0.1
55.0 480.0 0.00 -0.0
60.0 480.0 0.01 0.7
65.0 480.0 0.00 -0.3
70.0 480.0 0.00 -0.0
75.0 480.0 0.00 0.6
80.0 480.0 0.01 -0.3
85.0 480.0 0.00 0.2
90.0 480.0 0.00 0.6
95.0 480.0 0.01 0.2
100.0 480.0 0.00 0.3
105.0 480.0 0.00 0.4
110.0 480.0 0.00 0.4
115.0 480.0 0.00 0.2
120.0 480.0 0.00 0.2
125.0 480.0 0.00 0.3
130.0 480.0 0.00 0.1
135.0 480.0 0.00 0.1
140.0 480.0 0.00 0.1
145.0 480.0 0.00 0.1
150.0 480.0 0.00 0.0
155.0 480.0 0.00 0.0
160.0 480.0 0.00 0.0
165.0 480.0 0.00 0.0
170.0 480.0 0.00 -0.0
175.0 480.0 0.00 -0.0
180.0 480.0 0.00 0.0
0.0 490.0 0.00 0.0
5.0 490.0 0.00 -0.0
10.0 490.0 0.00 -0.0
15.0 490.0 0.00 -0.0
20.0 490.0 0.00 -0.0
25.0 490.0 0.00 -0.0
30.0 490.0 0.00 -0.0
35.0 490.0 0.00 -0.0
40.0 490.0 0.00 0.0
45.0 490.0 0.00 -0.1
50.0 490.0 0.00 -0.0
55.0 490.0 0.00 -0.0
60.0 490.0 0.00 0.3
65.0 490.0 0.00 -0.1
70.0 490.0 0.00 -0.0
75.0 490.0 0.00 0.2
80.0 490.0 0.00 -0.1
85.0 490.0 0.00 0.1
90.0 490.0 0.00 0.2
95.0 490.0 0.00 0.1
100.0 490.0 0.00 0.1
105.0 490.0 0.00 0.2
110.0 490.0 0.00 0.1
115.0 490.0 0.00 0.1
120.0 490.0 0.00 0.1
125.0 490.0 0.00 0.1
130.0 490.0 0.00 0.0
135.0 490.0 0.00 0.0
140.0 490.0 0.00 0.0
145.0 490.0 0.00 0.0
150.0 490.0 0.00 0.0
155.0 490.0 0.00 0.0
160.0 490.0 0.00 0.0
165.0 490.0 0.00 0.0
170.0 490.0 0.00 -0.0
175.0 490.0 0.00 -0.0
180.0 490.0 0.00 0.0
0.0 500.0 0.00 0.0
5.0 500.0 0.00 0.0
10.0 500.0 0.00 0.0
15.0 500.0 0.00 0.0
20.0 500.0 0.00 0.0
25.0 500.0 0.00 0.0
30.0 500.0 0.00 0.0
35.0 500.0 0.00 0.0
40.0 500.0 0.00 -0.0
45.0 500.0 0.00 0.1
50.0 500.0 0.00 0.0
55.0 500.0 0.00 0.0
60.0 500.0 0.00 -0.3
65.0 500.0 0.00 0.1
70.0 500.0 0.00 0.0
75.0 500.0 0.00 -0.2
80.0 500.0 0.00 0.1
85.0 500.0 0.00 -0.1
90.0 500.0 0.00 -0.2
95.0 500.0 0.00 -0.1
100.0 500.0 0.00 -0.1
105.0 500.0 0.00 -0.2
110.0 500.0 0.00 -0.1
115.0 500.0 0.00 -0.1
120.0 500.0 0.00 -0.1
125.0 500.0 0.00 -0.1
130.0 500.0 0.00 -0.0
135.0 500.0 0.00 -0.0
140.0 500.0 0.00 -0.0
145.0 500.0 0.00 -0.0
150.0 500.0 0.00 -0.0
155.0 500.0 0.00 -0.0
160.0 500.0 0.00 -0.0
165.0 500.0 0.00 -0.0
170.0 500.0 0.00 0.0
175.0 500.0 0.00 0.0
180.0 500.0 0.00 0.0
0.0 510.0 0.00 0.0
5.0 510.0 0.00 0.0
10.0 510.0 0.00 0.0
15.0 510.0 0.00 0.0
20.0 510.0 0.00 0.0
25.0 510.0 0.00 0.0
30.0 510.0 0.00 0.0
35.0 510.0 0.00 0.0
40.0 510.0 0.00 -0.0
45.0 510.0 0.00 0.1
50.0 510.0 0.00 0.1
55.0 510.0 0.00 0.0
60.0 510.0 0.01 -0.7
65.0 510.0 0.00 0.3
70.0 510.0 0.00 0.0
75.0 510.0 0.00 -0.6
80.0 510.0 0.01 0.3
85.0 510.0 0.00 -0.2
90.0 510.0 0.00 -0.6
95.0 510.0 0.01 -0.2
100.0 510.0 0.00 -0.3
105.0 510.0 0.00 -0.4
110.0 510.0 0.00 -0.4
115.0 510.0 0.00 -0.2
120.0 510.0 0.00 -0.2
125.0 510.0 0.00 -0.3
130.0 510.0 0.00 -0.1
135.0 510.0 0.00 -0.1
140.0 510.0 0.00 -0.1
145.0 510.0 0.00 -0.1
150.0 510.0 0.00 -0.0
155.0 510.0 0.00 -0.0
160.0 510.0 0.00 -0.0
165.0 510.0 0.00 -0.0
170.0 510.0 0.00 0.0
175.0 510.0 0.00 0.0
180.0 510.0 0.00 0.0
0.0 520.0 0.00 0.0
5.0 520.0 0.00 0.0
10.0 520.0 0.00 0.0
15.0 520.0 0.00 0.0
20.0 520.0 0.00 0.0
25.0 520.0 0.00 0.0
30.0 520.0 0.00 0.0
35.0 520.0 0.00 0.0
40.0 520.0 0.00 -0.0
45.0 520.0 0.00 0.1
50.0 520.0 0.00 0.1
55.0 520.0 0.00 0.1
60.0 520.0 0.01 -0.8
65.0 520.0 0.00 0.4
70.0 520.0 0.01 0.0
75.0 520.0 0.01 -0.6
80.0 520.0 0.01 0.4
85.0 520.0 0.01 -0.2
90.0 520.0 0.00 -0.7
95.0 520.0 0.01 -0.3
100.0 520.0 0.00 -0.3
105.0 520.0 0.00 -0.5
110.0 520.0 0.00 -0.4
115.0 520.0 0.00 -0.2
120.0 520.0 0.00 -0.2
125.0 520.0 0.00 -0.3
130.0 520.0 0.00 -0.1
135.0 520.0 0.00 -0.1
140.0 520.0 0.00 -0.1
145.0 520.0 0.00 -0.1
150.0 520.0 0.00 -0.0
155.0 520.0 0.00 -0.0
160.0 520.0 0.00 -0.0
165.0 520.0 0.00 -0.0
170.0 520.0 0.00 0.0
175.0 520.0 0.00 0.0
180.0 520.0 0.00 0.0
0.0 530.0 0.00 0.0
5.0 530.0 0.00 0.0
10.0 530.0 0.00 0.0
15.0 530.0 0.00 0.0
20.0 530.0 0.00 0.0
25.0 530.0 0.00 0.0
30.0 530.0 0.00 0.0
35.0 530.0 0.00 0.0
40.0 530.0 0.00 -0.0
45.0 530.0 0.00 0.1
50.0 530.0 0.00 0.1
55.0 530.0 0.00 0.0
60.0 530.0 0.01 -0.6
65.0 530.0 0.00 0.2
70.0 530.0 0.00 0.0
75.0 530.0 0.00 -0.4
80.0 530.0 0.01 0.2
85.0 530.0 0.00 -0.1
90.0 530.0 0.00 -0.4
95.0 530.0 0.01 -0.2
100.0 530.0 0.00 -0.2
105.0 530.0 0.00 -0.3
110.0 530.0 0.00 -0.3
115.0 530.0 0.00 -0.1
120.0 530.0 0.00 -0.1
125.0 530.0 0.00 -0.2
130.0 530.0 0.00 -0.1
135.0 530.0 0.00 -0.1
140.0 530.0 0.00 -0.0
145.0 530.0 0.00 -0.0
150.0 530.0 0.00 -0.0
155.0 530.0 0.00 -0.0
160.0 530.0 0.00 -0.0
165.0 530.0 0.00 -0.0
170.0 530.0 0.00 0.0
175.0 530.0 0.00 0.0
180.0 530.0 0.00 0.0
0.0 540.0 0.00 0.0
5.0 540.0 0.00 -0.0
10.0 540.0 0.00 -0.0
15.0 540.0 0.00 -0.0
20.0 540.0 0.00 -0.0
25.0 540.0 0.00 -0.0
30.0 540.0 0.00 -0.0
35.0 540.0 0.00 -0.0
40.0 540.0 0.00 0.0
45.0 540.0 0.00 -0.0
50.0 540.0 0.00 -0.0
55.0 540.0 0.00 -0.0
60.0 540.0 0.00 0.0
65.0 540.0 0.00 -0.0
70.0 540.0 0.00 -0.0
75.0 540.0 0.00 0.0
80.0 540.0 0.00 -0.0
85.0 540.0 0.00 0.0
90.0 540.0 0.00 0.0
95.0 540.0 0.00 0.0
100.0 540.0 0.00 0.0
105.0 540.0 0.00 0.0
110.0 540.0 0.00 0.0
115.0 540.0 0.00 0.0
120.0 540.0 0.00 0.0
125.0 540.0 0.00 0.0
130.0 540.0 0.00 0.0
135.0 540.0 0.00 0.0
140.0 540.0 0.00 0.0
145.0 540.0 0.00 0.0
150.0 540.0 0.00 0.0
155.0 540.0 0.00 0.0
160.0 540.0 0.00 0.0
165.0 540.0 0.00 0.0
170.0 540.0 0.00 -0.0
175.0 540.0 0.00 -0.0
180.0 540.0 0.00 0.0
0.0 550.0 0.00 0.0
5.0 550.0 0.00 -0.0
10.0 550.0 0.00 -0.0
15.0 550.0 0.00 -0.0
20.0 550.0 0.00 -0.0
25.0 550.0 0.00 -0.0
30.0 550.0 0.00 -0.0
35.0 550.0 0.00 -0.0
40.0 550.0 0.00 0.0
45.0 550.0 0.00 -0.1
50.0 550.0 0.00 -0.1
55.0 550.0 0.00 -0.0
60.0 550.0 0.01 0.6
65.0 550.0 0.00 -0.2
70.0 550.0 0.00 -0.0
75.0 550.0 0.00 0.4
80.0 550.0 0.01 -0.2
85.0 550.0 0.00 0.1
90.0 550.0 0.00 0.4
95.0 550.0 0.01 0.2
100.0 550.0 0.00 0.2
105.0 550.0 0.00 0.3
110.0 550.0 0.00 0.3
115.0 550.0 0.00 0.1
120.0 550.0 0.00 0.1
125.0 550.0 0.00 0.2
130.0 550.0 0.00 0.1
135.0 550.0 0.00 0.1
140.0 550.0 0.00 0.0
145.0 550.0 0.00 0.0
150.0 550.0 0.00 0.0
155.0 550.0 0.00 0.0
160.0 550.0 0.00 0.0
165.0 550.0 0.00 0.0
170.0 550.0 0.00 -0.0
175.0 550.0 0.00 -0.0
180.0 550.0 0.00 0.0
0.0 560.0 0.00 0.0
5.0 560.0 0.00 -0.0
10.0 560.0 0.00 -0.0
15.0 560.0 0.00 -0.0
20.0 560.0 0.00 -0.0
25.0 560.0 0.00 -0.0
30.0 560.0 0.00 -0.0
35.0 560.0 0.00 -0.0
40.0 560.0 0.00 0.0
45.0 560.0 0.00 -0.1
50.0 560.0 0.00 -0.1
55.0 560.0 0.00 -0.1
60.0 560.0 0.01 0.8
65.0 560.0 0.00 -0.4
70.0 560.0 0.01 -0.0
75.0 560.0 0.01 0.6
80.0 560.0 0.01 -0.4
85.0 560.0 0.01 0.2
90.0 560.0 0.00 0.7
95.0 560.0 0.01 0.3
100.0 560.0 0.00 0.3
105.0 560.0 0.00 0.5
110.0 560.0 0.00 0.4
115.0 560.0 0.00 0.2
120.0 560.0 0.00 0.2
125.0 560.0 0.00 0.3
130.0 560.0 0.00 0.1
135.0 560.0 0.00 0.1
140.0 560.0 0.00 0.1
145.0 560.0 0.00 0.1
150.0 560.0 0.00 0.0
155.0 560.0 0.00 0.0
160.0 560.0 0.00 0.0
165.0 560.0 0.00 0.0
170.0 560.0 0.00 -0.0
175.0 560.0 0.00 -0.0
180.0 560.0 0.00 0.0
0.0 570.0 0.00 0.0
5.0 570.0 0.00 -0.0
10.0 570.0 0.00 -0.0
15.0 570.0 0.00 -0.0
20.0 570.0 0.00 -0.0
25.0 570.0 0.00 -0.0
30.0 570.0 0.00 -0.0
35.0 570.0 0.00 -0.0
40.0 570.0 0.00 0.0
45.0 570.0 0.00 -0.1
50.0 570.0 0.00 -0.1
55.0 570.0 0.00 -0.0
60.0 570.0 0.01 0.7
65.0 570.0 0.00 -0.3
70.0 570.0 0.00 -0.0
75.0 570.0 0.00 0.6
80.0 570.0 0.01 -0.3
85.0 570.0 0.00 0.2
90.0 570.0 0.00 0.6
95.0 570.0 0.01 0.2
100.0 570.0 0.00 0.3
105.0 570.0 0.00 0.4
110.0 570.0 0.00 0.4
115.0 570.0 0.00 0.2
120.0 570.0 0.00 0.2
125.0 570.0 0.00 0.3
130.0 570.0 0.00 0.1
135.0 570.0 0.00 0.1
140.0 570.0 0.00 0.1
145.0 570.0 0.00 0.1
150.0 570.0 0.00 0.0
155.0 570.0 0.00 0.0
160.0 570.0 0.00 0.0
165.0 570.0 0.00 0.0
170.0 570.0 0.00 -0.0
175.0 570.0 0.00 -0.0
180.0 570.0 0.00 0.0
0.0 580.0 0.00 0.0
5.0 580.0 0.00 -0.0
10.0 580.0 0.00 -0.0
15.0 580.0 0.00 -0.0
20.0 580.0 0.00 -0.0
25.0 580.0 0.00 -0.0
30.0 580.0 0.00 -0.0
35.0 580.0 0.00 -0.0
40.0 580.0 0.00 0.0
45.0 580.0 0.00 -0.1
50.0 580.0 0.00 -0.0
55.0 580.0 0.00 -0.0
60.0 580.0 0.00 0.3
65.0 580.0 0.00 -0.1
70.0 580.0 0.00 -0.0
75.0 580.0 0.00 0.2
80.0 580.0 0.00 -0.1
85.0 580.0 0.00 0.1
90.0 580.0 0.00 0.2
95.0 580.0 0.00 0.1
100.0 580.0 0.00 0.1
105.0 580.0 0.00 0.2
110.0 580.0 0.00 0.1
115.0 580.0 0.00 0.1
120.0 580.0 0.00 0.1
125.0 580.0 0.00 0.1
130.0 580.0 0.00 0.0
135.0 580.0 0.00 0.0
140.0 580.0 0.00 0.0
145.0 580.0 0.00 0.0
150.0 580.0 0.00 0.0
155.0 580.0 0.00 0.0
160.0 580.0 0.00 0.0
165.0 580.0 0.00 0.0
170.0 580.0 0.00 -0.0
175.0 580.0 0.00 -0.0
180.0 580.0 0.00 0.0
0.0 590.0 0.00 0.0
5.0 590.0 0.00 0.0
10.0 590.0 0.00 0.0
15.0 590.0 0.00 0.0
20.0 590.0 0.00 0.0
25.0 590.0 0.00 0.0
30.0 590.0 0.00 0.0
35.0 590.0 0.00 0.0
40.0 590.0 0.00 -0.0
45.0 590.0 0.00 0.1
50.0 590.0 0.00 0.0
55.0 590.0 0.00 0.0
60.0 590.0 0.00 -0.3
65.0 590.0 0.00 0.1
70.0 590.0 0.00 0.0
75.0 590.0 0.00 -0.2
80.0 590.0 0.00 0.1
85.0 590.0 0.00 -0.1
90.0 590.0 0.00 -0.2
95.0 590.0 0.00 -0.1
100.0 590.0 0.00 -0.1
105.0 590.0 0.00 -0.2
110.0 590.0 0.00 -0.1
115.0 590.0 0.00 -0.1
120.0 590.0 0.00 -0.1
125.0 590.0 0.00 -0.1
130.0 590.0 0.00 -0.0
135.0 590.0 0.00 -0.0
140.0 590.0 0.00 -0.0
145.0 590.0 0.00 -0.0
150.0 590.0 0.00 -0.0
155.0 590.0 0.00 -0.0
160.0 590.0 0.00 -0.0
165.0 590.0 0.00 -0.0
170.0 590.0 0.00 0.0
175.0 590.0 0.00 0.0
180.0 590.0 0.00 0.0
0.0 600.0 0.00 0.0
5.0 600.0 0.00 0.0
10.0 600.0 0.00 0.0
15.0 600.0 0.00 0.0
20.0 600.0 0.00 0.0
25.0 600.0 0.00 0.0
30.0 600.0 0.00 0.0
35.0 600.0 0.00 0.0
40.0 600.0 0.00 -0.0
45.0 600.0 0.00 0.1
50.0 600.0 0.00 0.1
55.0 600.0 0.00 0.0
60.0 600.0 0.01 -0.7
65.0 600.0 0.00 0.3
70.0 600.0 0.00 0.0
75.0 600.0 0.00 -0.6
80.0 600.0 0.01 0.3
85.0 600.0 0.00 -0.2
90.0 600.0 0.00 -0.6
95.0 600.0 0.01 -0.2
100.0 600.0 0.00 -0.3
105.0 600.0 0.00 -0.4
110.0 600.0 0.00 -0.4
115.0 600.0 0.00 -0.2
120.0 600.0 0.00 -0.2
125.0 600.0 0.00 -0.3
130.0 600.0 0.00 -0.1
135.0 600.0 0.00 -0.1
140.0 600.0 0.00 -0.1
145.0 600.0 0.00 -0.1
150.0 600.0 0.00 -0.0
155.0 600.0 0.00 -0.0
160.0 600.0 0.00 -0.0
165.0 600.0 0.00 -0.0
170.0 600.0 0.00 0.0
175.0 600.0 0.00 0.0
180.0 600.0 0.00 0.0
0.0 610.0 0.00 0.0
5.0 610.0 0.00 0.0
10.0 610.0 0.00 0.0
15.0 610.0 0.00 0.0
20.0 610.0 0.00 0.0
25.0 610.0 0.00 0.0
30.0 610.0 0.00 0.0
35.0 610.0 0.00 0.0
40.0 610.0 0.00 -0.0
45.0 610.0 0.00 0.1
50.0 610.0 0.00 0.1
55.0 610.0 0.00 0.1
60.0 610.0 0.01 -0.8
65.0 610.0 0.00 0.4
70.0 610.0 0.01 0.0
75.0 610.0 0.01 -0.6
80.0 610.0 0.01 0.4
85.0 610.0 0.01 -0.2
90.0 610.0 0.00 -0.7
95.0 610.0 0.01 -0.3
100.0 610.0 0.00 -0.3
105.0 610.0 0.00 -0.5
110.0 610.0 0.00 -0.4
115.0 610.0 0.00 -0.2
120.0 610.0 0.00 -0.2
125.0 610.0 0.00 -0.3
130.0 610.0 0.00 -0.1
135.0 610.0 0.00 -0.1
140.0 610.0 0.00 -0.1
145.0 610.0 0.00 -0.1
150.0 610.0 0.00 -0.0
155.0 610.0 0.00 -0.0
160.0 610.0 0.00 -0.0
165.0 610.0 0.00 -0.0
170.0 610.0 0.00 0.0
175.0 610.0 0.00 0.0
180.0 610.0 0.00 0.0
0.0 620.0 0.00 0.0
5.0 620.0 0.00 0.0
10.0 620.0 0.00 0.0
15.0 620.0 0.00 0.0
20.0 620.0 0.00 0.0
25.0 620.0 0.00 0.0
30.0 620.0 0.00 0.0
35.0 620.0 0.00 0.0
40.0 620.0 0.00 -0.0
45.0 620.0 0.00 0.1
50.0 620.0 0.00 0.1
55.0 620.0 0.00 0.0
60.0 620.0 0.01 -0.6
65.0 620.0 0.00 0.2
70.0 620.0 0.00 0.0
75.0 620.0 0.00 -0.4
80.0 620.0 0.01 0.2
85.0 620.0 0.00 -0.1
90.0 620.0 0.00 -0.4
95.0 620.0 0.01 -0.2
100.0 620.0 0.00 -0.2
105.0 620.0 0.00 -0.3
110.0 620.0 0.00 -0.3
115.0 620.0 0.00 -0.1
120.0 620.0 0.00 -0.1
125.0 620.0 0.00 -0.2
130.0 620.0 0.00 -0.1
135.0 620.0 0.00 -0.1
140.0 620.0 0.00 -0.0
145.0 620.0 0.00 -0.0
150.0 620.0 0.00 -0.0
155.0 620.0 0.00 -0.0
160.0 620.0 0.00 -0.0
165.0 620.0 0.00 -0.0
170.0 620.0 0.00 0.0
175.0 620.0 0.00 0.0
180.0 620.0 0.00 0.0
0.0 630.0 0.00 0.0
5.0 630.0 0.00 -0.0
10.0 630.0 0.00 -0.0
15.0 630.0 0.00 -0.0
20.0 630.0 0.00 -0.0
25.0 630.0 0.00 -0.0
30.0 630.0 0.00 -0.0
35.0 630.0 0.00 -0.0
40.0 630.0 0.00 0.0
45.0 630.0 0.00 -0.0
50.0 630.0 0.00 -0.0
55.0 630.0 0.00 -0.0
60.0 630.0 0.00 0.0
65.0 630.0 0.00 -0.0
70.0 630.0 0.00 -0.0
75.0 630.0 0.00 0.0
80.0 630.0 0.00 -0.0
85.0 630.0 0.00 0.0
90.0 630.0 0.00 0.0
95.0 630.0 0.00 0.0
100.0 630.0 0.00 0.0
105.0 630.0 0.00 0.0
110.0 630.0 0.00 0.0
115.0 630.0 0.00 0.0
120.0 630.0 0.00 0.0
125.0 630.0 0.00 0.0
130.0 630.0 0.00 0.0
135.0 630.0 0.00 0.0
140.0 630.0 0.00 0.0
145.0 630.0 0.00 0.0
150.0 630.0 0.00 0.0
155.0 630.0 0.00 0.0
160.0 630.0 0.00 0.0
165.0 630.0 0.00 0.0
170.0 630.0 0.00 -0.0
175.0 630.0 0.00 -0.0
180.0 630.0 0.00 0.0
0.0 640.0 0.00 0.0
5.0 640.0 0.00 -0.0
10.0 640.0 0.00 -0.0
15.0 640.0 0.00 -0.0
20.0 640.0 0.00 -0.0
25.0 640.0 0.00 -0.0
30.0 640.0 0.00 -0.0
35.0 640.0 0.00 -0.0
40.0 640.0 0.00 0.0
45.0 640.0 0.00 -0.1
50.0 640.0 0.00 -0.1
55.0 640.0 0.00 -0.0
60.0 640.0 0.01 0.6
65.0 640.0 0.00 -0.2
70.0 640.0 0.00 -0.0
75.0 640.0 0.00 0.4
80.0 640.0 0.01 -0.2
85.0 640.0 0.00 0.1
90.0 640.0 0.00 0.4
95.0 640.0 0.01 0.2
100.0 640.0 0.00 0.2
105.0 640.0 0.00 0.3
110.0 640.0 0.00 0.3
115.0 640.0 0.00 0.1
120.0 640.0 0.00 0.1
125.0 640.0 0.00 0.2
130.0 640.0 0.00 0.1
135.0 640.0 0.00 0.1
140.0 640.0 0.00 0.0
145.0 640.0 0.00 0.0
150.0 640.0 0.00 0.0
155.0 640.0 0.00 0.0
160.0 640.0 0.00 0.0
165.0 640.0 0.00 0.0
170.0 640.0 0.00 -0.0
175.0 640.0 0.00 -0.0
180.0 640.0 0.00 0.0
0.0 650.0 0.00 0.0
5.0 650.0 0.00 -0.0
10.0 650.0 0.00 -0.0
15.0 650.0 0.00 -0.0
20.0 650.0 0.00 -0.0
25.0 650.0 0.00 -0.0
30.0 650.0 0.00 -0.0
35.0 650.0 0.00 -0.0
40.0 650.0 0.00 0.0
45.0 650.0 0.00 -0.1
50.0 650.0 0.00 -0.1
55.0 650.0 0.00 -0.1
60.0 650.0 0.01 0.8
65.0 650.0 0.00 -0.4
70.0 650.0 0.01 -0.0
75.0 650.0 0.01 0.6
80.0 650.0 0.01 -0.4
85.0 650.0 0.01 0.2
90.0 650.0 0.00 0.7
95.0 650.0 0.01 0.3
100.0 650.0 0.00 0.3
105.0 650.0 0.00 0.5
110.0 650.0 0.00 0.4
115.0 650.0 0.00 0.2
120.0 650.0 0.00 0.2
125.0 650.0 0.00 0.3
130.0 650.0 0.00 0.1
135.0 650.0 0.00 0.1
140.0 650.0 0.00 0.1
145.0 650.0 0.00 0.1
150.0 650.0 0.00 0.0
155.0 650.0 0.00 0.0
160.0 650.0 0.00 0.0
165.0 650.0 0.00 0.0
170.0 650.0 0.00 -0.0
175.0 650.0 0.00 -0.0
180.0 650.0 0.00 0.0
0.0 660.0 0.00 0.0
5.0 660.0 0.00 -0.0
10.0 660.0 0.00 -0.0
15.0 660.0 0.00 -0.0
20.0 660.0 0.00 -0.0
25.0 660.0 0.00 -0.0
30.0 660.0 0.00 -0.0
35.0 660.0 0.00 -0.0
40.0 660.0 0.00 0.0
45.0 660.0 0.00 -0.1
50.0 660.0 0.00 -0.1
55.0 660.0 0.00 -0.0
60.0 660.0 0.01 0.7
65.0 660.0 0.00 -0.3
70.0 660.0 0.00 -0.0
75.0 660.0 0.00 0.6
80.0 660.0 0.01 -0.3
85.0 660.0 0.00 0.2
90.0 660.0 0.00 0.6
95.0 660.0 0.01 0.2
100.0 660.0 0.00 0.3
105.0 660.0 0.00 0.4
110.0 660.0 0.00 0.4
115.0 660.0 0.00 0.2
120.0 660.0 0.00 0.2
125.0 660.0 0.00 0.3
130.0 660.0 0.00 0.1
135.0 660.0 0.00 0.1
140.0 660.0 0.00 0.1
145.0 660.0 0.00 0.1
150.0 660.0 0.00 0.0
155.0 660.0 0.00 0.0
160.0 660.0 0.00 0.0
165.0 660.0 0.00 0.0
170.0 660.0 0.00 -0.0
175.0 660.0 0.00 -0.0
180.0 660.0 0.00 0.0
0.0 670.0 0.00 0.0
5.0 670.0 0.00 -0.0
10.0 670.0 0.00 -0.0
15.0 670.0 0.00 -0.0
20.0 670.0 0.00 -0.0
25.0 670.0 0.00 -0.0
30.0 670.0 0.00 -0.0
35.0 670.0 0.00 -0.0
40.0 670.0 0.00 0.0
45.0 670.0 0.00 -0.1
50.0 670.0 0.00 -0.0
55.0 670.0 0.00 -0.0
60.0 670.0 0.00 0.3
65.0 670.0 0.00 -0.1
70.0 670.0 0.00 -0.0
75.0 670.0 0.00 0.2
80.0 670.0 0.00 -0.1
85.0 670.0 0.00 0.1
90.0 670.0 0.00 0.2
95.0 670.0 0.00 0.1
100.0 670.0 0.00 0.1
105.0 670.0 0.00 0.2
110.0 670.0 0.00 0.1
115.0 670.0 0.00 0.1
120.0 670.0 0.00 0.1
125.0 670.0 0.00 0.1
130.0 670.0 0.00 0.0
135.0 670.0 0.00 0.0
140.0 670.0 0.00 0.0
145.0 670.0 0.00 0.0
150.0 670.0 0.00 0.0
155.0 670.0 0.00 0.0
160.0 670.0 0.00 0.0
165.0 670.0 0.00 0.0
170.0 670.0 0.00 -0.0
175.0 670.0 0.00 -0.0
180.0 670.0 0.00 0.0
0.0 680.0 0.00 0.0
5.0 680.0 0.00 0.0
10.0 680.0 0.00 0.0
15.0 680.0 0.00 0.0
20.0 680.0 0.00 0.0
25.0 680.0 0.00 0.0
30.0 680.0 0.00 0.0
35.0 680.0 0.00 0.0
40.0 680.0 0.00 -0.0
45.0 680.0 0.00 0.1
50.0 680.0 0.00 0.0
55.0 680.0 0.00 0.0
60.0 680.0 0.00 -0.3
65.0 680.0 0.00 0.1
70.0 680.0 0.00 0.0
75.0 680.0 0.00 -0.2
80.0 680.0 0.00 0.1
85.0 680.0 0.00 -0.1
90.0 680.0 0.00 -0.2
95.0 680.0 0.00 -0.1
100.0 680.0 0.00 -0.1
105.0 680.0 0.00 -0.2
110.0 680.0 0.00 -0.1
115.0 680.0 0.00 -0.1
120.0 680.0 0.00 -0.1
125.0 680.0 0.00 -0.1
130.0 680.0 0.00 -0.0
135.0 680.0 0.00 -0.0
140.0 680.0 0.00 -0.0
145.0 680.0 0.00 -0.0
150.0 680.0 0.00 -0.0
155.0 680.0 0.00 -0.0
160.0 680.0 0.00 -0.0
165.0 680.0 0.00 -0.0
170.0 680.0 0.00 0.0
175.0 680.0 0.00 0.0
180.0 680.0 0.00 0.0
0.0 690.0 0.00 0.0
5.0 690.0 0.00 0.0
10.0 690.0 0.00 0.0
15.0 690.0 0.00 0.0
20.0 690.0 0.00 0.0
25.0 690.0 0.00 0.0
30.0 690.0 0.00 0.0
35.0 690.0 0.00 0.0
40.0 690.0 0.00 -0.0
45.0 690.0 0.00 0.1
50.0 690.0 0.00 0.1
55.0 690.0 0.00 0.0
60.0 690.0 0.01 -0.7
65.0 690.0 0.00 0.3
70.0 690.0 0.00 0.0
75.0 690.0 0.00 -0.6
80.0 690.0 0.01 0.3
85.0 690.0 0.00 -0.2
90.0 690.0 0.00 -0.6
95.0 690.0 0.01 -0.2
100.0 690.0 0.00 -0.3
105.0 690.0 0.00 -0.4
110.0 690.0 0.00 -0.4
115.0 690.0 0.00 -0.2
120.0 690.0 0.00 -0.2
125.0 690.0 0.00 -0.3
130.0 690.0 0.00 -0.1
135.0 690.0 0.00 -0.1
140.0 690.0 0.00 -0.1
145.0 690.0 0.00 -0.1
150.0 690.0 0.00 -0.0
155.0 690.0 0.00 -0.0
160.0 690.0 0.00 -0.0
165.0 690.0 0.00 -0.0
170.0 690.0 0.00 0.0
175.0 690.0 0.00 0.0
180.0 690.0 0.00 0.0
0.0 700.0 0.00 0.0
5.0 700.0 0.00 0.0
10.0 700.0 0.00 0.0
15.0 700.0 0.00 0.0
20.0 700.0 0.00 0.0
25.0 700.0 0.00 0.0
30.0 700.0 0.00 0.0
35.0 700.0 0.00 0.0
40.0 700.0 0.00 -0.0
45.0 700.0 0.00 0.1
50.0 700.0 0.00 0.1
55.0 700.0 0.00 0.1
60.0 700.0 0.01 -0.8
65.0 700.0 0.00 0.4
70.0 700.0 0.01 0.0
75.0 700.0 0.01 -0.6
80.0 700.0 0.01 0.4
85.0 700.0 0.01 -0.2
90.0 700.0 0.00 -0.7
95.0 700.0 0.01 -0.3
100.0 700.0 0.00 -0.3
105.0 700.0 0.00 -0.5
110.0 700.0 0.00 -0.4
115.0 700.0 0.00 -0.2
120.0 700.0 0.00 -0.2
125.0 700.0 0.00 -0.3
130.0 700.0 0.00 -0.1
135.0 700.0 0.00 -0.1
140.0 700.0 0.00 -0.1
145.0 700.0 0.00 -0.1
150.0 700.0 0.00 -0.0
155.0 700.0 0.00 -0.0
160.0 700.0 0.00 -0.0
165.0 700.0 0.00 -0.0
170.0 700.0 0.00 0.0
175.0 700.0 0.00 0.0
180.0 700.0 0.00 0.0
0.0 710.0 0.00 0.0
5.0 710.0 0.00 0.0
10.0 710.0 0.00 0.0
15.0 710.0 0.00 0.0
20.0 710.0 0.00 0.0
25.0 710.0 0.00 0.0
30.0 710.0 0.00 0.0
35.0 710.0 0.00 0.0
40.0 710.0 0.00 -0.0
45.0 710.0 0.00 0.1
50.0 710.0 0.00 0.1
55.0 710.0 0.00 0.0
60.0 710.0 0.01 -0.6
65.0 710.0 0.00 0.2
70.0 710.0 0.00 0.0
75.0 710.0 0.00 -0.4
80.0 710.0 0.01 0.2
85.0 710.0 0.00 -0.1
90.0 710.0 0.00 -0.4
95.0 710.0 0.01 -0.2
100.0 710.0 0.00 -0.2
105.0 710.0 0.00 -0.3
110.0 710.0 0.00 -0.3
115.0 710.0 0.00 -0.1
120.0 710.0 0.00 -0.1
125.0 710.0 0.00 -0.2
130.0 710.0 0.00 -0.1
135.0 710.0 0.00 -0.1
140.0 710.0 0.00 -0.0
145.0 710.0 0.00 -0.0
150.0 710.0 0.00 -0.0
155.0 710.0 0.00 -0.0
160.0 710.0 0.00 -0.0
165.0 710.0 0.00 -0.0
170.0 710.0 0.00 0.0
175.0 710.0 0.00 0.0
180.0 710.0 0.00 0.0
0.0 720.0 0.00 0.0
5.0 720.0 0.00 -0.0
10.0 720.0 0.00 -0.0
15.0 720.0 0.00 -0.0
20.0 720.0 0.00 -0.0
25.0 720.0 0.00 -0.0
30.0 720.0 0.00 -0.0
35.0 720.0 0.00 -0.0
40.0 720.0 0.00 0.0
45.0 720.0 0.00 -0.0
50.0 720.0 0.00 -0.0
55.0 720.0 0.00 -0.0
60.0 720.0 0.00 0.0
65.0 720.0 0.00 -0.0
70.0 720.0 0.00 -0.0
75.0 720.0 0.00 0.0
80.0 720.0 0.00 -0.0
85.0 720.0 0.00 0.0
90.0 720.0 0.00 0.0
95.0 720.0 0.00 0.0
100.0 720.0 0.00 0.0
105.0 720.0 0.00 0.0
110.0 720.0 0.00 0.0
115.0 720.0 0.00 0.0
120.0 720.0 0.00 0.0
125.0 720.0 0.00 0.0
130.0 720.0 0.00 0.0
135.0 720.0 0.00 0.0
140.0 720.0 0.00 0.0
145.0 720.0 0.00 0.0
150.0 720.0 0.00 0.0
155.0 720.0 0.00 0.0
160.0 720.0 0.00 0.0
165.0 720.0 0.00 0.0
170.0 720.0 0.00 -0.0
175.0 720.0 0.00 -0.0
180.0 720.0 0.00 0.0
