# Radiation Pattern Data
# Generated from: sailboat-40m_31.out
# Frequency: 7.150 MHz
# Format: Theta Phi Gain_dBi Phase_deg
# Theta: elevation angle (0-180 degrees)
# Phi: azimuth angle (0-360 degrees)
0.0 0.0 0.00 0.0
5.0 0.0 0.00 0.0
10.0 0.0 0.00 0.0
15.0 0.0 0.00 0.0
20.0 0.0 0.00 0.0
25.0 0.0 0.00 0.0
30.0 0.0 0.00 0.0
35.0 0.0 0.00 0.0
40.0 0.0 0.00 0.0
45.0 0.0 0.00 0.0
50.0 0.0 0.00 0.0
55.0 0.0 0.00 0.0
60.0 0.0 0.00 0.0
65.0 0.0 0.00 0.0
70.0 0.0 0.00 0.0
75.0 0.0 0.00 0.0
80.0 0.0 0.00 0.0
85.0 0.0 0.00 0.0
90.0 0.0 0.00 0.0
0.0 10.0 0.00 -10.0
5.0 10.0 0.02 -9.0
10.0 10.0 0.03 -8.2
15.0 10.0 0.03 -7.6
20.0 10.0 0.04 -7.1
25.0 10.0 0.04 -6.7
30.0 10.0 0.05 -6.2
35.0 10.0 0.05 -5.8
40.0 10.0 0.05 -5.3
45.0 10.0 0.05 -4.8
50.0 10.0 0.05 -4.4
55.0 10.0 0.05 -3.9
60.0 10.0 0.05 -3.4
65.0 10.0 0.05 -3.0
70.0 10.0 0.05 -2.6
75.0 10.0 0.05 -2.1
80.0 10.0 0.04 -1.7
85.0 10.0 0.04 -1.3
90.0 10.0 0.00 0.0
0.0 20.0 0.00 -20.0
5.0 20.0 0.03 -18.1
10.0 20.0 0.05 -16.5
15.0 20.0 0.07 -15.3
20.0 20.0 0.08 -14.2
25.0 20.0 0.09 -13.3
30.0 20.0 0.09 -12.4
35.0 20.0 0.10 -11.4
40.0 20.0 0.11 -10.5
45.0 20.0 0.11 -9.6
50.0 20.0 0.11 -8.6
55.0 20.0 0.11 -7.7
60.0 20.0 0.11 -6.8
65.0 20.0 0.10 -5.9
70.0 20.0 0.10 -5.0
75.0 20.0 0.09 -4.2
80.0 20.0 0.08 -3.3
85.0 20.0 0.07 -2.5
90.0 20.0 0.00 0.0
0.0 30.0 0.00 -30.0
5.0 30.0 0.05 -27.2
10.0 30.0 0.08 -24.8
15.0 30.0 0.10 -22.9
20.0 30.0 0.12 -21.3
25.0 30.0 0.13 -19.8
30.0 30.0 0.14 -18.4
35.0 30.0 0.15 -17.0
40.0 30.0 0.16 -15.6
45.0 30.0 0.16 -14.1
50.0 30.0 0.16 -12.7
55.0 30.0 0.16 -11.3
60.0 30.0 0.16 -9.9
65.0 30.0 0.15 -8.6
70.0 30.0 0.14 -7.3
75.0 30.0 0.13 -6.0
80.0 30.0 0.12 -4.8
85.0 30.0 0.11 -3.5
90.0 30.0 0.00 0.0
0.0 40.0 0.00 -40.0
5.0 40.0 0.06 -36.4
10.0 40.0 0.11 -33.2
15.0 40.0 0.13 -30.6
20.0 40.0 0.16 -28.3
25.0 40.0 0.18 -26.2
30.0 40.0 0.19 -24.3
35.0 40.0 0.20 -22.3
40.0 40.0 0.21 -20.4
45.0 40.0 0.22 -18.4
50.0 40.0 0.22 -16.4
55.0 40.0 0.22 -14.6
60.0 40.0 0.21 -12.7
65.0 40.0 0.20 -10.9
70.0 40.0 0.19 -9.2
75.0 40.0 0.18 -7.6
80.0 40.0 0.16 -5.9
85.0 40.0 0.14 -4.3
90.0 40.0 0.00 0.0
0.0 50.0 0.00 -50.0
5.0 50.0 0.08 -45.6
10.0 50.0 0.13 -41.7
15.0 50.0 0.17 -38.3
20.0 50.0 0.20 -35.3
25.0 50.0 0.22 -32.6
30.0 50.0 0.24 -30.0
35.0 50.0 0.26 -27.4
40.0 50.0 0.27 -24.8
45.0 50.0 0.27 -22.2
50.0 50.0 0.27 -19.8
55.0 50.0 0.27 -17.4
60.0 50.0 0.26 -15.1
65.0 50.0 0.25 -12.8
70.0 50.0 0.23 -10.8
75.0 50.0 0.22 -8.7
80.0 50.0 0.20 -6.8
85.0 50.0 0.18 -4.9
90.0 50.0 0.00 0.0
0.0 60.0 0.00 -60.0
5.0 60.0 0.09 -55.0
10.0 60.0 0.16 -50.4
15.0 60.0 0.21 -46.2
20.0 60.0 0.25 -42.4
25.0 60.0 0.28 -38.8
30.0 60.0 0.30 -35.4
35.0 60.0 0.32 -32.0
40.0 60.0 0.33 -28.8
45.0 60.0 0.33 -25.6
50.0 60.0 0.33 -22.5
55.0 60.0 0.32 -19.6
60.0 60.0 0.31 -16.8
65.0 60.0 0.29 -14.2
70.0 60.0 0.28 -11.8
75.0 60.0 0.25 -9.5
80.0 60.0 0.23 -7.2
85.0 60.0 0.20 -5.1
90.0 60.0 0.00 0.0
0.0 70.0 0.00 -70.0
5.0 70.0 0.10 -64.5
10.0 70.0 0.18 -59.2
15.0 70.0 0.25 -54.2
20.0 70.0 0.30 -49.5
25.0 70.0 0.33 -44.9
30.0 70.0 0.36 -40.5
35.0 70.0 0.38 -36.2
40.0 70.0 0.39 -32.1
45.0 70.0 0.39 -28.1
50.0 70.0 0.38 -24.4
55.0 70.0 0.37 -21.0
60.0 70.0 0.36 -17.8
65.0 70.0 0.34 -14.9
70.0 70.0 0.31 -12.2
75.0 70.0 0.29 -9.7
80.0 70.0 0.26 -7.3
85.0 70.0 0.23 -5.0
90.0 70.0 0.00 0.0
0.0 80.0 0.00 -80.0
5.0 80.0 0.11 -74.2
10.0 80.0 0.21 -68.4
15.0 80.0 0.29 -62.6
20.0 80.0 0.35 -56.8
25.0 80.0 0.40 -51.0
30.0 80.0 0.43 -45.3
35.0 80.0 0.44 -39.8
40.0 80.0 0.45 -34.5
45.0 80.0 0.45 -29.7
50.0 80.0 0.44 -25.3
55.0 80.0 0.42 -21.4
60.0 80.0 0.40 -17.9
65.0 80.0 0.37 -14.7
70.0 80.0 0.34 -11.9
75.0 80.0 0.31 -9.3
80.0 80.0 0.28 -6.8
85.0 80.0 0.24 -4.5
90.0 80.0 0.00 0.0
0.0 90.0 0.00 -90.0
5.0 90.0 0.12 -84.1
10.0 90.0 0.23 -78.0
15.0 90.0 0.33 -71.5
20.0 90.0 0.41 -64.6
25.0 90.0 0.47 -57.2
30.0 90.0 0.51 -49.7
35.0 90.0 0.52 -42.4
40.0 90.0 0.52 -35.6
45.0 90.0 0.51 -29.8
50.0 90.0 0.49 -24.8
55.0 90.0 0.46 -20.5
60.0 90.0 0.43 -16.9
65.0 90.0 0.40 -13.7
70.0 90.0 0.36 -10.9
75.0 90.0 0.33 -8.4
80.0 90.0 0.29 -6.0
85.0 90.0 0.25 -3.8
90.0 90.0 0.00 0.0
0.0 100.0 0.00 80.0
5.0 100.0 0.12 85.9
10.0 100.0 0.25 -88.0
15.0 100.0 0.37 -81.2
20.0 100.0 0.48 -73.2
25.0 100.0 0.55 -63.9
30.0 100.0 0.60 -53.5
35.0 100.0 0.61 -43.3
40.0 100.0 0.59 -34.6
45.0 100.0 0.56 -27.8
50.0 100.0 0.52 -22.5
55.0 100.0 0.49 -18.3
60.0 100.0 0.45 -14.8
65.0 100.0 0.41 -11.9
70.0 100.0 0.37 -9.4
75.0 100.0 0.33 -7.1
80.0 100.0 0.29 -4.9
85.0 100.0 0.25 -2.9
90.0 100.0 0.00 0.0
0.0 110.0 0.00 70.0
5.0 110.0 0.12 75.6
10.0 110.0 0.26 81.5
15.0 110.0 0.41 88.0
20.0 110.0 0.55 -83.7
25.0 110.0 0.66 -71.9
30.0 110.0 0.71 -55.9
35.0 110.0 0.70 -40.5
40.0 110.0 0.65 -29.9
45.0 110.0 0.60 -23.0
50.0 110.0 0.54 -18.3
55.0 110.0 0.49 -14.8
60.0 110.0 0.45 -12.0
65.0 110.0 0.41 -9.6
70.0 110.0 0.36 -7.5
75.0 110.0 0.32 -5.5
80.0 110.0 0.28 -3.7
85.0 110.0 0.24 -2.0
90.0 110.0 0.00 0.0
0.0 120.0 0.00 60.0
5.0 120.0 0.12 65.2
10.0 120.0 0.27 70.3
15.0 120.0 0.43 75.8
20.0 120.0 0.61 82.6
25.0 120.0 0.78 -84.9
30.0 120.0 0.86 -52.9
35.0 120.0 0.78 -29.0
40.0 120.0 0.68 -20.4
45.0 120.0 0.60 -16.0
50.0 120.0 0.53 -13.1
55.0 120.0 0.48 -10.8
60.0 120.0 0.43 -8.8
65.0 120.0 0.38 -7.1
70.0 120.0 0.34 -5.5
75.0 120.0 0.30 -4.0
80.0 120.0 0.26 -2.5
85.0 120.0 0.23 -1.1
90.0 120.0 0.00 0.0
0.0 130.0 0.00 50.0
5.0 130.0 0.11 54.5
10.0 130.0 0.26 58.8
15.0 130.0 0.44 62.2
20.0 130.0 0.64 64.3
25.0 130.0 0.86 61.1
30.0 130.0 0.90 -2.1
35.0 130.0 0.75 -9.9
40.0 130.0 0.64 -9.9
45.0 130.0 0.55 -9.1
50.0 130.0 0.49 -8.1
55.0 130.0 0.43 -7.0
60.0 130.0 0.39 -5.9
65.0 130.0 0.35 -4.8
70.0 130.0 0.31 -3.7
75.0 130.0 0.27 -2.6
80.0 130.0 0.23 -1.5
85.0 130.0 0.20 -0.4
90.0 130.0 0.00 0.0
0.0 140.0 0.00 40.0
5.0 140.0 0.10 43.8
10.0 140.0 0.23 46.9
15.0 140.0 0.40 48.2
20.0 140.0 0.59 44.8
25.0 140.0 0.73 30.5
30.0 140.0 0.72 9.5
35.0 140.0 0.63 -0.0
40.0 140.0 0.54 -3.2
45.0 140.0 0.47 -4.2
50.0 140.0 0.41 -4.3
55.0 140.0 0.37 -4.1
60.0 140.0 0.33 -3.6
65.0 140.0 0.29 -3.0
70.0 140.0 0.26 -2.3
75.0 140.0 0.23 -1.5
80.0 140.0 0.20 -0.8
85.0 140.0 0.17 0.1
90.0 140.0 0.00 0.0
0.0 150.0 0.00 30.0
5.0 150.0 0.08 32.9
10.0 150.0 0.19 35.0
15.0 150.0 0.34 34.6
20.0 150.0 0.48 29.4
25.0 150.0 0.55 18.9
30.0 150.0 0.53 8.6
35.0 150.0 0.47 2.6
40.0 150.0 0.41 -0.2
45.0 150.0 0.36 -1.5
50.0 150.0 0.32 -2.1
55.0 150.0 0.29 -2.1
60.0 150.0 0.25 -2.0
65.0 150.0 0.23 -1.7
70.0 150.0 0.20 -1.3
75.0 150.0 0.18 -0.8
80.0 150.0 0.15 -0.3
85.0 150.0 0.13 0.3
90.0 150.0 0.00 0.0
0.0 160.0 0.00 20.0
5.0 160.0 0.05 22.0
10.0 160.0 0.14 23.2
15.0 160.0 0.24 22.2
20.0 160.0 0.33 17.9
25.0 160.0 0.36 11.6
30.0 160.0 0.35 6.1
35.0 160.0 0.32 2.6
40.0 160.0 0.28 0.7
45.0 160.0 0.25 -0.3
50.0 160.0 0.22 -0.8
55.0 160.0 0.19 -1.0
60.0 160.0 0.17 -1.0
65.0 160.0 0.15 -0.9
70.0 160.0 0.14 -0.6
75.0 160.0 0.12 -0.3
80.0 160.0 0.10 -0.0
85.0 160.0 0.09 0.3
90.0 160.0 0.00 0.0
0.0 170.0 0.00 10.0
5.0 170.0 0.03 11.0
10.0 170.0 0.07 11.6
15.0 170.0 0.12 10.8
20.0 170.0 0.17 8.5
25.0 170.0 0.18 5.6
30.0 170.0 0.17 3.1
35.0 170.0 0.16 1.5
40.0 170.0 0.14 0.6
45.0 170.0 0.12 0.0
50.0 170.0 0.11 -0.3
55.0 170.0 0.10 -0.4
60.0 170.0 0.09 -0.4
65.0 170.0 0.08 -0.3
70.0 170.0 0.07 -0.2
75.0 170.0 0.06 -0.1
80.0 170.0 0.05 0.0
85.0 170.0 0.04 0.2
90.0 170.0 0.00 0.0
0.0 180.0 0.00 0.0
5.0 180.0 0.00 0.0
10.0 180.0 0.00 0.0
15.0 180.0 0.00 0.0
20.0 180.0 0.00 0.0
25.0 180.0 0.00 0.0
30.0 180.0 0.00 0.0
35.0 180.0 0.00 0.0
40.0 180.0 0.00 0.0
45.0 180.0 0.00 0.0
50.0 180.0 0.00 0.0
55.0 180.0 0.00 0.0
60.0 180.0 0.00 0.0
65.0 180.0 0.00 0.0
70.0 180.0 0.00 0.0
75.0 180.0 0.00 0.0
80.0 180.0 0.00 0.0
85.0 180.0 0.00 0.0
90.0 180.0 0.00 0.0
0.0 190.0 0.00 -10.0
5.0 190.0 0.03 -11.0
10.0 190.0 0.07 -11.5
15.0 190.0 0.12 -10.8
20.0 190.0 0.17 -8.5
25.0 190.0 0.18 -5.5
30.0 190.0 0.17 -3.1
35.0 190.0 0.16 -1.5
40.0 190.0 0.14 -0.5
45.0 190.0 0.12 -0.0
50.0 190.0 0.11 0.3
55.0 190.0 0.10 0.4
60.0 190.0 0.09 0.4
65.0 190.0 0.08 0.3
70.0 190.0 0.07 0.3
75.0 190.0 0.06 0.1
80.0 190.0 0.05 -0.0
85.0 190.0 0.04 -0.2
90.0 190.0 0.00 0.0
0.0 200.0 0.00 -20.0
5.0 200.0 0.05 -21.9
10.0 200.0 0.14 -23.2
15.0 200.0 0.24 -22.2
20.0 200.0 0.33 -17.9
25.0 200.0 0.36 -11.5
30.0 200.0 0.35 -6.0
35.0 200.0 0.32 -2.6
40.0 200.0 0.28 -0.7
45.0 200.0 0.25 0.4
50.0 200.0 0.22 0.8
55.0 200.0 0.19 1.0
60.0 200.0 0.17 1.0
65.0 200.0 0.15 0.9
70.0 200.0 0.14 0.6
75.0 200.0 0.12 0.4
80.0 200.0 0.10 0.0
85.0 200.0 0.09 -0.3
90.0 200.0 0.00 0.0
0.0 210.0 0.00 -30.0
5.0 210.0 0.08 -32.9
10.0 210.0 0.19 -35.0
15.0 210.0 0.34 -34.6
20.0 210.0 0.48 -29.4
25.0 210.0 0.55 -18.8
30.0 210.0 0.53 -8.6
35.0 210.0 0.47 -2.6
40.0 210.0 0.41 0.2
45.0 210.0 0.36 1.6
50.0 210.0 0.32 2.1
55.0 210.0 0.29 2.2
60.0 210.0 0.25 2.0
65.0 210.0 0.23 1.7
70.0 210.0 0.20 1.3
75.0 210.0 0.18 0.8
80.0 210.0 0.15 0.3
85.0 210.0 0.13 -0.3
90.0 210.0 0.00 0.0
0.0 220.0 0.00 -40.0
5.0 220.0 0.10 -43.8
10.0 220.0 0.23 -46.9
15.0 220.0 0.40 -48.1
20.0 220.0 0.59 -44.8
25.0 220.0 0.73 -30.4
30.0 220.0 0.72 -9.5
35.0 220.0 0.63 0.0
40.0 220.0 0.54 3.2
45.0 220.0 0.47 4.2
50.0 220.0 0.41 4.4
55.0 220.0 0.37 4.1
60.0 220.0 0.33 3.6
65.0 220.0 0.29 3.0
70.0 220.0 0.26 2.3
75.0 220.0 0.23 1.5
80.0 220.0 0.20 0.8
85.0 220.0 0.17 -0.1
90.0 220.0 0.00 0.0
0.0 230.0 0.00 -50.0
5.0 230.0 0.11 -54.5
10.0 230.0 0.26 -58.7
15.0 230.0 0.44 -62.2
20.0 230.0 0.64 -64.3
25.0 230.0 0.86 -61.0
30.0 230.0 0.90 2.1
35.0 230.0 0.75 9.9
40.0 230.0 0.64 9.9
45.0 230.0 0.55 9.1
50.0 230.0 0.49 8.1
55.0 230.0 0.43 7.0
60.0 230.0 0.39 5.9
65.0 230.0 0.34 4.8
70.0 230.0 0.31 3.7
75.0 230.0 0.27 2.6
80.0 230.0 0.23 1.5
85.0 230.0 0.20 0.4
90.0 230.0 0.00 0.0
0.0 240.0 0.00 -60.0
5.0 240.0 0.12 -65.1
10.0 240.0 0.27 -70.3
15.0 240.0 0.43 -75.8
20.0 240.0 0.61 -82.6
25.0 240.0 0.78 84.9
30.0 240.0 0.86 52.9
35.0 240.0 0.78 29.0
40.0 240.0 0.68 20.4
45.0 240.0 0.60 16.0
50.0 240.0 0.53 13.1
55.0 240.0 0.48 10.8
60.0 240.0 0.43 8.8
65.0 240.0 0.38 7.1
70.0 240.0 0.34 5.5
75.0 240.0 0.30 4.0
80.0 240.0 0.26 2.5
85.0 240.0 0.23 1.1
90.0 240.0 0.00 0.0
0.0 250.0 0.00 -70.0
5.0 250.0 0.12 -75.6
10.0 250.0 0.26 -81.4
15.0 250.0 0.41 -88.0
20.0 250.0 0.55 83.7
25.0 250.0 0.66 71.9
30.0 250.0 0.71 55.9
35.0 250.0 0.70 40.5
40.0 250.0 0.65 29.9
45.0 250.0 0.60 23.0
50.0 250.0 0.54 18.3
55.0 250.0 0.49 14.8
60.0 250.0 0.45 12.0
65.0 250.0 0.41 9.6
70.0 250.0 0.36 7.5
75.0 250.0 0.32 5.5
80.0 250.0 0.28 3.7
85.0 250.0 0.24 2.0
90.0 250.0 0.00 0.0
0.0 260.0 0.00 -80.0
5.0 260.0 0.12 -85.8
10.0 260.0 0.25 88.0
15.0 260.0 0.37 81.2
20.0 260.0 0.48 73.3
25.0 260.0 0.55 63.9
30.0 260.0 0.60 53.5
35.0 260.0 0.61 43.3
40.0 260.0 0.59 34.6
45.0 260.0 0.56 27.8
50.0 260.0 0.52 22.5
55.0 260.0 0.49 18.3
60.0 260.0 0.45 14.8
65.0 260.0 0.41 11.9
70.0 260.0 0.37 9.4
75.0 260.0 0.33 7.1
80.0 260.0 0.29 4.9
85.0 260.0 0.25 2.9
90.0 260.0 0.00 0.0
0.0 270.0 0.00 -90.0
5.0 270.0 0.12 84.1
10.0 270.0 0.23 78.0
15.0 270.0 0.33 71.5
20.0 270.0 0.41 64.6
25.0 270.0 0.47 57.2
30.0 270.0 0.51 49.7
35.0 270.0 0.52 42.4
40.0 270.0 0.52 35.6
45.0 270.0 0.51 29.8
50.0 270.0 0.49 24.8
55.0 270.0 0.46 20.5
60.0 270.0 0.43 16.9
65.0 270.0 0.40 13.7
70.0 270.0 0.36 10.9
75.0 270.0 0.33 8.4
80.0 270.0 0.29 6.0
85.0 270.0 0.25 3.8
90.0 270.0 0.00 0.0
0.0 280.0 0.00 80.0
5.0 280.0 0.11 74.2
10.0 280.0 0.21 68.4
15.0 280.0 0.29 62.6
20.0 280.0 0.35 56.8
25.0 280.0 0.40 51.0
30.0 280.0 0.43 45.3
35.0 280.0 0.44 39.8
40.0 280.0 0.45 34.5
45.0 280.0 0.45 29.7
50.0 280.0 0.44 25.3
55.0 280.0 0.42 21.4
60.0 280.0 0.40 17.9
65.0 280.0 0.37 14.7
70.0 280.0 0.34 11.9
75.0 280.0 0.31 9.3
80.0 280.0 0.28 6.8
85.0 280.0 0.24 4.5
90.0 280.0 0.00 0.0
0.0 290.0 0.00 70.0
5.0 290.0 0.10 64.5
10.0 290.0 0.18 59.2
15.0 290.0 0.25 54.2
20.0 290.0 0.30 49.5
25.0 290.0 0.33 44.9
30.0 290.0 0.36 40.5
35.0 290.0 0.38 36.2
40.0 290.0 0.39 32.1
45.0 290.0 0.39 28.1
50.0 290.0 0.38 24.4
55.0 290.0 0.37 21.0
60.0 290.0 0.36 17.8
65.0 290.0 0.34 14.9
70.0 290.0 0.31 12.2
75.0 290.0 0.29 9.7
80.0 290.0 0.26 7.3
85.0 290.0 0.23 5.0
90.0 290.0 0.00 0.0
0.0 300.0 0.00 60.0
5.0 300.0 0.09 55.0
10.0 300.0 0.16 50.4
15.0 300.0 0.21 46.2
20.0 300.0 0.25 42.4
25.0 300.0 0.28 38.8
30.0 300.0 0.30 35.4
35.0 300.0 0.32 32.0
40.0 300.0 0.33 28.8
45.0 300.0 0.33 25.6
50.0 300.0 0.33 22.5
55.0 300.0 0.32 19.6
60.0 300.0 0.31 16.8
65.0 300.0 0.29 14.2
70.0 300.0 0.28 11.8
75.0 300.0 0.25 9.5
80.0 300.0 0.23 7.2
85.0 300.0 0.20 5.1
90.0 300.0 0.00 0.0
0.0 310.0 0.00 50.0
5.0 310.0 0.08 45.6
10.0 310.0 0.13 41.7
15.0 310.0 0.17 38.3
20.0 310.0 0.20 35.3
25.0 310.0 0.22 32.6
30.0 310.0 0.24 30.0
35.0 310.0 0.26 27.4
40.0 310.0 0.27 24.8
45.0 310.0 0.27 22.3
50.0 310.0 0.27 19.8
55.0 310.0 0.27 17.4
60.0 310.0 0.26 15.1
65.0 310.0 0.25 12.9
70.0 310.0 0.23 10.8
75.0 310.0 0.22 8.7
80.0 310.0 0.20 6.8
85.0 310.0 0.18 4.9
90.0 310.0 0.00 0.0
0.0 320.0 0.00 40.0
5.0 320.0 0.06 36.4
10.0 320.0 0.11 33.2
15.0 320.0 0.13 30.6
20.0 320.0 0.16 28.3
25.0 320.0 0.18 26.3
30.0 320.0 0.19 24.3
35.0 320.0 0.20 22.3
40.0 320.0 0.21 20.4
45.0 320.0 0.22 18.4
50.0 320.0 0.22 16.5
55.0 320.0 0.22 14.6
60.0 320.0 0.21 12.7
65.0 320.0 0.20 10.9
70.0 320.0 0.19 9.2
75.0 320.0 0.18 7.6
80.0 320.0 0.16 5.9
85.0 320.0 0.14 4.3
90.0 320.0 0.00 0.0
0.0 330.0 0.00 30.0
5.0 330.0 0.05 27.2
10.0 330.0 0.08 24.9
15.0 330.0 0.10 22.9
20.0 330.0 0.12 21.3
25.0 330.0 0.13 19.8
30.0 330.0 0.14 18.4
35.0 330.0 0.15 17.0
40.0 330.0 0.16 15.6
45.0 330.0 0.16 14.1
50.0 330.0 0.16 12.7
55.0 330.0 0.16 11.3
60.0 330.0 0.16 9.9
65.0 330.0 0.15 8.6
70.0 330.0 0.14 7.3
75.0 330.0 0.13 6.0
80.0 330.0 0.12 4.8
85.0 330.0 0.11 3.5
90.0 330.0 0.00 0.0
0.0 340.0 0.00 20.0
5.0 340.0 0.03 18.1
10.0 340.0 0.05 16.5
15.0 340.0 0.07 15.3
20.0 340.0 0.08 14.2
25.0 340.0 0.09 13.3
30.0 340.0 0.09 12.4
35.0 340.0 0.10 11.5
40.0 340.0 0.11 10.5
45.0 340.0 0.11 9.6
50.0 340.0 0.11 8.6
55.0 340.0 0.11 7.7
60.0 340.0 0.11 6.8
65.0 340.0 0.10 5.9
70.0 340.0 0.10 5.0
75.0 340.0 0.09 4.2
80.0 340.0 0.08 3.3
85.0 340.0 0.07 2.5
90.0 340.0 0.00 0.0
0.0 350.0 0.00 10.0
5.0 350.0 0.02 9.1
10.0 350.0 0.03 8.3
15.0 350.0 0.03 7.6
20.0 350.0 0.04 7.1
25.0 350.0 0.04 6.7
30.0 350.0 0.05 6.2
35.0 350.0 0.05 5.8
40.0 350.0 0.05 5.3
45.0 350.0 0.05 4.8
50.0 350.0 0.05 4.4
55.0 350.0 0.05 3.9
60.0 350.0 0.05 3.5
65.0 350.0 0.05 3.0
70.0 350.0 0.05 2.6
75.0 350.0 0.05 2.1
80.0 350.0 0.04 1.7
85.0 350.0 0.04 1.3
90.0 350.0 0.00 0.0
0.0 360.0 0.00 0.0
5.0 360.0 0.00 0.0
10.0 360.0 0.00 0.0
15.0 360.0 0.00 0.0
20.0 360.0 0.00 0.0
25.0 360.0 0.00 0.0
30.0 360.0 0.00 0.0
35.0 360.0 0.00 0.0
40.0 360.0 0.00 0.0
45.0 360.0 0.00 0.0
50.0 360.0 0.00 0.0
55.0 360.0 0.00 0.0
60.0 360.0 0.00 0.0
65.0 360.0 0.00 0.0
70.0 360.0 0.00 0.0
75.0 360.0 0.00 0.0
80.0 360.0 0.00 0.0
85.0 360.0 0.00 0.0
90.0 360.0 0.00 0.0
0.0 370.0 0.00 -10.0
5.0 370.0 0.02 -9.0
10.0 370.0 0.03 -8.2
15.0 370.0 0.03 -7.6
20.0 370.0 0.04 -7.1
25.0 370.0 0.04 -6.7
30.0 370.0 0.05 -6.2
35.0 370.0 0.05 -5.8
40.0 370.0 0.05 -5.3
45.0 370.0 0.05 -4.8
50.0 370.0 0.05 -4.4
55.0 370.0 0.05 -3.9
60.0 370.0 0.05 -3.4
65.0 370.0 0.05 -3.0
70.0 370.0 0.05 -2.6
75.0 370.0 0.05 -2.1
80.0 370.0 0.04 -1.7
85.0 370.0 0.04 -1.3
90.0 370.0 0.00 0.0
0.0 380.0 0.00 -20.0
5.0 380.0 0.03 -18.1
10.0 380.0 0.05 -16.5
15.0 380.0 0.07 -15.3
20.0 380.0 0.08 -14.2
25.0 380.0 0.09 -13.3
30.0 380.0 0.09 -12.4
35.0 380.0 0.10 -11.4
40.0 380.0 0.11 -10.5
45.0 380.0 0.11 -9.6
50.0 380.0 0.11 -8.6
55.0 380.0 0.11 -7.7
60.0 380.0 0.11 -6.8
65.0 380.0 0.10 -5.9
70.0 380.0 0.10 -5.0
75.0 380.0 0.09 -4.2
80.0 380.0 0.08 -3.3
85.0 380.0 0.07 -2.5
90.0 380.0 0.00 0.0
0.0 390.0 0.00 -30.0
5.0 390.0 0.05 -27.2
10.0 390.0 0.08 -24.8
15.0 390.0 0.10 -22.9
20.0 390.0 0.12 -21.3
25.0 390.0 0.13 -19.8
30.0 390.0 0.14 -18.4
35.0 390.0 0.15 -17.0
40.0 390.0 0.16 -15.6
45.0 390.0 0.16 -14.1
50.0 390.0 0.16 -12.7
55.0 390.0 0.16 -11.3
60.0 390.0 0.16 -9.9
65.0 390.0 0.15 -8.6
70.0 390.0 0.14 -7.3
75.0 390.0 0.13 -6.0
80.0 390.0 0.12 -4.8
85.0 390.0 0.11 -3.5
90.0 390.0 0.00 0.0
0.0 400.0 0.00 -40.0
5.0 400.0 0.06 -36.4
10.0 400.0 0.11 -33.2
15.0 400.0 0.13 -30.6
20.0 400.0 0.16 -28.3
25.0 400.0 0.18 -26.2
30.0 400.0 0.19 -24.3
35.0 400.0 0.20 -22.3
40.0 400.0 0.21 -20.4
45.0 400.0 0.22 -18.4
50.0 400.0 0.22 -16.4
55.0 400.0 0.22 -14.6
60.0 400.0 0.21 -12.7
65.0 400.0 0.20 -10.9
70.0 400.0 0.19 -9.2
75.0 400.0 0.18 -7.6
80.0 400.0 0.16 -5.9
85.0 400.0 0.14 -4.3
90.0 400.0 0.00 0.0
0.0 410.0 0.00 -50.0
5.0 410.0 0.08 -45.6
10.0 410.0 0.13 -41.7
15.0 410.0 0.17 -38.3
20.0 410.0 0.20 -35.3
25.0 410.0 0.22 -32.6
30.0 410.0 0.24 -30.0
35.0 410.0 0.26 -27.4
40.0 410.0 0.27 -24.8
45.0 410.0 0.27 -22.2
50.0 410.0 0.27 -19.8
55.0 410.0 0.27 -17.4
60.0 410.0 0.26 -15.1
65.0 410.0 0.25 -12.8
70.0 410.0 0.23 -10.8
75.0 410.0 0.22 -8.7
80.0 410.0 0.20 -6.8
85.0 410.0 0.18 -4.9
90.0 410.0 0.00 0.0
0.0 420.0 0.00 -60.0
5.0 420.0 0.09 -55.0
10.0 420.0 0.16 -50.4
15.0 420.0 0.21 -46.2
20.0 420.0 0.25 -42.4
25.0 420.0 0.28 -38.8
30.0 420.0 0.30 -35.4
35.0 420.0 0.32 -32.0
40.0 420.0 0.33 -28.8
45.0 420.0 0.33 -25.6
50.0 420.0 0.33 -22.5
55.0 420.0 0.32 -19.6
60.0 420.0 0.31 -16.8
65.0 420.0 0.29 -14.2
70.0 420.0 0.28 -11.8
75.0 420.0 0.25 -9.5
80.0 420.0 0.23 -7.2
85.0 420.0 0.20 -5.1
90.0 420.0 0.00 0.0
0.0 430.0 0.00 -70.0
5.0 430.0 0.10 -64.5
10.0 430.0 0.18 -59.2
15.0 430.0 0.25 -54.2
20.0 430.0 0.30 -49.5
25.0 430.0 0.33 -44.9
30.0 430.0 0.36 -40.5
35.0 430.0 0.38 -36.2
40.0 430.0 0.39 -32.1
45.0 430.0 0.39 -28.1
50.0 430.0 0.38 -24.4
55.0 430.0 0.37 -21.0
60.0 430.0 0.36 -17.8
65.0 430.0 0.34 -14.9
70.0 430.0 0.31 -12.2
75.0 430.0 0.29 -9.7
80.0 430.0 0.26 -7.3
85.0 430.0 0.23 -5.0
90.0 430.0 0.00 0.0
0.0 440.0 0.00 -80.0
5.0 440.0 0.11 -74.2
10.0 440.0 0.21 -68.4
15.0 440.0 0.29 -62.6
20.0 440.0 0.35 -56.8
25.0 440.0 0.40 -51.0
30.0 440.0 0.43 -45.3
35.0 440.0 0.44 -39.8
40.0 440.0 0.45 -34.5
45.0 440.0 0.45 -29.7
50.0 440.0 0.44 -25.3
55.0 440.0 0.42 -21.4
60.0 440.0 0.40 -17.9
65.0 440.0 0.37 -14.7
70.0 440.0 0.34 -11.9
75.0 440.0 0.31 -9.3
80.0 440.0 0.28 -6.8
85.0 440.0 0.24 -4.5
90.0 440.0 0.00 0.0
0.0 450.0 0.00 -90.0
5.0 450.0 0.12 -84.1
10.0 450.0 0.23 -78.0
15.0 450.0 0.33 -71.5
20.0 450.0 0.41 -64.6
25.0 450.0 0.47 -57.2
30.0 450.0 0.51 -49.7
35.0 450.0 0.52 -42.4
40.0 450.0 0.52 -35.6
45.0 450.0 0.51 -29.8
50.0 450.0 0.49 -24.8
55.0 450.0 0.46 -20.5
60.0 450.0 0.43 -16.9
65.0 450.0 0.40 -13.7
70.0 450.0 0.36 -10.9
75.0 450.0 0.33 -8.4
80.0 450.0 0.29 -6.0
85.0 450.0 0.25 -3.8
90.0 450.0 0.00 0.0
0.0 460.0 0.00 80.0
5.0 460.0 0.12 85.9
10.0 460.0 0.25 -88.0
15.0 460.0 0.37 -81.2
20.0 460.0 0.48 -73.2
25.0 460.0 0.55 -63.9
30.0 460.0 0.60 -53.5
35.0 460.0 0.61 -43.3
40.0 460.0 0.59 -34.6
45.0 460.0 0.56 -27.8
50.0 460.0 0.52 -22.5
55.0 460.0 0.49 -18.3
60.0 460.0 0.45 -14.8
65.0 460.0 0.41 -11.9
70.0 460.0 0.37 -9.4
75.0 460.0 0.33 -7.1
80.0 460.0 0.29 -4.9
85.0 460.0 0.25 -2.9
90.0 460.0 0.00 0.0
0.0 470.0 0.00 70.0
5.0 470.0 0.12 75.6
10.0 470.0 0.26 81.5
15.0 470.0 0.41 88.0
20.0 470.0 0.55 -83.7
25.0 470.0 0.66 -71.9
30.0 470.0 0.71 -55.9
35.0 470.0 0.70 -40.5
40.0 470.0 0.65 -29.9
45.0 470.0 0.60 -23.0
50.0 470.0 0.54 -18.3
55.0 470.0 0.49 -14.8
60.0 470.0 0.45 -12.0
65.0 470.0 0.41 -9.6
70.0 470.0 0.36 -7.5
75.0 470.0 0.32 -5.5
80.0 470.0 0.28 -3.7
85.0 470.0 0.24 -2.0
90.0 470.0 0.00 0.0
0.0 480.0 0.00 60.0
5.0 480.0 0.12 65.2
10.0 480.0 0.27 70.3
15.0 480.0 0.43 75.8
20.0 480.0 0.61 82.6
25.0 480.0 0.78 -84.9
30.0 480.0 0.86 -52.9
35.0 480.0 0.78 -29.0
40.0 480.0 0.68 -20.4
45.0 480.0 0.60 -16.0
50.0 480.0 0.53 -13.1
55.0 480.0 0.48 -10.8
60.0 480.0 0.43 -8.8
65.0 480.0 0.38 -7.1
70.0 480.0 0.34 -5.5
75.0 480.0 0.30 -4.0
80.0 480.0 0.26 -2.5
85.0 480.0 0.23 -1.1
90.0 480.0 0.00 0.0
0.0 490.0 0.00 50.0
5.0 490.0 0.11 54.5
10.0 490.0 0.26 58.8
15.0 490.0 0.44 62.2
20.0 490.0 0.64 64.3
25.0 490.0 0.86 61.1
30.0 490.0 0.90 -2.1
35.0 490.0 0.75 -9.9
40.0 490.0 0.64 -9.9
45.0 490.0 0.55 -9.1
50.0 490.0 0.49 -8.1
55.0 490.0 0.43 -7.0
60.0 490.0 0.39 -5.9
65.0 490.0 0.35 -4.8
70.0 490.0 0.31 -3.7
75.0 490.0 0.27 -2.6
80.0 490.0 0.23 -1.5
85.0 490.0 0.20 -0.4
90.0 490.0 0.00 0.0
0.0 500.0 0.00 40.0
5.0 500.0 0.10 43.8
10.0 500.0 0.23 46.9
15.0 500.0 0.40 48.2
20.0 500.0 0.59 44.8
25.0 500.0 0.73 30.5
30.0 500.0 0.72 9.5
35.0 500.0 0.63 -0.0
40.0 500.0 0.54 -3.2
45.0 500.0 0.47 -4.2
50.0 500.0 0.41 -4.3
55.0 500.0 0.37 -4.1
60.0 500.0 0.33 -3.6
65.0 500.0 0.29 -3.0
70.0 500.0 0.26 -2.3
75.0 500.0 0.23 -1.5
80.0 500.0 0.20 -0.8
85.0 500.0 0.17 0.1
90.0 500.0 0.00 0.0
0.0 510.0 0.00 30.0
5.0 510.0 0.08 32.9
10.0 510.0 0.19 35.0
15.0 510.0 0.34 34.6
20.0 510.0 0.48 29.4
25.0 510.0 0.55 18.9
30.0 510.0 0.53 8.6
35.0 510.0 0.47 2.6
40.0 510.0 0.41 -0.2
45.0 510.0 0.36 -1.5
50.0 510.0 0.32 -2.1
55.0 510.0 0.29 -2.1
60.0 510.0 0.25 -2.0
65.0 510.0 0.23 -1.7
70.0 510.0 0.20 -1.3
75.0 510.0 0.18 -0.8
80.0 510.0 0.15 -0.3
85.0 510.0 0.13 0.3
90.0 510.0 0.00 0.0
0.0 520.0 0.00 20.0
5.0 520.0 0.05 22.0
10.0 520.0 0.14 23.2
15.0 520.0 0.24 22.2
20.0 520.0 0.33 17.9
25.0 520.0 0.36 11.6
30.0 520.0 0.35 6.1
35.0 520.0 0.32 2.6
40.0 520.0 0.28 0.7
45.0 520.0 0.25 -0.3
50.0 520.0 0.22 -0.8
55.0 520.0 0.19 -1.0
60.0 520.0 0.17 -1.0
65.0 520.0 0.15 -0.9
70.0 520.0 0.14 -0.6
75.0 520.0 0.12 -0.3
80.0 520.0 0.10 -0.0
85.0 520.0 0.09 0.3
90.0 520.0 0.00 0.0
0.0 530.0 0.00 10.0
5.0 530.0 0.03 11.0
10.0 530.0 0.07 11.6
15.0 530.0 0.12 10.8
20.0 530.0 0.17 8.5
25.0 530.0 0.18 5.6
30.0 530.0 0.17 3.1
35.0 530.0 0.16 1.5
40.0 530.0 0.14 0.6
45.0 530.0 0.12 0.0
50.0 530.0 0.11 -0.3
55.0 530.0 0.10 -0.4
60.0 530.0 0.09 -0.4
65.0 530.0 0.08 -0.3
70.0 530.0 0.07 -0.2
75.0 530.0 0.06 -0.1
80.0 530.0 0.05 0.0
85.0 530.0 0.04 0.2
90.0 530.0 0.00 0.0
0.0 540.0 0.00 0.0
5.0 540.0 0.00 0.0
10.0 540.0 0.00 0.0
15.0 540.0 0.00 0.0
20.0 540.0 0.00 0.0
25.0 540.0 0.00 0.0
30.0 540.0 0.00 0.0
35.0 540.0 0.00 0.0
40.0 540.0 0.00 0.0
45.0 540.0 0.00 0.0
50.0 540.0 0.00 0.0
55.0 540.0 0.00 0.0
60.0 540.0 0.00 0.0
65.0 540.0 0.00 0.0
70.0 540.0 0.00 0.0
75.0 540.0 0.00 0.0
80.0 540.0 0.00 0.0
85.0 540.0 0.00 0.0
90.0 540.0 0.00 0.0
0.0 550.0 0.00 -10.0
5.0 550.0 0.03 -11.0
10.0 550.0 0.07 -11.5
15.0 550.0 0.12 -10.8
20.0 550.0 0.17 -8.5
25.0 550.0 0.18 -5.5
30.0 550.0 0.17 -3.1
35.0 550.0 0.16 -1.5
40.0 550.0 0.14 -0.5
45.0 550.0 0.12 -0.0
50.0 550.0 0.11 0.3
55.0 550.0 0.10 0.4
60.0 550.0 0.09 0.4
65.0 550.0 0.08 0.3
70.0 550.0 0.07 0.3
75.0 550.0 0.06 0.1
80.0 550.0 0.05 -0.0
85.0 550.0 0.04 -0.2
90.0 550.0 0.00 0.0
0.0 560.0 0.00 -20.0
5.0 560.0 0.05 -21.9
10.0 560.0 0.14 -23.2
15.0 560.0 0.24 -22.2
20.0 560.0 0.33 -17.9
25.0 560.0 0.36 -11.5
30.0 560.0 0.35 -6.0
35.0 560.0 0.32 -2.6
40.0 560.0 0.28 -0.7
45.0 560.0 0.25 0.4
50.0 560.0 0.22 0.8
55.0 560.0 0.19 1.0
60.0 560.0 0.17 1.0
65.0 560.0 0.15 0.9
70.0 560.0 0.14 0.6
75.0 560.0 0.12 0.4
80.0 560.0 0.10 0.0
85.0 560.0 0.09 -0.3
90.0 560.0 0.00 0.0
0.0 570.0 0.00 -30.0
5.0 570.0 0.08 -32.9
10.0 570.0 0.19 -35.0
15.0 570.0 0.34 -34.6
20.0 570.0 0.48 -29.4
25.0 570.0 0.55 -18.8
30.0 570.0 0.53 -8.6
35.0 570.0 0.47 -2.6
40.0 570.0 0.41 0.2
45.0 570.0 0.36 1.6
50.0 570.0 0.32 2.1
55.0 570.0 0.29 2.2
60.0 570.0 0.25 2.0
65.0 570.0 0.23 1.7
70.0 570.0 0.20 1.3
75.0 570.0 0.18 0.8
80.0 570.0 0.15 0.3
85.0 570.0 0.13 -0.3
90.0 570.0 0.00 0.0
0.0 580.0 0.00 -40.0
5.0 580.0 0.10 -43.8
10.0 580.0 0.23 -46.9
15.0 580.0 0.40 -48.1
20.0 580.0 0.59 -44.8
25.0 580.0 0.73 -30.4
30.0 580.0 0.72 -9.5
35.0 580.0 0.63 0.0
40.0 580.0 0.54 3.2
45.0 580.0 0.47 4.2
50.0 580.0 0.41 4.4
55.0 580.0 0.37 4.1
60.0 580.0 0.33 3.6
65.0 580.0 0.29 3.0
70.0 580.0 0.26 2.3
75.0 580.0 0.23 1.5
80.0 580.0 0.20 0.8
85.0 580.0 0.17 -0.1
90.0 580.0 0.00 0.0
0.0 590.0 0.00 -50.0
5.0 590.0 0.11 -54.5
10.0 590.0 0.26 -58.7
15.0 590.0 0.44 -62.2
20.0 590.0 0.64 -64.3
25.0 590.0 0.86 -61.0
30.0 590.0 0.90 2.1
35.0 590.0 0.75 9.9
40.0 590.0 0.64 9.9
45.0 590.0 0.55 9.1
50.0 590.0 0.49 8.1
55.0 590.0 0.43 7.0
60.0 590.0 0.39 5.9
65.0 590.0 0.34 4.8
70.0 590.0 0.31 3.7
75.0 590.0 0.27 2.6
80.0 590.0 0.23 1.5
85.0 590.0 0.20 0.4
90.0 590.0 0.00 0.0
0.0 600.0 0.00 -60.0
5.0 600.0 0.12 -65.1
10.0 600.0 0.27 -70.3
15.0 600.0 0.43 -75.8
20.0 600.0 0.61 -82.6
25.0 600.0 0.78 84.9
30.0 600.0 0.86 52.9
35.0 600.0 0.78 29.0
40.0 600.0 0.68 20.4
45.0 600.0 0.60 16.0
50.0 600.0 0.53 13.1
55.0 600.0 0.48 10.8
60.0 600.0 0.43 8.8
65.0 600.0 0.38 7.1
70.0 600.0 0.34 5.5
75.0 600.0 0.30 4.0
80.0 600.0 0.26 2.5
85.0 600.0 0.23 1.1
90.0 600.0 0.00 0.0
0.0 610.0 0.00 -70.0
5.0 610.0 0.12 -75.6
10.0 610.0 0.26 -81.4
15.0 610.0 0.41 -88.0
20.0 610.0 0.55 83.7
25.0 610.0 0.66 71.9
30.0 610.0 0.71 55.9
35.0 610.0 0.70 40.5
40.0 610.0 0.65 29.9
45.0 610.0 0.60 23.0
50.0 610.0 0.54 18.3
55.0 610.0 0.49 14.8
60.0 610.0 0.45 12.0
65.0 610.0 0.41 9.6
70.0 610.0 0.36 7.5
75.0 610.0 0.32 5.5
80.0 610.0 0.28 3.7
85.0 610.0 0.24 2.0
90.0 610.0 0.00 0.0
0.0 620.0 0.00 -80.0
5.0 620.0 0.12 -85.8
10.0 620.0 0.25 88.0
15.0 620.0 0.37 81.2
20.0 620.0 0.48 73.3
25.0 620.0 0.55 63.9
30.0 620.0 0.60 53.5
35.0 620.0 0.61 43.3
40.0 620.0 0.59 34.6
45.0 620.0 0.56 27.8
50.0 620.0 0.52 22.5
55.0 620.0 0.49 18.3
60.0 620.0 0.45 14.8
65.0 620.0 0.41 11.9
70.0 620.0 0.37 9.4
75.0 620.0 0.33 7.1
80.0 620.0 0.29 4.9
85.0 620.0 0.25 2.9
90.0 620.0 0.00 0.0
0.0 630.0 0.00 -90.0
5.0 630.0 0.12 84.1
10.0 630.0 0.23 78.0
15.0 630.0 0.33 71.5
20.0 630.0 0.41 64.6
25.0 630.0 0.47 57.2
30.0 630.0 0.51 49.7
35.0 630.0 0.52 42.4
40.0 630.0 0.52 35.6
45.0 630.0 0.51 29.8
50.0 630.0 0.49 24.8
55.0 630.0 0.46 20.5
60.0 630.0 0.43 16.9
65.0 630.0 0.40 13.7
70.0 630.0 0.36 10.9
75.0 630.0 0.33 8.4
80.0 630.0 0.29 6.0
85.0 630.0 0.25 3.8
90.0 630.0 0.00 0.0
0.0 640.0 0.00 80.0
5.0 640.0 0.11 74.2
10.0 640.0 0.21 68.4
15.0 640.0 0.29 62.6
20.0 640.0 0.35 56.8
25.0 640.0 0.40 51.0
30.0 640.0 0.43 45.3
35.0 640.0 0.44 39.8
40.0 640.0 0.45 34.5
45.0 640.0 0.45 29.7
50.0 640.0 0.44 25.3
55.0 640.0 0.42 21.4
60.0 640.0 0.40 17.9
65.0 640.0 0.37 14.7
70.0 640.0 0.34 11.9
75.0 640.0 0.31 9.3
80.0 640.0 0.28 6.8
85.0 640.0 0.24 4.5
90.0 640.0 0.00 0.0
0.0 650.0 0.00 70.0
5.0 650.0 0.10 64.5
10.0 650.0 0.18 59.2
15.0 650.0 0.25 54.2
20.0 650.0 0.30 49.5
25.0 650.0 0.33 44.9
30.0 650.0 0.36 40.5
35.0 650.0 0.38 36.2
40.0 650.0 0.39 32.1
45.0 650.0 0.39 28.1
50.0 650.0 0.38 24.4
55.0 650.0 0.37 21.0
60.0 650.0 0.36 17.8
65.0 650.0 0.34 14.9
70.0 650.0 0.31 12.2
75.0 650.0 0.29 9.7
80.0 650.0 0.26 7.3
85.0 650.0 0.23 5.0
90.0 650.0 0.00 0.0
0.0 660.0 0.00 60.0
5.0 660.0 0.09 55.0
10.0 660.0 0.16 50.4
15.0 660.0 0.21 46.2
20.0 660.0 0.25 42.4
25.0 660.0 0.28 38.8
30.0 660.0 0.30 35.4
35.0 660.0 0.32 32.0
40.0 660.0 0.33 28.8
45.0 660.0 0.33 25.6
50.0 660.0 0.33 22.5
55.0 660.0 0.32 19.6
60.0 660.0 0.31 16.8
65.0 660.0 0.29 14.2
70.0 660.0 0.28 11.8
75.0 660.0 0.25 9.5
80.0 660.0 0.23 7.2
85.0 660.0 0.20 5.1
90.0 660.0 0.00 0.0
0.0 670.0 0.00 50.0
5.0 670.0 0.08 45.6
10.0 670.0 0.13 41.7
15.0 670.0 0.17 38.3
20.0 670.0 0.20 35.3
25.0 670.0 0.22 32.6
30.0 670.0 0.24 30.0
35.0 670.0 0.26 27.4
40.0 670.0 0.27 24.8
45.0 670.0 0.27 22.3
50.0 670.0 0.27 19.8
55.0 670.0 0.27 17.4
60.0 670.0 0.26 15.1
65.0 670.0 0.25 12.9
70.0 670.0 0.23 10.8
75.0 670.0 0.22 8.7
80.0 670.0 0.20 6.8
85.0 670.0 0.18 4.9
90.0 670.0 0.00 0.0
0.0 680.0 0.00 40.0
5.0 680.0 0.06 36.4
10.0 680.0 0.11 33.2
15.0 680.0 0.13 30.6
20.0 680.0 0.16 28.3
25.0 680.0 0.18 26.3
30.0 680.0 0.19 24.3
35.0 680.0 0.20 22.3
40.0 680.0 0.21 20.4
45.0 680.0 0.22 18.4
50.0 680.0 0.22 16.5
55.0 680.0 0.22 14.6
60.0 680.0 0.21 12.7
65.0 680.0 0.20 10.9
70.0 680.0 0.19 9.2
75.0 680.0 0.18 7.6
80.0 680.0 0.16 5.9
85.0 680.0 0.14 4.3
90.0 680.0 0.00 0.0
0.0 690.0 0.00 30.0
5.0 690.0 0.05 27.2
10.0 690.0 0.08 24.9
15.0 690.0 0.10 22.9
20.0 690.0 0.12 21.3
25.0 690.0 0.13 19.8
30.0 690.0 0.14 18.4
35.0 690.0 0.15 17.0
40.0 690.0 0.16 15.6
45.0 690.0 0.16 14.1
50.0 690.0 0.16 12.7
55.0 690.0 0.16 11.3
60.0 690.0 0.16 9.9
65.0 690.0 0.15 8.6
70.0 690.0 0.14 7.3
75.0 690.0 0.13 6.0
80.0 690.0 0.12 4.8
85.0 690.0 0.11 3.5
90.0 690.0 0.00 0.0
0.0 700.0 0.00 20.0
5.0 700.0 0.03 18.1
10.0 700.0 0.05 16.5
15.0 700.0 0.07 15.3
20.0 700.0 0.08 14.2
25.0 700.0 0.09 13.3
30.0 700.0 0.09 12.4
35.0 700.0 0.10 11.5
40.0 700.0 0.11 10.5
45.0 700.0 0.11 9.6
50.0 700.0 0.11 8.6
55.0 700.0 0.11 7.7
60.0 700.0 0.11 6.8
65.0 700.0 0.10 5.9
70.0 700.0 0.10 5.0
75.0 700.0 0.09 4.2
80.0 700.0 0.08 3.3
85.0 700.0 0.07 2.5
90.0 700.0 0.00 0.0
0.0 710.0 0.00 10.0
5.0 710.0 0.02 9.1
10.0 710.0 0.03 8.3
15.0 710.0 0.03 7.6
20.0 710.0 0.04 7.1
25.0 710.0 0.04 6.7
30.0 710.0 0.05 6.2
35.0 710.0 0.05 5.8
40.0 710.0 0.05 5.3
45.0 710.0 0.05 4.8
50.0 710.0 0.05 4.4
55.0 710.0 0.05 3.9
60.0 710.0 0.05 3.5
65.0 710.0 0.05 3.0
70.0 710.0 0.05 2.6
75.0 710.0 0.05 2.1
80.0 710.0 0.04 1.7
85.0 710.0 0.04 1.3
90.0 710.0 0.00 0.0
0.0 720.0 0.00 0.0
5.0 720.0 0.00 0.0
10.0 720.0 0.00 0.0
15.0 720.0 0.00 0.0
20.0 720.0 0.00 0.0
25.0 720.0 0.00 0.0
30.0 720.0 0.00 0.0
35.0 720.0 0.00 0.0
40.0 720.0 0.00 0.0
45.0 720.0 0.00 0.0
50.0 720.0 0.00 0.0
55.0 720.0 0.00 0.0
60.0 720.0 0.00 0.0
65.0 720.0 0.00 0.0
70.0 720.0 0.00 0.0
75.0 720.0 0.00 0.0
80.0 720.0 0.00 0.0
85.0 720.0 0.00 0.0
90.0 720.0 0.00 0.0
