# FGCom-mumble Far-Field Radiation Pattern
# Frequency: 15.0 MHz
# Antenna: T-55 Soviet MBT - Primary VHF-FM R-123M Tactical Whip
# Vehicle: Soviet Main Battle Tank (Warsaw Pact standard)
# Height: 2.5m above ground (turret-mounted)
# Ground Plane: Steel armor hull (Soviet grade steel)
# Type: Soviet HF Command (R-130)
# Format: Theta Phi Gain_dBi H_Polarization V_Polarization
# Theta: Elevation angle (0-180 degrees)
# Phi: Azimuth angle (0-360 degrees)
# Gain: Antenna gain in dBi
# H_Polarization: Horizontal polarization component
# V_Polarization: Vertical polarization component
0 0 1.43 0.1 0.9
0 10 1.43 0.1 0.9
0 20 1.43 0.1 0.9
0 30 1.43 0.1 0.9
0 40 1.43 0.1 0.9
0 50 1.43 0.1 0.9
0 60 1.43 0.1 0.9
0 70 1.43 0.1 0.9
0 80 1.43 0.1 0.9
0 90 1.43 0.1 0.9
0 100 1.43 0.1 0.9
0 110 1.43 0.1 0.9
0 120 1.43 0.1 0.9
0 130 1.43 0.1 0.9
0 140 1.43 0.1 0.9
0 150 1.43 0.1 0.9
0 160 1.43 0.1 0.9
0 170 1.43 0.1 0.9
0 180 1.43 0.1 0.9
0 190 1.43 0.1 0.9
0 200 1.43 0.1 0.9
0 210 1.43 0.1 0.9
0 220 1.43 0.1 0.9
0 230 1.43 0.1 0.9
0 240 1.43 0.1 0.9
0 250 1.43 0.1 0.9
0 260 1.43 0.1 0.9
0 270 1.43 0.1 0.9
0 280 1.43 0.1 0.9
0 290 1.43 0.1 0.9
0 300 1.43 0.1 0.9
0 310 1.43 0.1 0.9
0 320 1.43 0.1 0.9
0 330 1.43 0.1 0.9
0 340 1.43 0.1 0.9
0 350 1.43 0.1 0.9
5 0 1.43 0.1 0.9
5 10 1.43 0.1 0.9
5 20 1.43 0.1 0.9
5 30 1.43 0.1 0.9
5 40 1.43 0.1 0.9
5 50 1.43 0.1 0.9
5 60 1.43 0.1 0.9
5 70 1.43 0.1 0.9
5 80 1.43 0.1 0.9
5 90 1.43 0.1 0.9
5 100 1.43 0.1 0.9
5 110 1.43 0.1 0.9
5 120 1.43 0.1 0.9
5 130 1.43 0.1 0.9
5 140 1.43 0.1 0.9
5 150 1.43 0.1 0.9
5 160 1.43 0.1 0.9
5 170 1.43 0.1 0.9
5 180 1.43 0.1 0.9
5 190 1.43 0.1 0.9
5 200 1.43 0.1 0.9
5 210 1.43 0.1 0.9
5 220 1.43 0.1 0.9
5 230 1.43 0.1 0.9
5 240 1.43 0.1 0.9
5 250 1.43 0.1 0.9
5 260 1.43 0.1 0.9
5 270 1.43 0.1 0.9
5 280 1.43 0.1 0.9
5 290 1.43 0.1 0.9
5 300 1.43 0.1 0.9
5 310 1.43 0.1 0.9
5 320 1.43 0.1 0.9
5 330 1.43 0.1 0.9
5 340 1.43 0.1 0.9
5 350 1.43 0.1 0.9
10 0 1.43 0.1 0.9
10 10 1.43 0.1 0.9
10 20 1.43 0.1 0.9
10 30 1.43 0.1 0.9
10 40 1.43 0.1 0.9
10 50 1.43 0.1 0.9
10 60 1.43 0.1 0.9
10 70 1.43 0.1 0.9
10 80 1.43 0.1 0.9
10 90 1.43 0.1 0.9
10 100 1.43 0.1 0.9
10 110 1.43 0.1 0.9
10 120 1.43 0.1 0.9
10 130 1.43 0.1 0.9
10 140 1.43 0.1 0.9
10 150 1.43 0.1 0.9
10 160 1.43 0.1 0.9
10 170 1.43 0.1 0.9
10 180 1.43 0.1 0.9
10 190 1.43 0.1 0.9
10 200 1.43 0.1 0.9
10 210 1.43 0.1 0.9
10 220 1.43 0.1 0.9
10 230 1.43 0.1 0.9
10 240 1.43 0.1 0.9
10 250 1.43 0.1 0.9
10 260 1.43 0.1 0.9
10 270 1.43 0.1 0.9
10 280 1.43 0.1 0.9
10 290 1.43 0.1 0.9
10 300 1.43 0.1 0.9
10 310 1.43 0.1 0.9
10 320 1.43 0.1 0.9
10 330 1.43 0.1 0.9
10 340 1.43 0.1 0.9
10 350 1.43 0.1 0.9
15 0 1.43 0.1 0.9
15 10 1.43 0.1 0.9
15 20 1.43 0.1 0.9
15 30 1.43 0.1 0.9
15 40 1.43 0.1 0.9
15 50 1.43 0.1 0.9
15 60 1.43 0.1 0.9
15 70 1.43 0.1 0.9
15 80 1.43 0.1 0.9
15 90 1.43 0.1 0.9
15 100 1.43 0.1 0.9
15 110 1.43 0.1 0.9
15 120 1.43 0.1 0.9
15 130 1.43 0.1 0.9
15 140 1.43 0.1 0.9
15 150 1.43 0.1 0.9
15 160 1.43 0.1 0.9
15 170 1.43 0.1 0.9
15 180 1.43 0.1 0.9
15 190 1.43 0.1 0.9
15 200 1.43 0.1 0.9
15 210 1.43 0.1 0.9
15 220 1.43 0.1 0.9
15 230 1.43 0.1 0.9
15 240 1.43 0.1 0.9
15 250 1.43 0.1 0.9
15 260 1.43 0.1 0.9
15 270 1.43 0.1 0.9
15 280 1.43 0.1 0.9
15 290 1.43 0.1 0.9
15 300 1.43 0.1 0.9
15 310 1.43 0.1 0.9
15 320 1.43 0.1 0.9
15 330 1.43 0.1 0.9
15 340 1.43 0.1 0.9
15 350 1.43 0.1 0.9
20 0 1.43 0.1 0.9
20 10 1.43 0.1 0.9
20 20 1.43 0.1 0.9
20 30 1.43 0.1 0.9
20 40 1.43 0.1 0.9
20 50 1.43 0.1 0.9
20 60 1.43 0.1 0.9
20 70 1.43 0.1 0.9
20 80 1.43 0.1 0.9
20 90 1.43 0.1 0.9
20 100 1.43 0.1 0.9
20 110 1.43 0.1 0.9
20 120 1.43 0.1 0.9
20 130 1.43 0.1 0.9
20 140 1.43 0.1 0.9
20 150 1.43 0.1 0.9
20 160 1.43 0.1 0.9
20 170 1.43 0.1 0.9
20 180 1.43 0.1 0.9
20 190 1.43 0.1 0.9
20 200 1.43 0.1 0.9
20 210 1.43 0.1 0.9
20 220 1.43 0.1 0.9
20 230 1.43 0.1 0.9
20 240 1.43 0.1 0.9
20 250 1.43 0.1 0.9
20 260 1.43 0.1 0.9
20 270 1.43 0.1 0.9
20 280 1.43 0.1 0.9
20 290 1.43 0.1 0.9
20 300 1.43 0.1 0.9
20 310 1.43 0.1 0.9
20 320 1.43 0.1 0.9
20 330 1.43 0.1 0.9
20 340 1.43 0.1 0.9
20 350 1.43 0.1 0.9
25 0 .61 0.1 0.9
25 10 .61 0.1 0.9
25 20 .61 0.1 0.9
25 30 .61 0.1 0.9
25 40 .61 0.1 0.9
25 50 .61 0.1 0.9
25 60 .61 0.1 0.9
25 70 .61 0.1 0.9
25 80 .61 0.1 0.9
25 90 .61 0.1 0.9
25 100 .61 0.1 0.9
25 110 .61 0.1 0.9
25 120 .61 0.1 0.9
25 130 .61 0.1 0.9
25 140 .61 0.1 0.9
25 150 .61 0.1 0.9
25 160 .61 0.1 0.9
25 170 .61 0.1 0.9
25 180 .61 0.1 0.9
25 190 .61 0.1 0.9
25 200 .61 0.1 0.9
25 210 .61 0.1 0.9
25 220 .61 0.1 0.9
25 230 .61 0.1 0.9
25 240 .61 0.1 0.9
25 250 .61 0.1 0.9
25 260 .61 0.1 0.9
25 270 .61 0.1 0.9
25 280 .61 0.1 0.9
25 290 .61 0.1 0.9
25 300 .61 0.1 0.9
25 310 .61 0.1 0.9
25 320 .61 0.1 0.9
25 330 .61 0.1 0.9
25 340 .61 0.1 0.9
25 350 .61 0.1 0.9
30 0 .61 0.1 0.9
30 10 .61 0.1 0.9
30 20 .61 0.1 0.9
30 30 .61 0.1 0.9
30 40 .61 0.1 0.9
30 50 .61 0.1 0.9
30 60 .61 0.1 0.9
30 70 .61 0.1 0.9
30 80 .61 0.1 0.9
30 90 .61 0.1 0.9
30 100 .61 0.1 0.9
30 110 .61 0.1 0.9
30 120 .61 0.1 0.9
30 130 .61 0.1 0.9
30 140 .61 0.1 0.9
30 150 .61 0.1 0.9
30 160 .61 0.1 0.9
30 170 .61 0.1 0.9
30 180 .61 0.1 0.9
30 190 .61 0.1 0.9
30 200 .61 0.1 0.9
30 210 .61 0.1 0.9
30 220 .61 0.1 0.9
30 230 .61 0.1 0.9
30 240 .61 0.1 0.9
30 250 .61 0.1 0.9
30 260 .61 0.1 0.9
30 270 .61 0.1 0.9
30 280 .61 0.1 0.9
30 290 .61 0.1 0.9
30 300 .61 0.1 0.9
30 310 .61 0.1 0.9
30 320 .61 0.1 0.9
30 330 .61 0.1 0.9
30 340 .61 0.1 0.9
30 350 .61 0.1 0.9
35 0 .61 0.1 0.9
35 10 .61 0.1 0.9
35 20 .61 0.1 0.9
35 30 .61 0.1 0.9
35 40 .61 0.1 0.9
35 50 .61 0.1 0.9
35 60 .61 0.1 0.9
35 70 .61 0.1 0.9
35 80 .61 0.1 0.9
35 90 .61 0.1 0.9
35 100 .61 0.1 0.9
35 110 .61 0.1 0.9
35 120 .61 0.1 0.9
35 130 .61 0.1 0.9
35 140 .61 0.1 0.9
35 150 .61 0.1 0.9
35 160 .61 0.1 0.9
35 170 .61 0.1 0.9
35 180 .61 0.1 0.9
35 190 .61 0.1 0.9
35 200 .61 0.1 0.9
35 210 .61 0.1 0.9
35 220 .61 0.1 0.9
35 230 .61 0.1 0.9
35 240 .61 0.1 0.9
35 250 .61 0.1 0.9
35 260 .61 0.1 0.9
35 270 .61 0.1 0.9
35 280 .61 0.1 0.9
35 290 .61 0.1 0.9
35 300 .61 0.1 0.9
35 310 .61 0.1 0.9
35 320 .61 0.1 0.9
35 330 .61 0.1 0.9
35 340 .61 0.1 0.9
35 350 .61 0.1 0.9
40 0 .61 0.1 0.9
40 10 .61 0.1 0.9
40 20 .61 0.1 0.9
40 30 .61 0.1 0.9
40 40 .61 0.1 0.9
40 50 .61 0.1 0.9
40 60 .61 0.1 0.9
40 70 .61 0.1 0.9
40 80 .61 0.1 0.9
40 90 .61 0.1 0.9
40 100 .61 0.1 0.9
40 110 .61 0.1 0.9
40 120 .61 0.1 0.9
40 130 .61 0.1 0.9
40 140 .61 0.1 0.9
40 150 .61 0.1 0.9
40 160 .61 0.1 0.9
40 170 .61 0.1 0.9
40 180 .61 0.1 0.9
40 190 .61 0.1 0.9
40 200 .61 0.1 0.9
40 210 .61 0.1 0.9
40 220 .61 0.1 0.9
40 230 .61 0.1 0.9
40 240 .61 0.1 0.9
40 250 .61 0.1 0.9
40 260 .61 0.1 0.9
40 270 .61 0.1 0.9
40 280 .61 0.1 0.9
40 290 .61 0.1 0.9
40 300 .61 0.1 0.9
40 310 .61 0.1 0.9
40 320 .61 0.1 0.9
40 330 .61 0.1 0.9
40 340 .61 0.1 0.9
40 350 .61 0.1 0.9
45 0 0 0.1 0.9
45 10 0 0.1 0.9
45 20 0 0.1 0.9
45 30 0 0.1 0.9
45 40 0 0.1 0.9
45 50 0 0.1 0.9
45 60 0 0.1 0.9
45 70 0 0.1 0.9
45 80 0 0.1 0.9
45 90 0 0.1 0.9
45 100 0 0.1 0.9
45 110 0 0.1 0.9
45 120 0 0.1 0.9
45 130 0 0.1 0.9
45 140 0 0.1 0.9
45 150 0 0.1 0.9
45 160 0 0.1 0.9
45 170 0 0.1 0.9
45 180 0 0.1 0.9
45 190 0 0.1 0.9
45 200 0 0.1 0.9
45 210 0 0.1 0.9
45 220 0 0.1 0.9
45 230 0 0.1 0.9
45 240 0 0.1 0.9
45 250 0 0.1 0.9
45 260 0 0.1 0.9
45 270 0 0.1 0.9
45 280 0 0.1 0.9
45 290 0 0.1 0.9
45 300 0 0.1 0.9
45 310 0 0.1 0.9
45 320 0 0.1 0.9
45 330 0 0.1 0.9
45 340 0 0.1 0.9
45 350 0 0.1 0.9
50 0 0 0.1 0.9
50 10 0 0.1 0.9
50 20 0 0.1 0.9
50 30 0 0.1 0.9
50 40 0 0.1 0.9
50 50 0 0.1 0.9
50 60 0 0.1 0.9
50 70 0 0.1 0.9
50 80 0 0.1 0.9
50 90 0 0.1 0.9
50 100 0 0.1 0.9
50 110 0 0.1 0.9
50 120 0 0.1 0.9
50 130 0 0.1 0.9
50 140 0 0.1 0.9
50 150 0 0.1 0.9
50 160 0 0.1 0.9
50 170 0 0.1 0.9
50 180 0 0.1 0.9
50 190 0 0.1 0.9
50 200 0 0.1 0.9
50 210 0 0.1 0.9
50 220 0 0.1 0.9
50 230 0 0.1 0.9
50 240 0 0.1 0.9
50 250 0 0.1 0.9
50 260 0 0.1 0.9
50 270 0 0.1 0.9
50 280 0 0.1 0.9
50 290 0 0.1 0.9
50 300 0 0.1 0.9
50 310 0 0.1 0.9
50 320 0 0.1 0.9
50 330 0 0.1 0.9
50 340 0 0.1 0.9
50 350 0 0.1 0.9
55 0 0 0.1 0.9
55 10 0 0.1 0.9
55 20 0 0.1 0.9
55 30 0 0.1 0.9
55 40 0 0.1 0.9
55 50 0 0.1 0.9
55 60 0 0.1 0.9
55 70 0 0.1 0.9
55 80 0 0.1 0.9
55 90 0 0.1 0.9
55 100 0 0.1 0.9
55 110 0 0.1 0.9
55 120 0 0.1 0.9
55 130 0 0.1 0.9
55 140 0 0.1 0.9
55 150 0 0.1 0.9
55 160 0 0.1 0.9
55 170 0 0.1 0.9
55 180 0 0.1 0.9
55 190 0 0.1 0.9
55 200 0 0.1 0.9
55 210 0 0.1 0.9
55 220 0 0.1 0.9
55 230 0 0.1 0.9
55 240 0 0.1 0.9
55 250 0 0.1 0.9
55 260 0 0.1 0.9
55 270 0 0.1 0.9
55 280 0 0.1 0.9
55 290 0 0.1 0.9
55 300 0 0.1 0.9
55 310 0 0.1 0.9
55 320 0 0.1 0.9
55 330 0 0.1 0.9
55 340 0 0.1 0.9
55 350 0 0.1 0.9
60 0 0 0.1 0.9
60 10 0 0.1 0.9
60 20 0 0.1 0.9
60 30 0 0.1 0.9
60 40 0 0.1 0.9
60 50 0 0.1 0.9
60 60 0 0.1 0.9
60 70 0 0.1 0.9
60 80 0 0.1 0.9
60 90 0 0.1 0.9
60 100 0 0.1 0.9
60 110 0 0.1 0.9
60 120 0 0.1 0.9
60 130 0 0.1 0.9
60 140 0 0.1 0.9
60 150 0 0.1 0.9
60 160 0 0.1 0.9
60 170 0 0.1 0.9
60 180 0 0.1 0.9
60 190 0 0.1 0.9
60 200 0 0.1 0.9
60 210 0 0.1 0.9
60 220 0 0.1 0.9
60 230 0 0.1 0.9
60 240 0 0.1 0.9
60 250 0 0.1 0.9
60 260 0 0.1 0.9
60 270 0 0.1 0.9
60 280 0 0.1 0.9
60 290 0 0.1 0.9
60 300 0 0.1 0.9
60 310 0 0.1 0.9
60 320 0 0.1 0.9
60 330 0 0.1 0.9
60 340 0 0.1 0.9
60 350 0 0.1 0.9
65 0 0 0.1 0.9
65 10 0 0.1 0.9
65 20 0 0.1 0.9
65 30 0 0.1 0.9
65 40 0 0.1 0.9
65 50 0 0.1 0.9
65 60 0 0.1 0.9
65 70 0 0.1 0.9
65 80 0 0.1 0.9
65 90 0 0.1 0.9
65 100 0 0.1 0.9
65 110 0 0.1 0.9
65 120 0 0.1 0.9
65 130 0 0.1 0.9
65 140 0 0.1 0.9
65 150 0 0.1 0.9
65 160 0 0.1 0.9
65 170 0 0.1 0.9
65 180 0 0.1 0.9
65 190 0 0.1 0.9
65 200 0 0.1 0.9
65 210 0 0.1 0.9
65 220 0 0.1 0.9
65 230 0 0.1 0.9
65 240 0 0.1 0.9
65 250 0 0.1 0.9
65 260 0 0.1 0.9
65 270 0 0.1 0.9
65 280 0 0.1 0.9
65 290 0 0.1 0.9
65 300 0 0.1 0.9
65 310 0 0.1 0.9
65 320 0 0.1 0.9
65 330 0 0.1 0.9
65 340 0 0.1 0.9
65 350 0 0.1 0.9
70 0 0 0.1 0.9
70 10 0 0.1 0.9
70 20 0 0.1 0.9
70 30 0 0.1 0.9
70 40 0 0.1 0.9
70 50 0 0.1 0.9
70 60 0 0.1 0.9
70 70 0 0.1 0.9
70 80 0 0.1 0.9
70 90 0 0.1 0.9
70 100 0 0.1 0.9
70 110 0 0.1 0.9
70 120 0 0.1 0.9
70 130 0 0.1 0.9
70 140 0 0.1 0.9
70 150 0 0.1 0.9
70 160 0 0.1 0.9
70 170 0 0.1 0.9
70 180 0 0.1 0.9
70 190 0 0.1 0.9
70 200 0 0.1 0.9
70 210 0 0.1 0.9
70 220 0 0.1 0.9
70 230 0 0.1 0.9
70 240 0 0.1 0.9
70 250 0 0.1 0.9
70 260 0 0.1 0.9
70 270 0 0.1 0.9
70 280 0 0.1 0.9
70 290 0 0.1 0.9
70 300 0 0.1 0.9
70 310 0 0.1 0.9
70 320 0 0.1 0.9
70 330 0 0.1 0.9
70 340 0 0.1 0.9
70 350 0 0.1 0.9
75 0 0 0.1 0.9
75 10 0 0.1 0.9
75 20 0 0.1 0.9
75 30 0 0.1 0.9
75 40 0 0.1 0.9
75 50 0 0.1 0.9
75 60 0 0.1 0.9
75 70 0 0.1 0.9
75 80 0 0.1 0.9
75 90 0 0.1 0.9
75 100 0 0.1 0.9
75 110 0 0.1 0.9
75 120 0 0.1 0.9
75 130 0 0.1 0.9
75 140 0 0.1 0.9
75 150 0 0.1 0.9
75 160 0 0.1 0.9
75 170 0 0.1 0.9
75 180 0 0.1 0.9
75 190 0 0.1 0.9
75 200 0 0.1 0.9
75 210 0 0.1 0.9
75 220 0 0.1 0.9
75 230 0 0.1 0.9
75 240 0 0.1 0.9
75 250 0 0.1 0.9
75 260 0 0.1 0.9
75 270 0 0.1 0.9
75 280 0 0.1 0.9
75 290 0 0.1 0.9
75 300 0 0.1 0.9
75 310 0 0.1 0.9
75 320 0 0.1 0.9
75 330 0 0.1 0.9
75 340 0 0.1 0.9
75 350 0 0.1 0.9
80 0 0 0.1 0.9
80 10 0 0.1 0.9
80 20 0 0.1 0.9
80 30 0 0.1 0.9
80 40 0 0.1 0.9
80 50 0 0.1 0.9
80 60 0 0.1 0.9
80 70 0 0.1 0.9
80 80 0 0.1 0.9
80 90 0 0.1 0.9
80 100 0 0.1 0.9
80 110 0 0.1 0.9
80 120 0 0.1 0.9
80 130 0 0.1 0.9
80 140 0 0.1 0.9
80 150 0 0.1 0.9
80 160 0 0.1 0.9
80 170 0 0.1 0.9
80 180 0 0.1 0.9
80 190 0 0.1 0.9
80 200 0 0.1 0.9
80 210 0 0.1 0.9
80 220 0 0.1 0.9
80 230 0 0.1 0.9
80 240 0 0.1 0.9
80 250 0 0.1 0.9
80 260 0 0.1 0.9
80 270 0 0.1 0.9
80 280 0 0.1 0.9
80 290 0 0.1 0.9
80 300 0 0.1 0.9
80 310 0 0.1 0.9
80 320 0 0.1 0.9
80 330 0 0.1 0.9
80 340 0 0.1 0.9
80 350 0 0.1 0.9
85 0 -.61 0.1 0.9
85 10 -.61 0.1 0.9
85 20 -.61 0.1 0.9
85 30 -.61 0.1 0.9
85 40 -.61 0.1 0.9
85 50 -.61 0.1 0.9
85 60 -.61 0.1 0.9
85 70 -.61 0.1 0.9
85 80 -.61 0.1 0.9
85 90 -.61 0.1 0.9
85 100 -.61 0.1 0.9
85 110 -.61 0.1 0.9
85 120 -.61 0.1 0.9
85 130 -.61 0.1 0.9
85 140 -.61 0.1 0.9
85 150 -.61 0.1 0.9
85 160 -.61 0.1 0.9
85 170 -.61 0.1 0.9
85 180 -.61 0.1 0.9
85 190 -.61 0.1 0.9
85 200 -.61 0.1 0.9
85 210 -.61 0.1 0.9
85 220 -.61 0.1 0.9
85 230 -.61 0.1 0.9
85 240 -.61 0.1 0.9
85 250 -.61 0.1 0.9
85 260 -.61 0.1 0.9
85 270 -.61 0.1 0.9
85 280 -.61 0.1 0.9
85 290 -.61 0.1 0.9
85 300 -.61 0.1 0.9
85 310 -.61 0.1 0.9
85 320 -.61 0.1 0.9
85 330 -.61 0.1 0.9
85 340 -.61 0.1 0.9
85 350 -.61 0.1 0.9
90 0 -.61 0.1 0.9
90 10 -.61 0.1 0.9
90 20 -.61 0.1 0.9
90 30 -.61 0.1 0.9
90 40 -.61 0.1 0.9
90 50 -.61 0.1 0.9
90 60 -.61 0.1 0.9
90 70 -.61 0.1 0.9
90 80 -.61 0.1 0.9
90 90 -.61 0.1 0.9
90 100 -.61 0.1 0.9
90 110 -.61 0.1 0.9
90 120 -.61 0.1 0.9
90 130 -.61 0.1 0.9
90 140 -.61 0.1 0.9
90 150 -.61 0.1 0.9
90 160 -.61 0.1 0.9
90 170 -.61 0.1 0.9
90 180 -.61 0.1 0.9
90 190 -.61 0.1 0.9
90 200 -.61 0.1 0.9
90 210 -.61 0.1 0.9
90 220 -.61 0.1 0.9
90 230 -.61 0.1 0.9
90 240 -.61 0.1 0.9
90 250 -.61 0.1 0.9
90 260 -.61 0.1 0.9
90 270 -.61 0.1 0.9
90 280 -.61 0.1 0.9
90 290 -.61 0.1 0.9
90 300 -.61 0.1 0.9
90 310 -.61 0.1 0.9
90 320 -.61 0.1 0.9
90 330 -.61 0.1 0.9
90 340 -.61 0.1 0.9
90 350 -.61 0.1 0.9
95 0 -.61 0.1 0.9
95 10 -.61 0.1 0.9
95 20 -.61 0.1 0.9
95 30 -.61 0.1 0.9
95 40 -.61 0.1 0.9
95 50 -.61 0.1 0.9
95 60 -.61 0.1 0.9
95 70 -.61 0.1 0.9
95 80 -.61 0.1 0.9
95 90 -.61 0.1 0.9
95 100 -.61 0.1 0.9
95 110 -.61 0.1 0.9
95 120 -.61 0.1 0.9
95 130 -.61 0.1 0.9
95 140 -.61 0.1 0.9
95 150 -.61 0.1 0.9
95 160 -.61 0.1 0.9
95 170 -.61 0.1 0.9
95 180 -.61 0.1 0.9
95 190 -.61 0.1 0.9
95 200 -.61 0.1 0.9
95 210 -.61 0.1 0.9
95 220 -.61 0.1 0.9
95 230 -.61 0.1 0.9
95 240 -.61 0.1 0.9
95 250 -.61 0.1 0.9
95 260 -.61 0.1 0.9
95 270 -.61 0.1 0.9
95 280 -.61 0.1 0.9
95 290 -.61 0.1 0.9
95 300 -.61 0.1 0.9
95 310 -.61 0.1 0.9
95 320 -.61 0.1 0.9
95 330 -.61 0.1 0.9
95 340 -.61 0.1 0.9
95 350 -.61 0.1 0.9
100 0 -.61 0.1 0.9
100 10 -.61 0.1 0.9
100 20 -.61 0.1 0.9
100 30 -.61 0.1 0.9
100 40 -.61 0.1 0.9
100 50 -.61 0.1 0.9
100 60 -.61 0.1 0.9
100 70 -.61 0.1 0.9
100 80 -.61 0.1 0.9
100 90 -.61 0.1 0.9
100 100 -.61 0.1 0.9
100 110 -.61 0.1 0.9
100 120 -.61 0.1 0.9
100 130 -.61 0.1 0.9
100 140 -.61 0.1 0.9
100 150 -.61 0.1 0.9
100 160 -.61 0.1 0.9
100 170 -.61 0.1 0.9
100 180 -.61 0.1 0.9
100 190 -.61 0.1 0.9
100 200 -.61 0.1 0.9
100 210 -.61 0.1 0.9
100 220 -.61 0.1 0.9
100 230 -.61 0.1 0.9
100 240 -.61 0.1 0.9
100 250 -.61 0.1 0.9
100 260 -.61 0.1 0.9
100 270 -.61 0.1 0.9
100 280 -.61 0.1 0.9
100 290 -.61 0.1 0.9
100 300 -.61 0.1 0.9
100 310 -.61 0.1 0.9
100 320 -.61 0.1 0.9
100 330 -.61 0.1 0.9
100 340 -.61 0.1 0.9
100 350 -.61 0.1 0.9
105 0 -.61 0.1 0.9
105 10 -.61 0.1 0.9
105 20 -.61 0.1 0.9
105 30 -.61 0.1 0.9
105 40 -.61 0.1 0.9
105 50 -.61 0.1 0.9
105 60 -.61 0.1 0.9
105 70 -.61 0.1 0.9
105 80 -.61 0.1 0.9
105 90 -.61 0.1 0.9
105 100 -.61 0.1 0.9
105 110 -.61 0.1 0.9
105 120 -.61 0.1 0.9
105 130 -.61 0.1 0.9
105 140 -.61 0.1 0.9
105 150 -.61 0.1 0.9
105 160 -.61 0.1 0.9
105 170 -.61 0.1 0.9
105 180 -.61 0.1 0.9
105 190 -.61 0.1 0.9
105 200 -.61 0.1 0.9
105 210 -.61 0.1 0.9
105 220 -.61 0.1 0.9
105 230 -.61 0.1 0.9
105 240 -.61 0.1 0.9
105 250 -.61 0.1 0.9
105 260 -.61 0.1 0.9
105 270 -.61 0.1 0.9
105 280 -.61 0.1 0.9
105 290 -.61 0.1 0.9
105 300 -.61 0.1 0.9
105 310 -.61 0.1 0.9
105 320 -.61 0.1 0.9
105 330 -.61 0.1 0.9
105 340 -.61 0.1 0.9
105 350 -.61 0.1 0.9
110 0 -.61 0.1 0.9
110 10 -.61 0.1 0.9
110 20 -.61 0.1 0.9
110 30 -.61 0.1 0.9
110 40 -.61 0.1 0.9
110 50 -.61 0.1 0.9
110 60 -.61 0.1 0.9
110 70 -.61 0.1 0.9
110 80 -.61 0.1 0.9
110 90 -.61 0.1 0.9
110 100 -.61 0.1 0.9
110 110 -.61 0.1 0.9
110 120 -.61 0.1 0.9
110 130 -.61 0.1 0.9
110 140 -.61 0.1 0.9
110 150 -.61 0.1 0.9
110 160 -.61 0.1 0.9
110 170 -.61 0.1 0.9
110 180 -.61 0.1 0.9
110 190 -.61 0.1 0.9
110 200 -.61 0.1 0.9
110 210 -.61 0.1 0.9
110 220 -.61 0.1 0.9
110 230 -.61 0.1 0.9
110 240 -.61 0.1 0.9
110 250 -.61 0.1 0.9
110 260 -.61 0.1 0.9
110 270 -.61 0.1 0.9
110 280 -.61 0.1 0.9
110 290 -.61 0.1 0.9
110 300 -.61 0.1 0.9
110 310 -.61 0.1 0.9
110 320 -.61 0.1 0.9
110 330 -.61 0.1 0.9
110 340 -.61 0.1 0.9
110 350 -.61 0.1 0.9
115 0 -.61 0.1 0.9
115 10 -.61 0.1 0.9
115 20 -.61 0.1 0.9
115 30 -.61 0.1 0.9
115 40 -.61 0.1 0.9
115 50 -.61 0.1 0.9
115 60 -.61 0.1 0.9
115 70 -.61 0.1 0.9
115 80 -.61 0.1 0.9
115 90 -.61 0.1 0.9
115 100 -.61 0.1 0.9
115 110 -.61 0.1 0.9
115 120 -.61 0.1 0.9
115 130 -.61 0.1 0.9
115 140 -.61 0.1 0.9
115 150 -.61 0.1 0.9
115 160 -.61 0.1 0.9
115 170 -.61 0.1 0.9
115 180 -.61 0.1 0.9
115 190 -.61 0.1 0.9
115 200 -.61 0.1 0.9
115 210 -.61 0.1 0.9
115 220 -.61 0.1 0.9
115 230 -.61 0.1 0.9
115 240 -.61 0.1 0.9
115 250 -.61 0.1 0.9
115 260 -.61 0.1 0.9
115 270 -.61 0.1 0.9
115 280 -.61 0.1 0.9
115 290 -.61 0.1 0.9
115 300 -.61 0.1 0.9
115 310 -.61 0.1 0.9
115 320 -.61 0.1 0.9
115 330 -.61 0.1 0.9
115 340 -.61 0.1 0.9
115 350 -.61 0.1 0.9
120 0 -.61 0.1 0.9
120 10 -.61 0.1 0.9
120 20 -.61 0.1 0.9
120 30 -.61 0.1 0.9
120 40 -.61 0.1 0.9
120 50 -.61 0.1 0.9
120 60 -.61 0.1 0.9
120 70 -.61 0.1 0.9
120 80 -.61 0.1 0.9
120 90 -.61 0.1 0.9
120 100 -.61 0.1 0.9
120 110 -.61 0.1 0.9
120 120 -.61 0.1 0.9
120 130 -.61 0.1 0.9
120 140 -.61 0.1 0.9
120 150 -.61 0.1 0.9
120 160 -.61 0.1 0.9
120 170 -.61 0.1 0.9
120 180 -.61 0.1 0.9
120 190 -.61 0.1 0.9
120 200 -.61 0.1 0.9
120 210 -.61 0.1 0.9
120 220 -.61 0.1 0.9
120 230 -.61 0.1 0.9
120 240 -.61 0.1 0.9
120 250 -.61 0.1 0.9
120 260 -.61 0.1 0.9
120 270 -.61 0.1 0.9
120 280 -.61 0.1 0.9
120 290 -.61 0.1 0.9
120 300 -.61 0.1 0.9
120 310 -.61 0.1 0.9
120 320 -.61 0.1 0.9
120 330 -.61 0.1 0.9
120 340 -.61 0.1 0.9
120 350 -.61 0.1 0.9
125 0 -1.43 0.1 0.9
125 10 -1.43 0.1 0.9
125 20 -1.43 0.1 0.9
125 30 -1.43 0.1 0.9
125 40 -1.43 0.1 0.9
125 50 -1.43 0.1 0.9
125 60 -1.43 0.1 0.9
125 70 -1.43 0.1 0.9
125 80 -1.43 0.1 0.9
125 90 -1.43 0.1 0.9
125 100 -1.43 0.1 0.9
125 110 -1.43 0.1 0.9
125 120 -1.43 0.1 0.9
125 130 -1.43 0.1 0.9
125 140 -1.43 0.1 0.9
125 150 -1.43 0.1 0.9
125 160 -1.43 0.1 0.9
125 170 -1.43 0.1 0.9
125 180 -1.43 0.1 0.9
125 190 -1.43 0.1 0.9
125 200 -1.43 0.1 0.9
125 210 -1.43 0.1 0.9
125 220 -1.43 0.1 0.9
125 230 -1.43 0.1 0.9
125 240 -1.43 0.1 0.9
125 250 -1.43 0.1 0.9
125 260 -1.43 0.1 0.9
125 270 -1.43 0.1 0.9
125 280 -1.43 0.1 0.9
125 290 -1.43 0.1 0.9
125 300 -1.43 0.1 0.9
125 310 -1.43 0.1 0.9
125 320 -1.43 0.1 0.9
125 330 -1.43 0.1 0.9
125 340 -1.43 0.1 0.9
125 350 -1.43 0.1 0.9
130 0 -1.43 0.1 0.9
130 10 -1.43 0.1 0.9
130 20 -1.43 0.1 0.9
130 30 -1.43 0.1 0.9
130 40 -1.43 0.1 0.9
130 50 -1.43 0.1 0.9
130 60 -1.43 0.1 0.9
130 70 -1.43 0.1 0.9
130 80 -1.43 0.1 0.9
130 90 -1.43 0.1 0.9
130 100 -1.43 0.1 0.9
130 110 -1.43 0.1 0.9
130 120 -1.43 0.1 0.9
130 130 -1.43 0.1 0.9
130 140 -1.43 0.1 0.9
130 150 -1.43 0.1 0.9
130 160 -1.43 0.1 0.9
130 170 -1.43 0.1 0.9
130 180 -1.43 0.1 0.9
130 190 -1.43 0.1 0.9
130 200 -1.43 0.1 0.9
130 210 -1.43 0.1 0.9
130 220 -1.43 0.1 0.9
130 230 -1.43 0.1 0.9
130 240 -1.43 0.1 0.9
130 250 -1.43 0.1 0.9
130 260 -1.43 0.1 0.9
130 270 -1.43 0.1 0.9
130 280 -1.43 0.1 0.9
130 290 -1.43 0.1 0.9
130 300 -1.43 0.1 0.9
130 310 -1.43 0.1 0.9
130 320 -1.43 0.1 0.9
130 330 -1.43 0.1 0.9
130 340 -1.43 0.1 0.9
130 350 -1.43 0.1 0.9
135 0 -1.43 0.1 0.9
135 10 -1.43 0.1 0.9
135 20 -1.43 0.1 0.9
135 30 -1.43 0.1 0.9
135 40 -1.43 0.1 0.9
135 50 -1.43 0.1 0.9
135 60 -1.43 0.1 0.9
135 70 -1.43 0.1 0.9
135 80 -1.43 0.1 0.9
135 90 -1.43 0.1 0.9
135 100 -1.43 0.1 0.9
135 110 -1.43 0.1 0.9
135 120 -1.43 0.1 0.9
135 130 -1.43 0.1 0.9
135 140 -1.43 0.1 0.9
135 150 -1.43 0.1 0.9
135 160 -1.43 0.1 0.9
135 170 -1.43 0.1 0.9
135 180 -1.43 0.1 0.9
135 190 -1.43 0.1 0.9
135 200 -1.43 0.1 0.9
135 210 -1.43 0.1 0.9
135 220 -1.43 0.1 0.9
135 230 -1.43 0.1 0.9
135 240 -1.43 0.1 0.9
135 250 -1.43 0.1 0.9
135 260 -1.43 0.1 0.9
135 270 -1.43 0.1 0.9
135 280 -1.43 0.1 0.9
135 290 -1.43 0.1 0.9
135 300 -1.43 0.1 0.9
135 310 -1.43 0.1 0.9
135 320 -1.43 0.1 0.9
135 330 -1.43 0.1 0.9
135 340 -1.43 0.1 0.9
135 350 -1.43 0.1 0.9
140 0 -1.43 0.1 0.9
140 10 -1.43 0.1 0.9
140 20 -1.43 0.1 0.9
140 30 -1.43 0.1 0.9
140 40 -1.43 0.1 0.9
140 50 -1.43 0.1 0.9
140 60 -1.43 0.1 0.9
140 70 -1.43 0.1 0.9
140 80 -1.43 0.1 0.9
140 90 -1.43 0.1 0.9
140 100 -1.43 0.1 0.9
140 110 -1.43 0.1 0.9
140 120 -1.43 0.1 0.9
140 130 -1.43 0.1 0.9
140 140 -1.43 0.1 0.9
140 150 -1.43 0.1 0.9
140 160 -1.43 0.1 0.9
140 170 -1.43 0.1 0.9
140 180 -1.43 0.1 0.9
140 190 -1.43 0.1 0.9
140 200 -1.43 0.1 0.9
140 210 -1.43 0.1 0.9
140 220 -1.43 0.1 0.9
140 230 -1.43 0.1 0.9
140 240 -1.43 0.1 0.9
140 250 -1.43 0.1 0.9
140 260 -1.43 0.1 0.9
140 270 -1.43 0.1 0.9
140 280 -1.43 0.1 0.9
140 290 -1.43 0.1 0.9
140 300 -1.43 0.1 0.9
140 310 -1.43 0.1 0.9
140 320 -1.43 0.1 0.9
140 330 -1.43 0.1 0.9
140 340 -1.43 0.1 0.9
140 350 -1.43 0.1 0.9
145 0 -1.43 0.1 0.9
145 10 -1.43 0.1 0.9
145 20 -1.43 0.1 0.9
145 30 -1.43 0.1 0.9
145 40 -1.43 0.1 0.9
145 50 -1.43 0.1 0.9
145 60 -1.43 0.1 0.9
145 70 -1.43 0.1 0.9
145 80 -1.43 0.1 0.9
145 90 -1.43 0.1 0.9
145 100 -1.43 0.1 0.9
145 110 -1.43 0.1 0.9
145 120 -1.43 0.1 0.9
145 130 -1.43 0.1 0.9
145 140 -1.43 0.1 0.9
145 150 -1.43 0.1 0.9
145 160 -1.43 0.1 0.9
145 170 -1.43 0.1 0.9
145 180 -1.43 0.1 0.9
145 190 -1.43 0.1 0.9
145 200 -1.43 0.1 0.9
145 210 -1.43 0.1 0.9
145 220 -1.43 0.1 0.9
145 230 -1.43 0.1 0.9
145 240 -1.43 0.1 0.9
145 250 -1.43 0.1 0.9
145 260 -1.43 0.1 0.9
145 270 -1.43 0.1 0.9
145 280 -1.43 0.1 0.9
145 290 -1.43 0.1 0.9
145 300 -1.43 0.1 0.9
145 310 -1.43 0.1 0.9
145 320 -1.43 0.1 0.9
145 330 -1.43 0.1 0.9
145 340 -1.43 0.1 0.9
145 350 -1.43 0.1 0.9
150 0 -1.43 0.1 0.9
150 10 -1.43 0.1 0.9
150 20 -1.43 0.1 0.9
150 30 -1.43 0.1 0.9
150 40 -1.43 0.1 0.9
150 50 -1.43 0.1 0.9
150 60 -1.43 0.1 0.9
150 70 -1.43 0.1 0.9
150 80 -1.43 0.1 0.9
150 90 -1.43 0.1 0.9
150 100 -1.43 0.1 0.9
150 110 -1.43 0.1 0.9
150 120 -1.43 0.1 0.9
150 130 -1.43 0.1 0.9
150 140 -1.43 0.1 0.9
150 150 -1.43 0.1 0.9
150 160 -1.43 0.1 0.9
150 170 -1.43 0.1 0.9
150 180 -1.43 0.1 0.9
150 190 -1.43 0.1 0.9
150 200 -1.43 0.1 0.9
150 210 -1.43 0.1 0.9
150 220 -1.43 0.1 0.9
150 230 -1.43 0.1 0.9
150 240 -1.43 0.1 0.9
150 250 -1.43 0.1 0.9
150 260 -1.43 0.1 0.9
150 270 -1.43 0.1 0.9
150 280 -1.43 0.1 0.9
150 290 -1.43 0.1 0.9
150 300 -1.43 0.1 0.9
150 310 -1.43 0.1 0.9
150 320 -1.43 0.1 0.9
150 330 -1.43 0.1 0.9
150 340 -1.43 0.1 0.9
150 350 -1.43 0.1 0.9
155 0 -1.43 0.1 0.9
155 10 -1.43 0.1 0.9
155 20 -1.43 0.1 0.9
155 30 -1.43 0.1 0.9
155 40 -1.43 0.1 0.9
155 50 -1.43 0.1 0.9
155 60 -1.43 0.1 0.9
155 70 -1.43 0.1 0.9
155 80 -1.43 0.1 0.9
155 90 -1.43 0.1 0.9
155 100 -1.43 0.1 0.9
155 110 -1.43 0.1 0.9
155 120 -1.43 0.1 0.9
155 130 -1.43 0.1 0.9
155 140 -1.43 0.1 0.9
155 150 -1.43 0.1 0.9
155 160 -1.43 0.1 0.9
155 170 -1.43 0.1 0.9
155 180 -1.43 0.1 0.9
155 190 -1.43 0.1 0.9
155 200 -1.43 0.1 0.9
155 210 -1.43 0.1 0.9
155 220 -1.43 0.1 0.9
155 230 -1.43 0.1 0.9
155 240 -1.43 0.1 0.9
155 250 -1.43 0.1 0.9
155 260 -1.43 0.1 0.9
155 270 -1.43 0.1 0.9
155 280 -1.43 0.1 0.9
155 290 -1.43 0.1 0.9
155 300 -1.43 0.1 0.9
155 310 -1.43 0.1 0.9
155 320 -1.43 0.1 0.9
155 330 -1.43 0.1 0.9
155 340 -1.43 0.1 0.9
155 350 -1.43 0.1 0.9
160 0 -1.43 0.1 0.9
160 10 -1.43 0.1 0.9
160 20 -1.43 0.1 0.9
160 30 -1.43 0.1 0.9
160 40 -1.43 0.1 0.9
160 50 -1.43 0.1 0.9
160 60 -1.43 0.1 0.9
160 70 -1.43 0.1 0.9
160 80 -1.43 0.1 0.9
160 90 -1.43 0.1 0.9
160 100 -1.43 0.1 0.9
160 110 -1.43 0.1 0.9
160 120 -1.43 0.1 0.9
160 130 -1.43 0.1 0.9
160 140 -1.43 0.1 0.9
160 150 -1.43 0.1 0.9
160 160 -1.43 0.1 0.9
160 170 -1.43 0.1 0.9
160 180 -1.43 0.1 0.9
160 190 -1.43 0.1 0.9
160 200 -1.43 0.1 0.9
160 210 -1.43 0.1 0.9
160 220 -1.43 0.1 0.9
160 230 -1.43 0.1 0.9
160 240 -1.43 0.1 0.9
160 250 -1.43 0.1 0.9
160 260 -1.43 0.1 0.9
160 270 -1.43 0.1 0.9
160 280 -1.43 0.1 0.9
160 290 -1.43 0.1 0.9
160 300 -1.43 0.1 0.9
160 310 -1.43 0.1 0.9
160 320 -1.43 0.1 0.9
160 330 -1.43 0.1 0.9
160 340 -1.43 0.1 0.9
160 350 -1.43 0.1 0.9
165 0 -1.43 0.1 0.9
165 10 -1.43 0.1 0.9
165 20 -1.43 0.1 0.9
165 30 -1.43 0.1 0.9
165 40 -1.43 0.1 0.9
165 50 -1.43 0.1 0.9
165 60 -1.43 0.1 0.9
165 70 -1.43 0.1 0.9
165 80 -1.43 0.1 0.9
165 90 -1.43 0.1 0.9
165 100 -1.43 0.1 0.9
165 110 -1.43 0.1 0.9
165 120 -1.43 0.1 0.9
165 130 -1.43 0.1 0.9
165 140 -1.43 0.1 0.9
165 150 -1.43 0.1 0.9
165 160 -1.43 0.1 0.9
165 170 -1.43 0.1 0.9
165 180 -1.43 0.1 0.9
165 190 -1.43 0.1 0.9
165 200 -1.43 0.1 0.9
165 210 -1.43 0.1 0.9
165 220 -1.43 0.1 0.9
165 230 -1.43 0.1 0.9
165 240 -1.43 0.1 0.9
165 250 -1.43 0.1 0.9
165 260 -1.43 0.1 0.9
165 270 -1.43 0.1 0.9
165 280 -1.43 0.1 0.9
165 290 -1.43 0.1 0.9
165 300 -1.43 0.1 0.9
165 310 -1.43 0.1 0.9
165 320 -1.43 0.1 0.9
165 330 -1.43 0.1 0.9
165 340 -1.43 0.1 0.9
165 350 -1.43 0.1 0.9
170 0 -1.43 0.1 0.9
170 10 -1.43 0.1 0.9
170 20 -1.43 0.1 0.9
170 30 -1.43 0.1 0.9
170 40 -1.43 0.1 0.9
170 50 -1.43 0.1 0.9
170 60 -1.43 0.1 0.9
170 70 -1.43 0.1 0.9
170 80 -1.43 0.1 0.9
170 90 -1.43 0.1 0.9
170 100 -1.43 0.1 0.9
170 110 -1.43 0.1 0.9
170 120 -1.43 0.1 0.9
170 130 -1.43 0.1 0.9
170 140 -1.43 0.1 0.9
170 150 -1.43 0.1 0.9
170 160 -1.43 0.1 0.9
170 170 -1.43 0.1 0.9
170 180 -1.43 0.1 0.9
170 190 -1.43 0.1 0.9
170 200 -1.43 0.1 0.9
170 210 -1.43 0.1 0.9
170 220 -1.43 0.1 0.9
170 230 -1.43 0.1 0.9
170 240 -1.43 0.1 0.9
170 250 -1.43 0.1 0.9
170 260 -1.43 0.1 0.9
170 270 -1.43 0.1 0.9
170 280 -1.43 0.1 0.9
170 290 -1.43 0.1 0.9
170 300 -1.43 0.1 0.9
170 310 -1.43 0.1 0.9
170 320 -1.43 0.1 0.9
170 330 -1.43 0.1 0.9
170 340 -1.43 0.1 0.9
170 350 -1.43 0.1 0.9
175 0 -1.43 0.1 0.9
175 10 -1.43 0.1 0.9
175 20 -1.43 0.1 0.9
175 30 -1.43 0.1 0.9
175 40 -1.43 0.1 0.9
175 50 -1.43 0.1 0.9
175 60 -1.43 0.1 0.9
175 70 -1.43 0.1 0.9
175 80 -1.43 0.1 0.9
175 90 -1.43 0.1 0.9
175 100 -1.43 0.1 0.9
175 110 -1.43 0.1 0.9
175 120 -1.43 0.1 0.9
175 130 -1.43 0.1 0.9
175 140 -1.43 0.1 0.9
175 150 -1.43 0.1 0.9
175 160 -1.43 0.1 0.9
175 170 -1.43 0.1 0.9
175 180 -1.43 0.1 0.9
175 190 -1.43 0.1 0.9
175 200 -1.43 0.1 0.9
175 210 -1.43 0.1 0.9
175 220 -1.43 0.1 0.9
175 230 -1.43 0.1 0.9
175 240 -1.43 0.1 0.9
175 250 -1.43 0.1 0.9
175 260 -1.43 0.1 0.9
175 270 -1.43 0.1 0.9
175 280 -1.43 0.1 0.9
175 290 -1.43 0.1 0.9
175 300 -1.43 0.1 0.9
175 310 -1.43 0.1 0.9
175 320 -1.43 0.1 0.9
175 330 -1.43 0.1 0.9
175 340 -1.43 0.1 0.9
175 350 -1.43 0.1 0.9
180 0 -1.43 0.1 0.9
180 10 -1.43 0.1 0.9
180 20 -1.43 0.1 0.9
180 30 -1.43 0.1 0.9
180 40 -1.43 0.1 0.9
180 50 -1.43 0.1 0.9
180 60 -1.43 0.1 0.9
180 70 -1.43 0.1 0.9
180 80 -1.43 0.1 0.9
180 90 -1.43 0.1 0.9
180 100 -1.43 0.1 0.9
180 110 -1.43 0.1 0.9
180 120 -1.43 0.1 0.9
180 130 -1.43 0.1 0.9
180 140 -1.43 0.1 0.9
180 150 -1.43 0.1 0.9
180 160 -1.43 0.1 0.9
180 170 -1.43 0.1 0.9
180 180 -1.43 0.1 0.9
180 190 -1.43 0.1 0.9
180 200 -1.43 0.1 0.9
180 210 -1.43 0.1 0.9
180 220 -1.43 0.1 0.9
180 230 -1.43 0.1 0.9
180 240 -1.43 0.1 0.9
180 250 -1.43 0.1 0.9
180 260 -1.43 0.1 0.9
180 270 -1.43 0.1 0.9
180 280 -1.43 0.1 0.9
180 290 -1.43 0.1 0.9
180 300 -1.43 0.1 0.9
180 310 -1.43 0.1 0.9
180 320 -1.43 0.1 0.9
180 330 -1.43 0.1 0.9
180 340 -1.43 0.1 0.9
180 350 -1.43 0.1 0.9
