# Radiation Pattern Data
# Generated from: ford-hf_36.out
# Frequency: 7.050 MHz
# Format: Theta Phi Gain_dBi Phase_deg
# Theta: elevation angle (0-180 degrees)
# Phi: azimuth angle (0-360 degrees)
0.0 0.0 0.03 -8.8
5.0 0.0 0.04 -8.4
10.0 0.0 0.06 -7.8
15.0 0.0 0.07 -7.0
20.0 0.0 0.08 -6.1
25.0 0.0 0.08 -5.3
30.0 0.0 0.09 -4.5
35.0 0.0 0.09 -3.7
40.0 0.0 0.08 -3.0
45.0 0.0 0.08 -2.4
50.0 0.0 0.07 -1.9
55.0 0.0 0.07 -1.5
60.0 0.0 0.06 -1.1
65.0 0.0 0.05 -0.7
70.0 0.0 0.05 -0.5
75.0 0.0 0.04 -0.2
80.0 0.0 0.03 0.0
85.0 0.0 0.02 0.2
90.0 0.0 0.00 0.0
0.0 10.0 0.03 -18.8
5.0 10.0 0.06 -18.2
10.0 10.0 0.09 -17.1
15.0 10.0 0.12 -15.7
20.0 10.0 0.14 -14.1
25.0 10.0 0.15 -12.5
30.0 10.0 0.15 -10.9
35.0 10.0 0.15 -9.4
40.0 10.0 0.15 -8.0
45.0 10.0 0.15 -6.7
50.0 10.0 0.14 -5.5
55.0 10.0 0.13 -4.5
60.0 10.0 0.12 -3.6
65.0 10.0 0.11 -2.8
70.0 10.0 0.09 -2.0
75.0 10.0 0.08 -1.3
80.0 10.0 0.06 -0.7
85.0 10.0 0.05 -0.1
90.0 10.0 0.00 0.0
0.0 20.0 0.03 -28.8
5.0 20.0 0.08 -28.0
10.0 20.0 0.12 -26.6
15.0 20.0 0.16 -24.6
20.0 20.0 0.19 -22.4
25.0 20.0 0.21 -20.0
30.0 20.0 0.22 -17.5
35.0 20.0 0.23 -15.2
40.0 20.0 0.23 -12.9
45.0 20.0 0.22 -10.9
50.0 20.0 0.21 -9.1
55.0 20.0 0.19 -7.4
60.0 20.0 0.18 -5.9
65.0 20.0 0.16 -4.6
70.0 20.0 0.14 -3.4
75.0 20.0 0.12 -2.3
80.0 20.0 0.10 -1.3
85.0 20.0 0.08 -0.3
90.0 20.0 0.00 0.0
0.0 30.0 0.03 -38.8
5.0 30.0 0.09 -37.9
10.0 30.0 0.15 -36.2
15.0 30.0 0.21 -33.9
20.0 30.0 0.25 -31.0
25.0 30.0 0.28 -27.9
30.0 30.0 0.30 -24.5
35.0 30.0 0.31 -21.1
40.0 30.0 0.31 -17.9
45.0 30.0 0.30 -15.0
50.0 30.0 0.28 -12.3
55.0 30.0 0.26 -10.0
60.0 30.0 0.24 -7.9
65.0 30.0 0.22 -6.0
70.0 30.0 0.19 -4.4
75.0 30.0 0.16 -2.9
80.0 30.0 0.13 -1.6
85.0 30.0 0.10 -0.3
90.0 30.0 0.00 0.0
0.0 40.0 0.03 -48.8
5.0 40.0 0.11 -47.8
10.0 40.0 0.18 -46.0
15.0 40.0 0.25 -43.5
20.0 40.0 0.31 -40.2
25.0 40.0 0.35 -36.4
30.0 40.0 0.38 -32.0
35.0 40.0 0.40 -27.5
40.0 40.0 0.40 -23.0
45.0 40.0 0.39 -18.9
50.0 40.0 0.37 -15.2
55.0 40.0 0.34 -12.0
60.0 40.0 0.31 -9.3
65.0 40.0 0.28 -6.9
70.0 40.0 0.24 -4.9
75.0 40.0 0.21 -3.0
80.0 40.0 0.17 -1.4
85.0 40.0 0.13 0.0
90.0 40.0 0.00 0.0
0.0 50.0 0.03 -58.8
5.0 50.0 0.12 -57.8
10.0 50.0 0.20 -56.0
15.0 50.0 0.28 -53.5
20.0 50.0 0.36 -50.2
25.0 50.0 0.42 -45.8
30.0 50.0 0.47 -40.5
35.0 50.0 0.50 -34.5
40.0 50.0 0.50 -28.3
45.0 50.0 0.49 -22.4
50.0 50.0 0.47 -17.3
55.0 50.0 0.43 -13.1
60.0 50.0 0.39 -9.7
65.0 50.0 0.35 -6.8
70.0 50.0 0.30 -4.5
75.0 50.0 0.25 -2.5
80.0 50.0 0.20 -0.8
85.0 50.0 0.15 0.8
90.0 50.0 0.00 0.0
0.0 60.0 0.03 -68.8
5.0 60.0 0.12 -67.8
10.0 60.0 0.22 -66.3
15.0 60.0 0.32 -64.1
20.0 60.0 0.41 -61.0
25.0 60.0 0.49 -56.7
30.0 60.0 0.56 -50.8
35.0 60.0 0.61 -42.9
40.0 60.0 0.63 -33.8
45.0 60.0 0.61 -25.0
50.0 60.0 0.57 -17.8
55.0 60.0 0.52 -12.4
60.0 60.0 0.47 -8.4
65.0 60.0 0.41 -5.4
70.0 60.0 0.35 -3.0
75.0 60.0 0.29 -1.1
80.0 60.0 0.23 0.5
85.0 60.0 0.17 1.9
90.0 60.0 0.00 0.0
0.0 70.0 0.03 -78.8
5.0 70.0 0.13 -77.9
10.0 70.0 0.23 -76.8
15.0 70.0 0.34 -75.2
20.0 70.0 0.44 -73.0
25.0 70.0 0.54 -69.7
30.0 70.0 0.64 -64.3
35.0 70.0 0.73 -55.1
40.0 70.0 0.77 -40.2
45.0 70.0 0.75 -24.5
50.0 70.0 0.69 -14.1
55.0 70.0 0.61 -8.2
60.0 70.0 0.53 -4.5
65.0 70.0 0.46 -2.0
70.0 70.0 0.39 -0.2
75.0 70.0 0.32 1.2
80.0 70.0 0.25 2.3
85.0 70.0 0.18 3.3
90.0 70.0 0.00 0.0
0.0 80.0 0.03 -88.8
5.0 80.0 0.13 -88.1
10.0 80.0 0.24 -87.4
15.0 80.0 0.35 -86.6
20.0 80.0 0.46 -85.7
25.0 80.0 0.57 -84.6
30.0 80.0 0.69 -82.8
35.0 80.0 0.82 -78.9
40.0 80.0 0.94 -56.4
45.0 80.0 0.88 -7.8
50.0 80.0 0.76 -1.3
55.0 80.0 0.66 0.9
60.0 80.0 0.56 2.1
65.0 80.0 0.48 2.9
70.0 80.0 0.40 3.5
75.0 80.0 0.32 4.0
80.0 80.0 0.25 4.5
85.0 80.0 0.18 4.9
90.0 80.0 0.00 0.0
0.0 90.0 0.03 81.2
5.0 90.0 0.13 81.7
10.0 90.0 0.23 82.0
15.0 90.0 0.34 81.9
20.0 90.0 0.45 81.3
25.0 90.0 0.56 79.8
30.0 90.0 0.68 76.6
35.0 90.0 0.79 68.7
40.0 90.0 0.86 48.1
45.0 90.0 0.81 24.8
50.0 90.0 0.72 15.1
55.0 90.0 0.63 11.0
60.0 90.0 0.54 9.1
65.0 90.0 0.46 7.9
70.0 90.0 0.38 7.2
75.0 90.0 0.31 6.8
80.0 90.0 0.24 6.5
85.0 90.0 0.17 6.2
90.0 90.0 0.00 0.0
0.0 100.0 0.03 71.2
5.0 100.0 0.12 71.5
10.0 100.0 0.22 71.4
15.0 100.0 0.33 70.5
20.0 100.0 0.42 68.7
25.0 100.0 0.52 65.4
30.0 100.0 0.61 59.9
35.0 100.0 0.67 51.2
40.0 100.0 0.69 39.9
45.0 100.0 0.67 29.1
50.0 100.0 0.61 21.5
55.0 100.0 0.55 16.6
60.0 100.0 0.48 13.4
65.0 100.0 0.41 11.3
70.0 100.0 0.34 9.8
75.0 100.0 0.27 8.7
80.0 100.0 0.21 7.8
85.0 100.0 0.14 7.0
90.0 100.0 0.00 0.0
0.0 110.0 0.03 61.2
5.0 110.0 0.12 61.4
10.0 110.0 0.21 60.8
15.0 110.0 0.30 59.4
20.0 110.0 0.38 56.9
25.0 110.0 0.46 53.1
30.0 110.0 0.51 47.7
35.0 110.0 0.55 41.0
40.0 110.0 0.56 33.8
45.0 110.0 0.54 27.2
50.0 110.0 0.50 21.9
55.0 110.0 0.45 17.9
60.0 110.0 0.40 14.9
65.0 110.0 0.34 12.6
70.0 110.0 0.29 10.9
75.0 110.0 0.23 9.4
80.0 110.0 0.17 8.2
85.0 110.0 0.12 7.2
90.0 110.0 0.00 0.0
0.0 120.0 0.03 51.2
5.0 120.0 0.11 51.2
10.0 120.0 0.19 50.5
15.0 120.0 0.26 48.8
20.0 120.0 0.33 46.1
25.0 120.0 0.38 42.5
30.0 120.0 0.42 38.0
35.0 120.0 0.44 33.0
40.0 120.0 0.44 28.1
45.0 120.0 0.42 23.7
50.0 120.0 0.39 19.9
55.0 120.0 0.36 16.8
60.0 120.0 0.32 14.3
65.0 120.0 0.27 12.3
70.0 120.0 0.23 10.6
75.0 120.0 0.18 9.2
80.0 120.0 0.14 7.9
85.0 120.0 0.09 6.7
90.0 120.0 0.00 0.0
0.0 130.0 0.03 41.2
5.0 130.0 0.09 41.1
10.0 130.0 0.16 40.3
15.0 130.0 0.22 38.6
20.0 130.0 0.27 36.2
25.0 130.0 0.31 33.1
30.0 130.0 0.33 29.6
35.0 130.0 0.34 26.0
40.0 130.0 0.33 22.6
45.0 130.0 0.32 19.5
50.0 130.0 0.30 16.8
55.0 130.0 0.27 14.5
60.0 130.0 0.24 12.6
65.0 130.0 0.21 10.9
70.0 130.0 0.17 9.4
75.0 130.0 0.14 8.2
80.0 130.0 0.10 7.0
85.0 130.0 0.06 5.8
90.0 130.0 0.00 0.0
0.0 140.0 0.03 31.2
5.0 140.0 0.08 31.1
10.0 140.0 0.13 30.2
15.0 140.0 0.17 28.8
20.0 140.0 0.21 26.8
25.0 140.0 0.23 24.5
30.0 140.0 0.24 21.9
35.0 140.0 0.25 19.4
40.0 140.0 0.24 17.1
45.0 140.0 0.23 15.0
50.0 140.0 0.22 13.1
55.0 140.0 0.20 11.5
60.0 140.0 0.17 10.0
65.0 140.0 0.15 8.8
70.0 140.0 0.12 7.6
75.0 140.0 0.10 6.6
80.0 140.0 0.07 5.6
85.0 140.0 0.04 4.7
90.0 140.0 0.00 0.0
0.0 150.0 0.03 21.2
5.0 150.0 0.06 21.0
10.0 150.0 0.09 20.4
15.0 150.0 0.12 19.3
20.0 150.0 0.14 17.9
25.0 150.0 0.16 16.3
30.0 150.0 0.16 14.7
35.0 150.0 0.16 13.1
40.0 150.0 0.16 11.6
45.0 150.0 0.15 10.3
50.0 150.0 0.14 9.1
55.0 150.0 0.13 8.0
60.0 150.0 0.11 7.1
65.0 150.0 0.10 6.2
70.0 150.0 0.08 5.4
75.0 150.0 0.06 4.7
80.0 150.0 0.04 4.0
85.0 150.0 0.03 3.3
90.0 150.0 0.00 0.0
0.0 160.0 0.03 11.2
5.0 160.0 0.04 11.0
10.0 160.0 0.06 10.6
15.0 160.0 0.07 10.0
20.0 160.0 0.08 9.2
25.0 160.0 0.08 8.4
30.0 160.0 0.09 7.6
35.0 160.0 0.08 6.8
40.0 160.0 0.08 6.1
45.0 160.0 0.08 5.5
50.0 160.0 0.07 4.9
55.0 160.0 0.06 4.3
60.0 160.0 0.06 3.9
65.0 160.0 0.05 3.4
70.0 160.0 0.04 3.0
75.0 160.0 0.03 2.6
80.0 160.0 0.02 2.2
85.0 160.0 0.01 1.8
90.0 160.0 0.00 0.0
0.0 170.0 0.03 1.2
5.0 170.0 0.02 1.0
10.0 170.0 0.02 0.8
15.0 170.0 0.02 0.7
20.0 170.0 0.02 0.7
25.0 170.0 0.01 0.6
30.0 170.0 0.01 0.6
35.0 170.0 0.01 0.6
40.0 170.0 0.01 0.6
45.0 170.0 0.00 0.6
50.0 170.0 0.00 0.6
55.0 170.0 0.00 0.6
60.0 170.0 0.00 0.6
65.0 170.0 0.00 0.5
70.0 170.0 0.00 0.5
75.0 170.0 0.00 0.4
80.0 170.0 0.00 0.3
85.0 170.0 0.00 0.2
90.0 170.0 0.00 0.0
0.0 180.0 0.03 -8.8
5.0 180.0 0.01 -9.0
10.0 180.0 0.01 -8.9
15.0 180.0 0.03 -8.5
20.0 180.0 0.05 -7.9
25.0 180.0 0.06 -7.2
30.0 180.0 0.07 -6.4
35.0 180.0 0.07 -5.7
40.0 180.0 0.07 -4.9
45.0 180.0 0.07 -4.3
50.0 180.0 0.07 -3.7
55.0 180.0 0.06 -3.2
60.0 180.0 0.06 -2.8
65.0 180.0 0.05 -2.4
70.0 180.0 0.04 -2.1
75.0 180.0 0.03 -1.8
80.0 180.0 0.02 -1.5
85.0 180.0 0.02 -1.3
90.0 180.0 0.00 0.0
0.0 190.0 0.03 -18.8
5.0 190.0 0.01 -19.0
10.0 190.0 0.05 -18.7
15.0 190.0 0.08 -17.9
20.0 190.0 0.11 -16.6
25.0 190.0 0.13 -15.2
30.0 190.0 0.14 -13.6
35.0 190.0 0.15 -12.0
40.0 190.0 0.15 -10.5
45.0 190.0 0.15 -9.1
50.0 190.0 0.14 -7.9
55.0 190.0 0.13 -6.9
60.0 190.0 0.11 -6.0
65.0 190.0 0.10 -5.2
70.0 190.0 0.08 -4.5
75.0 190.0 0.07 -3.9
80.0 190.0 0.05 -3.3
85.0 190.0 0.03 -2.8
90.0 190.0 0.00 0.0
0.0 200.0 0.03 -28.8
5.0 200.0 0.03 -29.0
10.0 200.0 0.08 -28.5
15.0 200.0 0.13 -27.4
20.0 200.0 0.17 -25.7
25.0 200.0 0.21 -23.5
30.0 200.0 0.23 -21.1
35.0 200.0 0.24 -18.6
40.0 200.0 0.24 -16.2
45.0 200.0 0.23 -14.0
50.0 200.0 0.22 -12.0
55.0 200.0 0.20 -10.4
60.0 200.0 0.18 -9.0
65.0 200.0 0.16 -7.8
70.0 200.0 0.13 -6.7
75.0 200.0 0.10 -5.8
80.0 200.0 0.08 -5.0
85.0 200.0 0.05 -4.2
90.0 200.0 0.00 0.0
0.0 210.0 0.03 -38.8
5.0 210.0 0.04 -39.1
10.0 210.0 0.11 -38.5
15.0 210.0 0.18 -37.2
20.0 210.0 0.23 -35.1
25.0 210.0 0.28 -32.3
30.0 210.0 0.31 -29.0
35.0 210.0 0.33 -25.5
40.0 210.0 0.33 -21.9
45.0 210.0 0.32 -18.7
50.0 210.0 0.30 -15.9
55.0 210.0 0.28 -13.5
60.0 210.0 0.25 -11.5
65.0 210.0 0.22 -9.9
70.0 210.0 0.18 -8.5
75.0 210.0 0.15 -7.3
80.0 210.0 0.11 -6.3
85.0 210.0 0.07 -5.4
90.0 210.0 0.00 0.0
0.0 220.0 0.03 -48.8
5.0 220.0 0.06 -49.2
10.0 220.0 0.14 -48.7
15.0 220.0 0.22 -47.4
20.0 220.0 0.29 -45.2
25.0 220.0 0.35 -42.0
30.0 220.0 0.40 -37.9
35.0 220.0 0.43 -33.0
40.0 220.0 0.44 -28.0
45.0 220.0 0.43 -23.2
50.0 220.0 0.41 -19.2
55.0 220.0 0.37 -15.9
60.0 220.0 0.33 -13.3
65.0 220.0 0.29 -11.2
70.0 220.0 0.24 -9.6
75.0 220.0 0.20 -8.3
80.0 220.0 0.15 -7.2
85.0 220.0 0.10 -6.3
90.0 220.0 0.00 0.0
0.0 230.0 0.03 -58.8
5.0 230.0 0.07 -59.3
10.0 230.0 0.16 -59.0
15.0 230.0 0.25 -58.0
20.0 230.0 0.34 -56.1
25.0 230.0 0.42 -52.9
30.0 230.0 0.49 -48.2
35.0 230.0 0.54 -41.9
40.0 230.0 0.56 -34.6
45.0 230.0 0.56 -27.4
50.0 230.0 0.52 -21.4
55.0 230.0 0.47 -16.9
60.0 230.0 0.42 -13.7
65.0 230.0 0.36 -11.3
70.0 230.0 0.30 -9.7
75.0 230.0 0.25 -8.4
80.0 230.0 0.19 -7.4
85.0 230.0 0.13 -6.6
90.0 230.0 0.00 0.0
0.0 240.0 0.03 -68.8
5.0 240.0 0.07 -69.4
10.0 240.0 0.18 -69.5
15.0 240.0 0.28 -69.0
20.0 240.0 0.38 -67.8
25.0 240.0 0.48 -65.4
30.0 240.0 0.58 -61.3
35.0 240.0 0.66 -54.0
40.0 240.0 0.71 -42.9
45.0 240.0 0.70 -30.3
50.0 240.0 0.65 -20.9
55.0 240.0 0.58 -15.1
60.0 240.0 0.51 -11.6
65.0 240.0 0.44 -9.5
70.0 240.0 0.36 -8.2
75.0 240.0 0.29 -7.3
80.0 240.0 0.23 -6.8
85.0 240.0 0.16 -6.3
90.0 240.0 0.00 0.0
0.0 250.0 0.03 -78.8
5.0 250.0 0.08 -79.5
10.0 250.0 0.18 -80.0
15.0 250.0 0.29 -80.2
20.0 250.0 0.40 -80.1
25.0 250.0 0.52 -79.5
30.0 250.0 0.63 -78.0
35.0 250.0 0.76 -73.9
40.0 250.0 0.87 -60.1
45.0 250.0 0.87 -26.6
50.0 250.0 0.78 -12.0
55.0 250.0 0.67 -7.7
60.0 250.0 0.58 -6.0
65.0 250.0 0.49 -5.3
70.0 250.0 0.41 -5.0
75.0 250.0 0.33 -5.0
80.0 250.0 0.26 -5.1
85.0 250.0 0.18 -5.3
90.0 250.0 0.00 0.0
0.0 260.0 0.03 -88.8
5.0 260.0 0.08 -89.6
10.0 260.0 0.19 89.5
15.0 260.0 0.29 88.5
20.0 260.0 0.40 87.3
25.0 260.0 0.52 85.7
30.0 260.0 0.63 83.3
35.0 260.0 0.76 78.7
40.0 260.0 0.87 65.5
45.0 260.0 0.89 28.1
50.0 260.0 0.79 10.8
55.0 260.0 0.69 5.3
60.0 260.0 0.59 2.6
65.0 260.0 0.50 0.8
70.0 260.0 0.42 -0.6
75.0 260.0 0.34 -1.8
80.0 260.0 0.27 -2.8
85.0 260.0 0.20 -3.8
90.0 260.0 0.00 0.0
0.0 270.0 0.03 81.2
5.0 270.0 0.08 80.3
10.0 270.0 0.18 79.1
15.0 270.0 0.28 77.4
20.0 270.0 0.38 75.1
25.0 270.0 0.48 71.9
30.0 270.0 0.58 67.0
35.0 270.0 0.66 59.3
40.0 270.0 0.72 47.8
45.0 270.0 0.72 33.9
50.0 270.0 0.68 22.4
55.0 270.0 0.62 14.8
60.0 270.0 0.54 9.7
65.0 270.0 0.47 6.2
70.0 270.0 0.40 3.5
75.0 270.0 0.33 1.4
80.0 270.0 0.27 -0.4
85.0 270.0 0.20 -2.0
90.0 270.0 0.00 0.0
0.0 280.0 0.03 71.2
5.0 280.0 0.07 70.3
10.0 280.0 0.17 68.8
15.0 280.0 0.26 66.7
20.0 280.0 0.35 63.7
25.0 280.0 0.43 59.7
30.0 280.0 0.50 54.4
35.0 280.0 0.55 47.6
40.0 280.0 0.58 39.6
45.0 280.0 0.58 31.4
50.0 280.0 0.55 24.0
55.0 280.0 0.51 18.0
60.0 280.0 0.47 13.2
65.0 280.0 0.41 9.5
70.0 280.0 0.36 6.4
75.0 280.0 0.30 3.8
80.0 280.0 0.24 1.6
85.0 280.0 0.19 -0.4
90.0 280.0 0.00 0.0
0.0 290.0 0.03 61.2
5.0 290.0 0.06 60.3
10.0 290.0 0.15 58.7
15.0 290.0 0.23 56.3
20.0 290.0 0.30 53.2
25.0 290.0 0.36 49.2
30.0 290.0 0.41 44.4
35.0 290.0 0.45 39.0
40.0 290.0 0.46 33.2
45.0 290.0 0.46 27.6
50.0 290.0 0.44 22.5
55.0 290.0 0.41 17.9
60.0 290.0 0.38 14.0
65.0 290.0 0.34 10.7
70.0 290.0 0.30 7.7
75.0 290.0 0.26 5.2
80.0 290.0 0.21 2.9
85.0 290.0 0.16 0.7
90.0 290.0 0.00 0.0
0.0 300.0 0.03 51.2
5.0 300.0 0.05 50.3
10.0 300.0 0.13 48.8
15.0 300.0 0.19 46.5
20.0 300.0 0.25 43.5
25.0 300.0 0.30 40.0
30.0 300.0 0.33 36.0
35.0 300.0 0.35 31.8
40.0 300.0 0.36 27.5
45.0 300.0 0.36 23.5
50.0 300.0 0.34 19.7
55.0 300.0 0.32 16.3
60.0 300.0 0.30 13.2
65.0 300.0 0.27 10.4
70.0 300.0 0.24 7.9
75.0 300.0 0.21 5.6
80.0 300.0 0.17 3.4
85.0 300.0 0.14 1.4
90.0 300.0 0.00 0.0
0.0 310.0 0.03 41.2
5.0 310.0 0.04 40.5
10.0 310.0 0.10 39.0
15.0 310.0 0.15 37.0
20.0 310.0 0.20 34.5
25.0 310.0 0.23 31.6
30.0 310.0 0.25 28.4
35.0 310.0 0.27 25.3
40.0 310.0 0.27 22.2
45.0 310.0 0.27 19.2
50.0 310.0 0.26 16.4
55.0 310.0 0.25 13.8
60.0 310.0 0.23 11.5
65.0 310.0 0.21 9.3
70.0 310.0 0.19 7.2
75.0 310.0 0.16 5.3
80.0 310.0 0.14 3.5
85.0 310.0 0.11 1.7
90.0 310.0 0.00 0.0
0.0 320.0 0.03 31.2
5.0 320.0 0.02 30.6
10.0 320.0 0.07 29.5
15.0 320.0 0.11 27.9
20.0 320.0 0.14 25.9
25.0 320.0 0.17 23.7
30.0 320.0 0.18 21.4
35.0 320.0 0.19 19.2
40.0 320.0 0.19 17.0
45.0 320.0 0.19 14.9
50.0 320.0 0.18 12.9
55.0 320.0 0.17 11.0
60.0 320.0 0.16 9.3
65.0 320.0 0.15 7.6
70.0 320.0 0.13 6.0
75.0 320.0 0.12 4.5
80.0 320.0 0.10 3.1
85.0 320.0 0.08 1.7
90.0 320.0 0.00 0.0
0.0 330.0 0.03 21.2
5.0 330.0 0.01 20.8
10.0 330.0 0.04 20.1
15.0 330.0 0.07 19.0
20.0 330.0 0.09 17.7
25.0 330.0 0.10 16.3
30.0 330.0 0.11 14.8
35.0 330.0 0.12 13.3
40.0 330.0 0.12 11.9
45.0 330.0 0.12 10.5
50.0 330.0 0.12 9.2
55.0 330.0 0.11 8.0
60.0 330.0 0.10 6.8
65.0 330.0 0.10 5.7
70.0 330.0 0.09 4.6
75.0 330.0 0.08 3.5
80.0 330.0 0.07 2.5
85.0 330.0 0.05 1.4
90.0 330.0 0.00 0.0
0.0 340.0 0.03 11.2
5.0 340.0 0.01 11.1
10.0 340.0 0.01 10.8
15.0 340.0 0.02 10.3
20.0 340.0 0.03 9.7
25.0 340.0 0.04 9.0
30.0 340.0 0.05 8.3
35.0 340.0 0.05 7.6
40.0 340.0 0.05 6.9
45.0 340.0 0.05 6.2
50.0 340.0 0.05 5.5
55.0 340.0 0.05 4.8
60.0 340.0 0.05 4.2
65.0 340.0 0.04 3.6
70.0 340.0 0.04 2.9
75.0 340.0 0.04 2.3
80.0 340.0 0.03 1.7
85.0 340.0 0.03 1.1
90.0 340.0 0.00 0.0
0.0 350.0 0.03 1.2
5.0 350.0 0.03 1.4
10.0 350.0 0.03 1.5
15.0 350.0 0.03 1.7
20.0 350.0 0.02 1.8
25.0 350.0 0.02 1.9
30.0 350.0 0.02 1.9
35.0 350.0 0.02 1.9
40.0 350.0 0.02 1.9
45.0 350.0 0.01 1.9
50.0 350.0 0.01 1.8
55.0 350.0 0.01 1.7
60.0 350.0 0.01 1.5
65.0 350.0 0.01 1.4
70.0 350.0 0.00 1.2
75.0 350.0 0.00 1.1
80.0 350.0 0.00 0.8
85.0 350.0 0.00 0.6
90.0 350.0 0.00 0.0
0.0 360.0 0.03 -8.8
5.0 360.0 0.04 -8.4
10.0 360.0 0.06 -7.8
15.0 360.0 0.07 -7.0
20.0 360.0 0.08 -6.1
25.0 360.0 0.08 -5.3
30.0 360.0 0.09 -4.5
35.0 360.0 0.09 -3.7
40.0 360.0 0.08 -3.0
45.0 360.0 0.08 -2.4
50.0 360.0 0.07 -1.9
55.0 360.0 0.07 -1.5
60.0 360.0 0.06 -1.1
65.0 360.0 0.05 -0.7
70.0 360.0 0.05 -0.5
75.0 360.0 0.04 -0.2
80.0 360.0 0.03 0.0
85.0 360.0 0.02 0.2
90.0 360.0 0.00 0.0
0.0 370.0 0.03 -18.8
5.0 370.0 0.06 -18.2
10.0 370.0 0.09 -17.1
15.0 370.0 0.12 -15.7
20.0 370.0 0.14 -14.1
25.0 370.0 0.15 -12.5
30.0 370.0 0.15 -10.9
35.0 370.0 0.15 -9.4
40.0 370.0 0.15 -8.0
45.0 370.0 0.15 -6.7
50.0 370.0 0.14 -5.5
55.0 370.0 0.13 -4.5
60.0 370.0 0.12 -3.6
65.0 370.0 0.11 -2.8
70.0 370.0 0.09 -2.0
75.0 370.0 0.08 -1.3
80.0 370.0 0.06 -0.7
85.0 370.0 0.05 -0.1
90.0 370.0 0.00 0.0
0.0 380.0 0.03 -28.8
5.0 380.0 0.08 -28.0
10.0 380.0 0.12 -26.6
15.0 380.0 0.16 -24.6
20.0 380.0 0.19 -22.4
25.0 380.0 0.21 -20.0
30.0 380.0 0.22 -17.5
35.0 380.0 0.23 -15.2
40.0 380.0 0.23 -12.9
45.0 380.0 0.22 -10.9
50.0 380.0 0.21 -9.1
55.0 380.0 0.19 -7.4
60.0 380.0 0.18 -5.9
65.0 380.0 0.16 -4.6
70.0 380.0 0.14 -3.4
75.0 380.0 0.12 -2.3
80.0 380.0 0.10 -1.3
85.0 380.0 0.08 -0.3
90.0 380.0 0.00 0.0
0.0 390.0 0.03 -38.8
5.0 390.0 0.09 -37.9
10.0 390.0 0.15 -36.2
15.0 390.0 0.21 -33.9
20.0 390.0 0.25 -31.0
25.0 390.0 0.28 -27.9
30.0 390.0 0.30 -24.5
35.0 390.0 0.31 -21.1
40.0 390.0 0.31 -17.9
45.0 390.0 0.30 -15.0
50.0 390.0 0.28 -12.3
55.0 390.0 0.26 -10.0
60.0 390.0 0.24 -7.9
65.0 390.0 0.22 -6.0
70.0 390.0 0.19 -4.4
75.0 390.0 0.16 -2.9
80.0 390.0 0.13 -1.6
85.0 390.0 0.10 -0.3
90.0 390.0 0.00 0.0
0.0 400.0 0.03 -48.8
5.0 400.0 0.11 -47.8
10.0 400.0 0.18 -46.0
15.0 400.0 0.25 -43.5
20.0 400.0 0.31 -40.2
25.0 400.0 0.35 -36.4
30.0 400.0 0.38 -32.0
35.0 400.0 0.40 -27.5
40.0 400.0 0.40 -23.0
45.0 400.0 0.39 -18.9
50.0 400.0 0.37 -15.2
55.0 400.0 0.34 -12.0
60.0 400.0 0.31 -9.3
65.0 400.0 0.28 -6.9
70.0 400.0 0.24 -4.9
75.0 400.0 0.21 -3.0
80.0 400.0 0.17 -1.4
85.0 400.0 0.13 0.0
90.0 400.0 0.00 0.0
0.0 410.0 0.03 -58.8
5.0 410.0 0.12 -57.8
10.0 410.0 0.20 -56.0
15.0 410.0 0.28 -53.5
20.0 410.0 0.36 -50.2
25.0 410.0 0.42 -45.8
30.0 410.0 0.47 -40.5
35.0 410.0 0.50 -34.5
40.0 410.0 0.50 -28.3
45.0 410.0 0.49 -22.4
50.0 410.0 0.47 -17.3
55.0 410.0 0.43 -13.1
60.0 410.0 0.39 -9.7
65.0 410.0 0.35 -6.8
70.0 410.0 0.30 -4.5
75.0 410.0 0.25 -2.5
80.0 410.0 0.20 -0.8
85.0 410.0 0.15 0.8
90.0 410.0 0.00 0.0
0.0 420.0 0.03 -68.8
5.0 420.0 0.12 -67.8
10.0 420.0 0.22 -66.3
15.0 420.0 0.32 -64.1
20.0 420.0 0.41 -61.0
25.0 420.0 0.49 -56.7
30.0 420.0 0.56 -50.8
35.0 420.0 0.61 -42.9
40.0 420.0 0.63 -33.8
45.0 420.0 0.61 -25.0
50.0 420.0 0.57 -17.8
55.0 420.0 0.52 -12.4
60.0 420.0 0.47 -8.4
65.0 420.0 0.41 -5.4
70.0 420.0 0.35 -3.0
75.0 420.0 0.29 -1.1
80.0 420.0 0.23 0.5
85.0 420.0 0.17 1.9
90.0 420.0 0.00 0.0
0.0 430.0 0.03 -78.8
5.0 430.0 0.13 -77.9
10.0 430.0 0.23 -76.8
15.0 430.0 0.34 -75.2
20.0 430.0 0.44 -73.0
25.0 430.0 0.54 -69.7
30.0 430.0 0.64 -64.3
35.0 430.0 0.73 -55.1
40.0 430.0 0.77 -40.2
45.0 430.0 0.75 -24.5
50.0 430.0 0.69 -14.1
55.0 430.0 0.61 -8.2
60.0 430.0 0.53 -4.5
65.0 430.0 0.46 -2.0
70.0 430.0 0.39 -0.2
75.0 430.0 0.32 1.2
80.0 430.0 0.25 2.3
85.0 430.0 0.18 3.3
90.0 430.0 0.00 0.0
0.0 440.0 0.03 -88.8
5.0 440.0 0.13 -88.1
10.0 440.0 0.24 -87.4
15.0 440.0 0.35 -86.6
20.0 440.0 0.46 -85.7
25.0 440.0 0.57 -84.6
30.0 440.0 0.69 -82.8
35.0 440.0 0.82 -78.9
40.0 440.0 0.94 -56.4
45.0 440.0 0.88 -7.8
50.0 440.0 0.76 -1.3
55.0 440.0 0.66 0.9
60.0 440.0 0.56 2.1
65.0 440.0 0.48 2.9
70.0 440.0 0.40 3.5
75.0 440.0 0.32 4.0
80.0 440.0 0.25 4.5
85.0 440.0 0.18 4.9
90.0 440.0 0.00 0.0
0.0 450.0 0.03 81.2
5.0 450.0 0.13 81.7
10.0 450.0 0.23 82.0
15.0 450.0 0.34 81.9
20.0 450.0 0.45 81.3
25.0 450.0 0.56 79.8
30.0 450.0 0.68 76.6
35.0 450.0 0.79 68.7
40.0 450.0 0.86 48.1
45.0 450.0 0.81 24.8
50.0 450.0 0.72 15.1
55.0 450.0 0.63 11.0
60.0 450.0 0.54 9.1
65.0 450.0 0.46 7.9
70.0 450.0 0.38 7.2
75.0 450.0 0.31 6.8
80.0 450.0 0.24 6.5
85.0 450.0 0.17 6.2
90.0 450.0 0.00 0.0
0.0 460.0 0.03 71.2
5.0 460.0 0.12 71.5
10.0 460.0 0.22 71.4
15.0 460.0 0.33 70.5
20.0 460.0 0.42 68.7
25.0 460.0 0.52 65.4
30.0 460.0 0.61 59.9
35.0 460.0 0.67 51.2
40.0 460.0 0.69 39.9
45.0 460.0 0.67 29.1
50.0 460.0 0.61 21.5
55.0 460.0 0.55 16.6
60.0 460.0 0.48 13.4
65.0 460.0 0.41 11.3
70.0 460.0 0.34 9.8
75.0 460.0 0.27 8.7
80.0 460.0 0.21 7.8
85.0 460.0 0.14 7.0
90.0 460.0 0.00 0.0
0.0 470.0 0.03 61.2
5.0 470.0 0.12 61.4
10.0 470.0 0.21 60.8
15.0 470.0 0.30 59.4
20.0 470.0 0.38 56.9
25.0 470.0 0.46 53.1
30.0 470.0 0.51 47.7
35.0 470.0 0.55 41.0
40.0 470.0 0.56 33.8
45.0 470.0 0.54 27.2
50.0 470.0 0.50 21.9
55.0 470.0 0.45 17.9
60.0 470.0 0.40 14.9
65.0 470.0 0.34 12.6
70.0 470.0 0.29 10.9
75.0 470.0 0.23 9.4
80.0 470.0 0.17 8.2
85.0 470.0 0.12 7.2
90.0 470.0 0.00 0.0
0.0 480.0 0.03 51.2
5.0 480.0 0.11 51.2
10.0 480.0 0.19 50.5
15.0 480.0 0.26 48.8
20.0 480.0 0.33 46.1
25.0 480.0 0.38 42.5
30.0 480.0 0.42 38.0
35.0 480.0 0.44 33.0
40.0 480.0 0.44 28.1
45.0 480.0 0.42 23.7
50.0 480.0 0.39 19.9
55.0 480.0 0.36 16.8
60.0 480.0 0.32 14.3
65.0 480.0 0.27 12.3
70.0 480.0 0.23 10.6
75.0 480.0 0.18 9.2
80.0 480.0 0.14 7.9
85.0 480.0 0.09 6.7
90.0 480.0 0.00 0.0
0.0 490.0 0.03 41.2
5.0 490.0 0.09 41.1
10.0 490.0 0.16 40.3
15.0 490.0 0.22 38.6
20.0 490.0 0.27 36.2
25.0 490.0 0.31 33.1
30.0 490.0 0.33 29.6
35.0 490.0 0.34 26.0
40.0 490.0 0.33 22.6
45.0 490.0 0.32 19.5
50.0 490.0 0.30 16.8
55.0 490.0 0.27 14.5
60.0 490.0 0.24 12.6
65.0 490.0 0.21 10.9
70.0 490.0 0.17 9.4
75.0 490.0 0.14 8.2
80.0 490.0 0.10 7.0
85.0 490.0 0.06 5.8
90.0 490.0 0.00 0.0
0.0 500.0 0.03 31.2
5.0 500.0 0.08 31.1
10.0 500.0 0.13 30.2
15.0 500.0 0.17 28.8
20.0 500.0 0.21 26.8
25.0 500.0 0.23 24.5
30.0 500.0 0.24 21.9
35.0 500.0 0.25 19.4
40.0 500.0 0.24 17.1
45.0 500.0 0.23 15.0
50.0 500.0 0.22 13.1
55.0 500.0 0.20 11.5
60.0 500.0 0.17 10.0
65.0 500.0 0.15 8.8
70.0 500.0 0.12 7.6
75.0 500.0 0.10 6.6
80.0 500.0 0.07 5.6
85.0 500.0 0.04 4.7
90.0 500.0 0.00 0.0
0.0 510.0 0.03 21.2
5.0 510.0 0.06 21.0
10.0 510.0 0.09 20.4
15.0 510.0 0.12 19.3
20.0 510.0 0.14 17.9
25.0 510.0 0.16 16.3
30.0 510.0 0.16 14.7
35.0 510.0 0.16 13.1
40.0 510.0 0.16 11.6
45.0 510.0 0.15 10.3
50.0 510.0 0.14 9.1
55.0 510.0 0.13 8.0
60.0 510.0 0.11 7.1
65.0 510.0 0.10 6.2
70.0 510.0 0.08 5.4
75.0 510.0 0.06 4.7
80.0 510.0 0.04 4.0
85.0 510.0 0.03 3.3
90.0 510.0 0.00 0.0
0.0 520.0 0.03 11.2
5.0 520.0 0.04 11.0
10.0 520.0 0.06 10.6
15.0 520.0 0.07 10.0
20.0 520.0 0.08 9.2
25.0 520.0 0.08 8.4
30.0 520.0 0.09 7.6
35.0 520.0 0.08 6.8
40.0 520.0 0.08 6.1
45.0 520.0 0.08 5.5
50.0 520.0 0.07 4.9
55.0 520.0 0.06 4.3
60.0 520.0 0.06 3.9
65.0 520.0 0.05 3.4
70.0 520.0 0.04 3.0
75.0 520.0 0.03 2.6
80.0 520.0 0.02 2.2
85.0 520.0 0.01 1.8
90.0 520.0 0.00 0.0
0.0 530.0 0.03 1.2
5.0 530.0 0.02 1.0
10.0 530.0 0.02 0.8
15.0 530.0 0.02 0.7
20.0 530.0 0.02 0.7
25.0 530.0 0.01 0.6
30.0 530.0 0.01 0.6
35.0 530.0 0.01 0.6
40.0 530.0 0.01 0.6
45.0 530.0 0.00 0.6
50.0 530.0 0.00 0.6
55.0 530.0 0.00 0.6
60.0 530.0 0.00 0.6
65.0 530.0 0.00 0.5
70.0 530.0 0.00 0.5
75.0 530.0 0.00 0.4
80.0 530.0 0.00 0.3
85.0 530.0 0.00 0.2
90.0 530.0 0.00 0.0
0.0 540.0 0.03 -8.8
5.0 540.0 0.01 -9.0
10.0 540.0 0.01 -8.9
15.0 540.0 0.03 -8.5
20.0 540.0 0.05 -7.9
25.0 540.0 0.06 -7.2
30.0 540.0 0.07 -6.4
35.0 540.0 0.07 -5.7
40.0 540.0 0.07 -4.9
45.0 540.0 0.07 -4.3
50.0 540.0 0.07 -3.7
55.0 540.0 0.06 -3.2
60.0 540.0 0.06 -2.8
65.0 540.0 0.05 -2.4
70.0 540.0 0.04 -2.1
75.0 540.0 0.03 -1.8
80.0 540.0 0.02 -1.5
85.0 540.0 0.02 -1.3
90.0 540.0 0.00 0.0
0.0 550.0 0.03 -18.8
5.0 550.0 0.01 -19.0
10.0 550.0 0.05 -18.7
15.0 550.0 0.08 -17.9
20.0 550.0 0.11 -16.6
25.0 550.0 0.13 -15.2
30.0 550.0 0.14 -13.6
35.0 550.0 0.15 -12.0
40.0 550.0 0.15 -10.5
45.0 550.0 0.15 -9.1
50.0 550.0 0.14 -7.9
55.0 550.0 0.13 -6.9
60.0 550.0 0.11 -6.0
65.0 550.0 0.10 -5.2
70.0 550.0 0.08 -4.5
75.0 550.0 0.07 -3.9
80.0 550.0 0.05 -3.3
85.0 550.0 0.03 -2.8
90.0 550.0 0.00 0.0
0.0 560.0 0.03 -28.8
5.0 560.0 0.03 -29.0
10.0 560.0 0.08 -28.5
15.0 560.0 0.13 -27.4
20.0 560.0 0.17 -25.7
25.0 560.0 0.21 -23.5
30.0 560.0 0.23 -21.1
35.0 560.0 0.24 -18.6
40.0 560.0 0.24 -16.2
45.0 560.0 0.23 -14.0
50.0 560.0 0.22 -12.0
55.0 560.0 0.20 -10.4
60.0 560.0 0.18 -9.0
65.0 560.0 0.16 -7.8
70.0 560.0 0.13 -6.7
75.0 560.0 0.10 -5.8
80.0 560.0 0.08 -5.0
85.0 560.0 0.05 -4.2
90.0 560.0 0.00 0.0
0.0 570.0 0.03 -38.8
5.0 570.0 0.04 -39.1
10.0 570.0 0.11 -38.5
15.0 570.0 0.18 -37.2
20.0 570.0 0.23 -35.1
25.0 570.0 0.28 -32.3
30.0 570.0 0.31 -29.0
35.0 570.0 0.33 -25.5
40.0 570.0 0.33 -21.9
45.0 570.0 0.32 -18.7
50.0 570.0 0.30 -15.9
55.0 570.0 0.28 -13.5
60.0 570.0 0.25 -11.5
65.0 570.0 0.22 -9.9
70.0 570.0 0.18 -8.5
75.0 570.0 0.15 -7.3
80.0 570.0 0.11 -6.3
85.0 570.0 0.07 -5.4
90.0 570.0 0.00 0.0
0.0 580.0 0.03 -48.8
5.0 580.0 0.06 -49.2
10.0 580.0 0.14 -48.7
15.0 580.0 0.22 -47.4
20.0 580.0 0.29 -45.2
25.0 580.0 0.35 -42.0
30.0 580.0 0.40 -37.9
35.0 580.0 0.43 -33.0
40.0 580.0 0.44 -28.0
45.0 580.0 0.43 -23.2
50.0 580.0 0.41 -19.2
55.0 580.0 0.37 -15.9
60.0 580.0 0.33 -13.3
65.0 580.0 0.29 -11.2
70.0 580.0 0.24 -9.6
75.0 580.0 0.20 -8.3
80.0 580.0 0.15 -7.2
85.0 580.0 0.10 -6.3
90.0 580.0 0.00 0.0
0.0 590.0 0.03 -58.8
5.0 590.0 0.07 -59.3
10.0 590.0 0.16 -59.0
15.0 590.0 0.25 -58.0
20.0 590.0 0.34 -56.1
25.0 590.0 0.42 -52.9
30.0 590.0 0.49 -48.2
35.0 590.0 0.54 -41.9
40.0 590.0 0.56 -34.6
45.0 590.0 0.56 -27.4
50.0 590.0 0.52 -21.4
55.0 590.0 0.47 -16.9
60.0 590.0 0.42 -13.7
65.0 590.0 0.36 -11.3
70.0 590.0 0.30 -9.7
75.0 590.0 0.25 -8.4
80.0 590.0 0.19 -7.4
85.0 590.0 0.13 -6.6
90.0 590.0 0.00 0.0
0.0 600.0 0.03 -68.8
5.0 600.0 0.07 -69.4
10.0 600.0 0.18 -69.5
15.0 600.0 0.28 -69.0
20.0 600.0 0.38 -67.8
25.0 600.0 0.48 -65.4
30.0 600.0 0.58 -61.3
35.0 600.0 0.66 -54.0
40.0 600.0 0.71 -42.9
45.0 600.0 0.70 -30.3
50.0 600.0 0.65 -20.9
55.0 600.0 0.58 -15.1
60.0 600.0 0.51 -11.6
65.0 600.0 0.44 -9.5
70.0 600.0 0.36 -8.2
75.0 600.0 0.29 -7.3
80.0 600.0 0.23 -6.8
85.0 600.0 0.16 -6.3
90.0 600.0 0.00 0.0
0.0 610.0 0.03 -78.8
5.0 610.0 0.08 -79.5
10.0 610.0 0.18 -80.0
15.0 610.0 0.29 -80.2
20.0 610.0 0.40 -80.1
25.0 610.0 0.52 -79.5
30.0 610.0 0.63 -78.0
35.0 610.0 0.76 -73.9
40.0 610.0 0.87 -60.1
45.0 610.0 0.87 -26.6
50.0 610.0 0.78 -12.0
55.0 610.0 0.67 -7.7
60.0 610.0 0.58 -6.0
65.0 610.0 0.49 -5.3
70.0 610.0 0.41 -5.0
75.0 610.0 0.33 -5.0
80.0 610.0 0.26 -5.1
85.0 610.0 0.18 -5.3
90.0 610.0 0.00 0.0
0.0 620.0 0.03 -88.8
5.0 620.0 0.08 -89.6
10.0 620.0 0.19 89.5
15.0 620.0 0.29 88.5
20.0 620.0 0.40 87.3
25.0 620.0 0.52 85.7
30.0 620.0 0.63 83.3
35.0 620.0 0.76 78.7
40.0 620.0 0.87 65.5
45.0 620.0 0.89 28.1
50.0 620.0 0.79 10.8
55.0 620.0 0.69 5.3
60.0 620.0 0.59 2.6
65.0 620.0 0.50 0.8
70.0 620.0 0.42 -0.6
75.0 620.0 0.34 -1.8
80.0 620.0 0.27 -2.8
85.0 620.0 0.20 -3.8
90.0 620.0 0.00 0.0
0.0 630.0 0.03 81.2
5.0 630.0 0.08 80.3
10.0 630.0 0.18 79.1
15.0 630.0 0.28 77.4
20.0 630.0 0.38 75.1
25.0 630.0 0.48 71.9
30.0 630.0 0.58 67.0
35.0 630.0 0.66 59.3
40.0 630.0 0.72 47.8
45.0 630.0 0.72 33.9
50.0 630.0 0.68 22.4
55.0 630.0 0.62 14.8
60.0 630.0 0.54 9.7
65.0 630.0 0.47 6.2
70.0 630.0 0.40 3.5
75.0 630.0 0.33 1.4
80.0 630.0 0.27 -0.4
85.0 630.0 0.20 -2.0
90.0 630.0 0.00 0.0
0.0 640.0 0.03 71.2
5.0 640.0 0.07 70.3
10.0 640.0 0.17 68.8
15.0 640.0 0.26 66.7
20.0 640.0 0.35 63.7
25.0 640.0 0.43 59.7
30.0 640.0 0.50 54.4
35.0 640.0 0.55 47.6
40.0 640.0 0.58 39.6
45.0 640.0 0.58 31.4
50.0 640.0 0.55 24.0
55.0 640.0 0.51 18.0
60.0 640.0 0.47 13.2
65.0 640.0 0.41 9.5
70.0 640.0 0.36 6.4
75.0 640.0 0.30 3.8
80.0 640.0 0.24 1.6
85.0 640.0 0.19 -0.4
90.0 640.0 0.00 0.0
0.0 650.0 0.03 61.2
5.0 650.0 0.06 60.3
10.0 650.0 0.15 58.7
15.0 650.0 0.23 56.3
20.0 650.0 0.30 53.2
25.0 650.0 0.36 49.2
30.0 650.0 0.41 44.4
35.0 650.0 0.45 39.0
40.0 650.0 0.46 33.2
45.0 650.0 0.46 27.6
50.0 650.0 0.44 22.5
55.0 650.0 0.41 17.9
60.0 650.0 0.38 14.0
65.0 650.0 0.34 10.7
70.0 650.0 0.30 7.7
75.0 650.0 0.26 5.2
80.0 650.0 0.21 2.9
85.0 650.0 0.16 0.7
90.0 650.0 0.00 0.0
0.0 660.0 0.03 51.2
5.0 660.0 0.05 50.3
10.0 660.0 0.13 48.8
15.0 660.0 0.19 46.5
20.0 660.0 0.25 43.5
25.0 660.0 0.30 40.0
30.0 660.0 0.33 36.0
35.0 660.0 0.35 31.8
40.0 660.0 0.36 27.5
45.0 660.0 0.36 23.5
50.0 660.0 0.34 19.7
55.0 660.0 0.32 16.3
60.0 660.0 0.30 13.2
65.0 660.0 0.27 10.4
70.0 660.0 0.24 7.9
75.0 660.0 0.21 5.6
80.0 660.0 0.17 3.4
85.0 660.0 0.14 1.4
90.0 660.0 0.00 0.0
0.0 670.0 0.03 41.2
5.0 670.0 0.04 40.5
10.0 670.0 0.10 39.0
15.0 670.0 0.15 37.0
20.0 670.0 0.20 34.5
25.0 670.0 0.23 31.6
30.0 670.0 0.25 28.4
35.0 670.0 0.27 25.3
40.0 670.0 0.27 22.2
45.0 670.0 0.27 19.2
50.0 670.0 0.26 16.4
55.0 670.0 0.25 13.8
60.0 670.0 0.23 11.5
65.0 670.0 0.21 9.3
70.0 670.0 0.19 7.2
75.0 670.0 0.16 5.3
80.0 670.0 0.14 3.5
85.0 670.0 0.11 1.7
90.0 670.0 0.00 0.0
0.0 680.0 0.03 31.2
5.0 680.0 0.02 30.6
10.0 680.0 0.07 29.5
15.0 680.0 0.11 27.9
20.0 680.0 0.14 25.9
25.0 680.0 0.17 23.7
30.0 680.0 0.18 21.4
35.0 680.0 0.19 19.2
40.0 680.0 0.19 17.0
45.0 680.0 0.19 14.9
50.0 680.0 0.18 12.9
55.0 680.0 0.17 11.0
60.0 680.0 0.16 9.3
65.0 680.0 0.15 7.6
70.0 680.0 0.13 6.0
75.0 680.0 0.12 4.5
80.0 680.0 0.10 3.1
85.0 680.0 0.08 1.7
90.0 680.0 0.00 0.0
0.0 690.0 0.03 21.2
5.0 690.0 0.01 20.8
10.0 690.0 0.04 20.1
15.0 690.0 0.07 19.0
20.0 690.0 0.09 17.7
25.0 690.0 0.10 16.3
30.0 690.0 0.11 14.8
35.0 690.0 0.12 13.3
40.0 690.0 0.12 11.9
45.0 690.0 0.12 10.5
50.0 690.0 0.12 9.2
55.0 690.0 0.11 8.0
60.0 690.0 0.10 6.8
65.0 690.0 0.10 5.7
70.0 690.0 0.09 4.6
75.0 690.0 0.08 3.5
80.0 690.0 0.07 2.5
85.0 690.0 0.05 1.4
90.0 690.0 0.00 0.0
0.0 700.0 0.03 11.2
5.0 700.0 0.01 11.1
10.0 700.0 0.01 10.8
15.0 700.0 0.02 10.3
20.0 700.0 0.03 9.7
25.0 700.0 0.04 9.0
30.0 700.0 0.05 8.3
35.0 700.0 0.05 7.6
40.0 700.0 0.05 6.9
45.0 700.0 0.05 6.2
50.0 700.0 0.05 5.5
55.0 700.0 0.05 4.8
60.0 700.0 0.05 4.2
65.0 700.0 0.04 3.6
70.0 700.0 0.04 2.9
75.0 700.0 0.04 2.3
80.0 700.0 0.03 1.7
85.0 700.0 0.03 1.1
90.0 700.0 0.00 0.0
0.0 710.0 0.03 1.2
5.0 710.0 0.03 1.4
10.0 710.0 0.03 1.5
15.0 710.0 0.03 1.7
20.0 710.0 0.02 1.8
25.0 710.0 0.02 1.9
30.0 710.0 0.02 1.9
35.0 710.0 0.02 1.9
40.0 710.0 0.02 1.9
45.0 710.0 0.01 1.9
50.0 710.0 0.01 1.8
55.0 710.0 0.01 1.7
60.0 710.0 0.01 1.5
65.0 710.0 0.01 1.4
70.0 710.0 0.00 1.2
75.0 710.0 0.00 1.1
80.0 710.0 0.00 0.8
85.0 710.0 0.00 0.6
90.0 710.0 0.00 0.0
0.0 720.0 0.03 -8.8
5.0 720.0 0.04 -8.4
10.0 720.0 0.06 -7.8
15.0 720.0 0.07 -7.0
20.0 720.0 0.08 -6.1
25.0 720.0 0.08 -5.3
30.0 720.0 0.09 -4.5
35.0 720.0 0.09 -3.7
40.0 720.0 0.08 -3.0
45.0 720.0 0.08 -2.4
50.0 720.0 0.07 -1.9
55.0 720.0 0.07 -1.5
60.0 720.0 0.06 -1.1
65.0 720.0 0.05 -0.7
70.0 720.0 0.05 -0.5
75.0 720.0 0.04 -0.2
80.0 720.0 0.03 0.0
85.0 720.0 0.02 0.2
90.0 720.0 0.00 0.0
