    0.00      0.00     -3.25  -150.58    -3.25      0.0000      0.00 LINEAR  1.2331E-01    -85.41  5.3081E-09    -97.16
    5.00      0.00     -3.19    -0.85     1.15      0.4607     56.96 RIGHT   1.2418E-01    -86.70  1.6264E-01   -138.68
   10.00      0.00     -3.71    -0.44     1.24      0.4289     60.74 RIGHT   1.1703E-01    -90.20  1.7057E-01   -141.15
   15.00      0.00     -6.07   -13.62    -5.36      0.2964     16.62 RIGHT   8.9208E-02    -96.33  3.7373E-02   -146.19
   20.00      0.00    -11.01    -7.90    -6.17      0.4081    -59.39 LEFT    5.0490E-02   -109.23  7.2265E-02     22.60
   25.00      0.00    -16.84    -9.24    -8.55      0.2814    -72.79 LEFT    2.5801E-02   -148.77  6.1885E-02    -16.01
   30.00      0.00    -12.67   -10.24    -8.28      0.5046    -58.64 LEFT    4.1725E-02    143.58  5.5174E-02    -93.14
   35.00      0.00     -4.22   -17.13    -4.00      0.1781      7.94 RIGHT   1.1032E-01    116.04  2.4953E-02     62.68
   40.00      0.00      0.74     0.16     3.47      0.4638     42.03 RIGHT   1.9532E-01    102.87  1.8266E-01     52.96
   45.00      0.00      1.41     1.66     4.55      0.4114     46.14 RIGHT   2.1106E-01     90.22  2.1711E-01     45.48
   50.00      0.00     -2.87    -6.26    -1.23      0.2645     32.35 RIGHT   1.2891E-01     63.52  8.7260E-02     31.35
   55.00      0.00     -6.43   -20.41    -6.26      0.1991      1.08 RIGHT   8.5530E-02    -12.02  1.7106E-02    -96.83
   60.00      0.00     -5.20    -9.58    -3.85      0.5491    -14.97 LEFT    9.8567E-02    -51.95  5.9560E-02     55.65
   65.00      0.00     -9.60    -0.77    -0.24      0.3087    -79.23 LEFT    5.9389E-02    -69.36  1.6408E-01     48.93
   70.00      0.00    -17.90    -4.72    -4.51      0.1661    -81.84 LEFT    2.2852E-02    -89.74  1.0417E-01     39.68
   75.00      0.00    -21.75    -4.45    -4.37      0.0483     82.72 RIGHT   1.4670E-02    -98.53  1.0741E-01   -119.57
   80.00      0.00    -24.79     3.27     3.28      0.0084     87.79 RIGHT   1.0330E-02   -115.86  2.6147E-01   -128.15
   85.00      0.00    -27.00     1.64     1.65      0.0323     88.98 LEFT    8.0093E-03    169.01  2.1672E-01   -129.89
   90.00      0.00   -999.99  -999.99  -999.99      0.0000      0.00         9.7915E-13    -31.53  1.4903E-11     49.75
    0.00     10.00     -3.39   -18.46    -3.25      0.0000    -10.00 LINEAR  1.2143E-01    -85.41  2.1412E-02     94.59
