# FGCom-mumble Far-Field Radiation Pattern
# Frequency: 70.15 MHz
# Altitude: 0 m
# Format: Theta Phi Gain_dBi H_Polarization V_Polarization
# Theta: Elevation angle (0-180 degrees)
# Phi: Azimuth angle (0-360 degrees)
# Gain: Antenna gain in dBi
# H_Polarization: Horizontal polarization component
# V_Polarization: Vertical polarization component
0.00 0.00 -14.74 0.0 1.0
5.00 0.00 -10.97 0.0 1.0
10.00 0.00 -8.58 0.0 1.0
15.00 0.00 -7.06 0.0 1.0
20.00 0.00 -6.19 0.0 1.0
25.00 0.00 -5.83 0.0 1.0
30.00 0.00 -5.88 0.0 1.0
35.00 0.00 -6.18 0.0 1.0
40.00 0.00 -6.51 0.0 1.0
45.00 0.00 -6.64 0.5 0.5
50.00 0.00 -6.51 0.5 0.5
55.00 0.00 -6.34 0.5 0.5
60.00 0.00 -6.48 0.5 0.5
65.00 0.00 -7.28 0.5 0.5
70.00 0.00 -9.05 0.5 0.5
75.00 0.00 -11.43 0.5 0.5
80.00 0.00 -10.24 0.5 0.5
85.00 0.00 -5.60 0.5 0.5
90.00 0.00 -1.59 0.5 0.5
95.00 0.00 1.48 0.5 0.5
100.00 0.00 3.84 0.5 0.5
105.00 0.00 5.70 0.5 0.5
110.00 0.00 7.17 0.5 0.5
115.00 0.00 8.32 0.5 0.5
120.00 0.00 9.23 0.5 0.5
125.00 0.00 9.92 0.5 0.5
130.00 0.00 10.43 0.5 0.5
135.00 0.00 10.78 0.5 0.5
140.00 0.00 10.99 1.0 0.0
145.00 0.00 11.06 1.0 0.0
150.00 0.00 10.99 1.0 0.0
155.00 0.00 10.78 1.0 0.0
160.00 0.00 10.43 1.0 0.0
165.00 0.00 9.92 1.0 0.0
170.00 0.00 9.23 1.0 0.0
175.00 0.00 8.32 1.0 0.0
180.00 0.00 7.17 1.0 0.0
0.00 5.00 -14.74 0.0 1.0
5.00 5.00 -10.98 0.0 1.0
10.00 5.00 -8.59 0.0 1.0
15.00 5.00 -7.07 0.0 1.0
20.00 5.00 -6.20 0.0 1.0
25.00 5.00 -5.84 0.0 1.0
30.00 5.00 -5.89 0.0 1.0
35.00 5.00 -6.19 0.0 1.0
40.00 5.00 -6.52 0.0 1.0
45.00 5.00 -6.66 0.5 0.5
50.00 5.00 -6.54 0.5 0.5
55.00 5.00 -6.37 0.5 0.5
60.00 5.00 -6.50 0.5 0.5
65.00 5.00 -7.28 0.5 0.5
70.00 5.00 -9.03 0.5 0.5
75.00 5.00 -11.42 0.5 0.5
80.00 5.00 -10.38 0.5 0.5
85.00 5.00 -5.77 0.5 0.5
90.00 5.00 -1.74 0.5 0.5
95.00 5.00 1.35 0.5 0.5
100.00 5.00 3.73 0.5 0.5
105.00 5.00 5.59 0.5 0.5
110.00 5.00 7.07 0.5 0.5
115.00 5.00 8.24 0.5 0.5
120.00 5.00 9.15 0.5 0.5
125.00 5.00 9.85 0.5 0.5
130.00 5.00 10.37 0.5 0.5
135.00 5.00 10.73 0.5 0.5
140.00 5.00 10.95 1.0 0.0
145.00 5.00 11.02 1.0 0.0
150.00 5.00 10.96 1.0 0.0
155.00 5.00 10.76 1.0 0.0
160.00 5.00 10.41 1.0 0.0
165.00 5.00 9.91 1.0 0.0
170.00 5.00 9.22 1.0 0.0
175.00 5.00 8.32 1.0 0.0
180.00 5.00 7.17 1.0 0.0
0.00 10.00 -14.74 0.0 1.0
5.00 10.00 -11.01 0.0 1.0
10.00 10.00 -8.63 0.0 1.0
15.00 10.00 -7.12 0.0 1.0
20.00 10.00 -6.24 0.0 1.0
25.00 10.00 -5.88 0.0 1.0
30.00 10.00 -5.91 0.0 1.0
35.00 10.00 -6.22 0.0 1.0
40.00 10.00 -6.56 0.0 1.0
45.00 10.00 -6.72 0.5 0.5
50.00 10.00 -6.61 0.5 0.5
55.00 10.00 -6.45 0.5 0.5
60.00 10.00 -6.57 0.5 0.5
65.00 10.00 -7.31 0.5 0.5
70.00 10.00 -8.98 0.5 0.5
75.00 10.00 -11.39 0.5 0.5
80.00 10.00 -10.78 0.5 0.5
85.00 10.00 -6.28 0.5 0.5
90.00 10.00 -2.19 0.5 0.5
95.00 10.00 0.95 0.5 0.5
100.00 10.00 3.38 0.5 0.5
105.00 10.00 5.28 0.5 0.5
110.00 10.00 6.79 0.5 0.5
115.00 10.00 7.98 0.5 0.5
120.00 10.00 8.93 0.5 0.5
125.00 10.00 9.65 0.5 0.5
130.00 10.00 10.20 0.5 0.5
135.00 10.00 10.58 0.5 0.5
140.00 10.00 10.81 1.0 0.0
145.00 10.00 10.91 1.0 0.0
150.00 10.00 10.87 1.0 0.0
155.00 10.00 10.68 1.0 0.0
160.00 10.00 10.36 1.0 0.0
165.00 10.00 9.86 1.0 0.0
170.00 10.00 9.19 1.0 0.0
175.00 10.00 8.30 1.0 0.0
180.00 10.00 7.17 1.0 0.0
0.00 15.00 -14.74 0.0 1.0
5.00 15.00 -11.06 0.0 1.0
10.00 15.00 -8.70 0.0 1.0
15.00 15.00 -7.19 0.0 1.0
20.00 15.00 -6.31 0.0 1.0
25.00 15.00 -5.93 0.0 1.0
30.00 15.00 -5.96 0.0 1.0
35.00 15.00 -6.26 0.0 1.0
40.00 15.00 -6.62 0.0 1.0
45.00 15.00 -6.81 0.5 0.5
50.00 15.00 -6.74 0.5 0.5
55.00 15.00 -6.59 0.5 0.5
60.00 15.00 -6.69 0.5 0.5
65.00 15.00 -7.36 0.5 0.5
70.00 15.00 -8.92 0.5 0.5
75.00 15.00 -11.30 0.5 0.5
80.00 15.00 -11.36 0.5 0.5
85.00 15.00 -7.12 0.5 0.5
90.00 15.00 -2.94 0.5 0.5
95.00 15.00 0.29 0.5 0.5
100.00 15.00 2.79 0.5 0.5
105.00 15.00 4.75 0.5 0.5
110.00 15.00 6.31 0.5 0.5
115.00 15.00 7.56 0.5 0.5
120.00 15.00 8.54 0.5 0.5
125.00 15.00 9.31 0.5 0.5
130.00 15.00 9.90 0.5 0.5
135.00 15.00 10.32 0.5 0.5
140.00 15.00 10.59 1.0 0.0
145.00 15.00 10.72 1.0 0.0
150.00 15.00 10.71 1.0 0.0
155.00 15.00 10.56 1.0 0.0
160.00 15.00 10.26 1.0 0.0
165.00 15.00 9.79 1.0 0.0
170.00 15.00 9.14 1.0 0.0
175.00 15.00 8.28 1.0 0.0
180.00 15.00 7.17 1.0 0.0
0.00 20.00 -14.74 0.0 1.0
5.00 20.00 -11.14 0.0 1.0
10.00 20.00 -8.80 0.0 1.0
15.00 20.00 -7.29 0.0 1.0
20.00 20.00 -6.40 0.0 1.0
25.00 20.00 -6.02 0.0 1.0
30.00 20.00 -6.04 0.0 1.0
35.00 20.00 -6.33 0.0 1.0
40.00 20.00 -6.71 0.0 1.0
45.00 20.00 -6.94 0.5 0.5
50.00 20.00 -6.92 0.5 0.5
55.00 20.00 -6.79 0.5 0.5
60.00 20.00 -6.86 0.5 0.5
65.00 20.00 -7.45 0.5 0.5
70.00 20.00 -8.86 0.5 0.5
75.00 20.00 -11.15 0.5 0.5
80.00 20.00 -12.01 0.5 0.5
85.00 20.00 -8.28 0.5 0.5
90.00 20.00 -4.01 0.5 0.5
95.00 20.00 -0.65 0.5 0.5
100.00 20.00 1.95 0.5 0.5
105.00 20.00 4.01 0.5 0.5
110.00 20.00 5.64 0.5 0.5
115.00 20.00 6.96 0.5 0.5
120.00 20.00 8.01 0.5 0.5
125.00 20.00 8.84 0.5 0.5
130.00 20.00 9.48 0.5 0.5
135.00 20.00 9.96 0.5 0.5
140.00 20.00 10.28 1.0 0.0
145.00 20.00 10.46 1.0 0.0
150.00 20.00 10.49 1.0 0.0
155.00 20.00 10.38 1.0 0.0
160.00 20.00 10.12 1.0 0.0
165.00 20.00 9.69 1.0 0.0
170.00 20.00 9.08 1.0 0.0
175.00 20.00 8.25 1.0 0.0
180.00 20.00 7.17 1.0 0.0
0.00 25.00 -14.74 0.0 1.0
5.00 25.00 -11.23 0.0 1.0
10.00 25.00 -8.92 0.0 1.0
15.00 25.00 -7.42 0.0 1.0
20.00 25.00 -6.52 0.0 1.0
25.00 25.00 -6.12 0.0 1.0
30.00 25.00 -6.13 0.0 1.0
35.00 25.00 -6.42 0.0 1.0
40.00 25.00 -6.82 0.0 1.0
45.00 25.00 -7.10 0.5 0.5
50.00 25.00 -7.14 0.5 0.5
55.00 25.00 -7.04 0.5 0.5
60.00 25.00 -7.09 0.5 0.5
65.00 25.00 -7.59 0.5 0.5
70.00 25.00 -8.83 0.5 0.5
75.00 25.00 -10.95 0.5 0.5
80.00 25.00 -12.53 0.5 0.5
85.00 25.00 -9.72 0.5 0.5
90.00 25.00 -5.41 0.5 0.5
95.00 25.00 -1.88 0.5 0.5
100.00 25.00 0.86 0.5 0.5
105.00 25.00 3.03 0.5 0.5
110.00 25.00 4.77 0.5 0.5
115.00 25.00 6.18 0.5 0.5
120.00 25.00 7.31 0.5 0.5
125.00 25.00 8.23 0.5 0.5
130.00 25.00 8.95 0.5 0.5
135.00 25.00 9.49 0.5 0.5
140.00 25.00 9.88 1.0 0.0
145.00 25.00 10.12 1.0 0.0
150.00 25.00 10.22 1.0 0.0
155.00 25.00 10.16 1.0 0.0
160.00 25.00 9.95 1.0 0.0
165.00 25.00 9.57 1.0 0.0
170.00 25.00 8.99 1.0 0.0
175.00 25.00 8.20 1.0 0.0
180.00 25.00 7.17 1.0 0.0
0.00 30.00 -14.74 0.0 1.0
5.00 30.00 -11.35 0.0 1.0
10.00 30.00 -9.08 0.0 1.0
15.00 30.00 -7.58 0.0 1.0
20.00 30.00 -6.67 0.0 1.0
25.00 30.00 -6.26 0.0 1.0
30.00 30.00 -6.25 0.0 1.0
35.00 30.00 -6.53 0.0 1.0
40.00 30.00 -6.94 0.0 1.0
45.00 30.00 -7.28 0.5 0.5
50.00 30.00 -7.39 0.5 0.5
55.00 30.00 -7.35 0.5 0.5
60.00 30.00 -7.39 0.5 0.5
65.00 30.00 -7.80 0.5 0.5
70.00 30.00 -8.86 0.5 0.5
75.00 30.00 -10.75 0.5 0.5
80.00 30.00 -12.78 0.5 0.5
85.00 30.00 -11.30 0.5 0.5
90.00 30.00 -7.13 0.5 0.5
95.00 30.00 -3.42 0.5 0.5
100.00 30.00 -0.50 0.5 0.5
105.00 30.00 1.82 0.5 0.5
110.00 30.00 3.69 0.5 0.5
115.00 30.00 5.21 0.5 0.5
120.00 30.00 6.46 0.5 0.5
125.00 30.00 7.47 0.5 0.5
130.00 30.00 8.29 0.5 0.5
135.00 30.00 8.93 0.5 0.5
140.00 30.00 9.40 1.0 0.0
145.00 30.00 9.72 1.0 0.0
150.00 30.00 9.88 1.0 0.0
155.00 30.00 9.89 1.0 0.0
160.00 30.00 9.74 1.0 0.0
165.00 30.00 9.41 1.0 0.0
170.00 30.00 8.89 1.0 0.0
175.00 30.00 8.15 1.0 0.0
180.00 30.00 7.17 1.0 0.0
0.00 35.00 -14.74 0.0 1.0
5.00 35.00 -11.49 0.0 1.0
10.00 35.00 -9.27 0.0 1.0
15.00 35.00 -7.77 0.0 1.0
20.00 35.00 -6.86 0.0 1.0
25.00 35.00 -6.43 0.0 1.0
30.00 35.00 -6.39 0.0 1.0
35.00 35.00 -6.67 0.0 1.0
40.00 35.00 -7.09 0.0 1.0
45.00 35.00 -7.48 0.5 0.5
50.00 35.00 -7.68 0.5 0.5
55.00 35.00 -7.71 0.5 0.5
60.00 35.00 -7.76 0.5 0.5
65.00 35.00 -8.10 0.5 0.5
70.00 35.00 -8.98 0.5 0.5
75.00 35.00 -10.61 0.5 0.5
80.00 35.00 -12.76 0.5 0.5
85.00 35.00 -12.76 0.5 0.5
90.00 35.00 -9.14 0.5 0.5
95.00 35.00 -5.28 0.5 0.5
100.00 35.00 -2.15 0.5 0.5
105.00 35.00 0.36 0.5 0.5
110.00 35.00 2.39 0.5 0.5
115.00 35.00 4.06 0.5 0.5
120.00 35.00 5.44 0.5 0.5
125.00 35.00 6.58 0.5 0.5
130.00 35.00 7.51 0.5 0.5
135.00 35.00 8.26 0.5 0.5
140.00 35.00 8.83 1.0 0.0
145.00 35.00 9.24 1.0 0.0
150.00 35.00 9.49 1.0 0.0
155.00 35.00 9.58 1.0 0.0
160.00 35.00 9.49 1.0 0.0
165.00 35.00 9.23 1.0 0.0
170.00 35.00 8.77 1.0 0.0
175.00 35.00 8.09 1.0 0.0
180.00 35.00 7.17 1.0 0.0
0.00 40.00 -14.74 0.0 1.0
5.00 40.00 -11.65 0.0 1.0
10.00 40.00 -9.48 0.0 1.0
15.00 40.00 -8.01 0.0 1.0
20.00 40.00 -7.08 0.0 1.0
25.00 40.00 -6.63 0.0 1.0
30.00 40.00 -6.57 0.0 1.0
35.00 40.00 -6.83 0.0 1.0
40.00 40.00 -7.26 0.0 1.0
45.00 40.00 -7.71 0.5 0.5
50.00 40.00 -8.00 0.5 0.5
55.00 40.00 -8.10 0.5 0.5
60.00 40.00 -8.19 0.5 0.5
65.00 40.00 -8.48 0.5 0.5
70.00 40.00 -9.22 0.5 0.5
75.00 40.00 -10.60 0.5 0.5
80.00 40.00 -12.60 0.5 0.5
85.00 40.00 -13.76 0.5 0.5
90.00 40.00 -11.30 0.5 0.5
95.00 40.00 -7.44 0.5 0.5
100.00 40.00 -4.09 0.5 0.5
105.00 40.00 -1.37 0.5 0.5
110.00 40.00 0.86 0.5 0.5
115.00 40.00 2.71 0.5 0.5
120.00 40.00 4.25 0.5 0.5
125.00 40.00 5.54 0.5 0.5
130.00 40.00 6.62 0.5 0.5
135.00 40.00 7.49 0.5 0.5
140.00 40.00 8.18 1.0 0.0
145.00 40.00 8.70 1.0 0.0
150.00 40.00 9.04 1.0 0.0
155.00 40.00 9.22 1.0 0.0
160.00 40.00 9.22 1.0 0.0
165.00 40.00 9.03 1.0 0.0
170.00 40.00 8.64 1.0 0.0
175.00 40.00 8.03 1.0 0.0
180.00 40.00 7.17 1.0 0.0
0.00 45.00 -14.74 0.0 1.0
5.00 45.00 -11.84 0.0 1.0
10.00 45.00 -9.74 0.0 1.0
15.00 45.00 -8.27 0.0 1.0
20.00 45.00 -7.34 0.0 1.0
25.00 45.00 -6.86 0.0 1.0
30.00 45.00 -6.78 0.0 1.0
35.00 45.00 -7.02 0.0 1.0
40.00 45.00 -7.46 0.0 1.0
45.00 45.00 -7.95 0.5 0.5
50.00 45.00 -8.33 0.5 0.5
55.00 45.00 -8.54 0.5 0.5
60.00 45.00 -8.68 0.5 0.5
65.00 45.00 -8.96 0.5 0.5
70.00 45.00 -9.58 0.5 0.5
75.00 45.00 -10.74 0.5 0.5
80.00 45.00 -12.49 0.5 0.5
85.00 45.00 -14.20 0.5 0.5
90.00 45.00 -13.31 0.5 0.5
95.00 45.00 -9.84 0.5 0.5
100.00 45.00 -6.32 0.5 0.5
105.00 45.00 -3.37 0.5 0.5
110.00 45.00 -0.91 0.5 0.5
115.00 45.00 1.15 0.5 0.5
120.00 45.00 2.89 0.5 0.5
125.00 45.00 4.36 0.5 0.5
130.00 45.00 5.60 0.5 0.5
135.00 45.00 6.63 0.5 0.5
140.00 45.00 7.45 1.0 0.0
145.00 45.00 8.09 1.0 0.0
150.00 45.00 8.55 1.0 0.0
155.00 45.00 8.82 1.0 0.0
160.00 45.00 8.91 1.0 0.0
165.00 45.00 8.80 1.0 0.0
170.00 45.00 8.49 1.0 0.0
175.00 45.00 7.95 1.0 0.0
180.00 45.00 7.17 1.0 0.0
0.00 50.00 -14.74 0.0 1.0
5.00 50.00 -12.04 0.0 1.0
10.00 50.00 -10.03 0.0 1.0
15.00 50.00 -8.58 0.0 1.0
20.00 50.00 -7.64 0.0 1.0
25.00 50.00 -7.14 0.0 1.0
30.00 50.00 -7.03 0.0 1.0
35.00 50.00 -7.24 0.0 1.0
40.00 50.00 -7.68 0.0 1.0
45.00 50.00 -8.21 0.5 0.5
50.00 50.00 -8.68 0.5 0.5
55.00 50.00 -8.99 0.5 0.5
60.00 50.00 -9.21 0.5 0.5
65.00 50.00 -9.51 0.5 0.5
70.00 50.00 -10.07 0.5 0.5
75.00 50.00 -11.06 0.5 0.5
80.00 50.00 -12.57 0.5 0.5
85.00 50.00 -14.33 0.5 0.5
90.00 50.00 -14.76 0.5 0.5
95.00 50.00 -12.29 0.5 0.5
100.00 50.00 -8.81 0.5 0.5
105.00 50.00 -5.63 0.5 0.5
110.00 50.00 -2.92 0.5 0.5
115.00 50.00 -0.61 0.5 0.5
120.00 50.00 1.36 0.5 0.5
125.00 50.00 3.04 0.5 0.5
130.00 50.00 4.47 0.5 0.5
135.00 50.00 5.67 0.5 0.5
140.00 50.00 6.65 1.0 0.0
145.00 50.00 7.42 1.0 0.0
150.00 50.00 8.00 1.0 0.0
155.00 50.00 8.38 1.0 0.0
160.00 50.00 8.57 1.0 0.0
165.00 50.00 8.55 1.0 0.0
170.00 50.00 8.32 1.0 0.0
175.00 50.00 7.87 1.0 0.0
180.00 50.00 7.17 1.0 0.0
0.00 55.00 -14.74 0.0 1.0
5.00 55.00 -12.27 0.0 1.0
10.00 55.00 -10.35 0.0 1.0
15.00 55.00 -8.94 0.0 1.0
20.00 55.00 -7.99 0.0 1.0
25.00 55.00 -7.46 0.0 1.0
30.00 55.00 -7.32 0.0 1.0
35.00 55.00 -7.50 0.0 1.0
40.00 55.00 -7.93 0.0 1.0
45.00 55.00 -8.50 0.5 0.5
50.00 55.00 -9.04 0.5 0.5
55.00 55.00 -9.46 0.5 0.5
60.00 55.00 -9.78 0.5 0.5
65.00 55.00 -10.13 0.5 0.5
70.00 55.00 -10.68 0.5 0.5
75.00 55.00 -11.57 0.5 0.5
80.00 55.00 -12.88 0.5 0.5
85.00 55.00 -14.51 0.5 0.5
90.00 55.00 -15.60 0.5 0.5
95.00 55.00 -14.43 0.5 0.5
100.00 55.00 -11.39 0.5 0.5
105.00 55.00 -8.11 0.5 0.5
110.00 55.00 -5.15 0.5 0.5
115.00 55.00 -2.57 0.5 0.5
120.00 55.00 -0.34 0.5 0.5
125.00 55.00 1.58 0.5 0.5
130.00 55.00 3.23 0.5 0.5
135.00 55.00 4.62 0.5 0.5
140.00 55.00 5.77 1.0 0.0
145.00 55.00 6.70 1.0 0.0
150.00 55.00 7.41 1.0 0.0
155.00 55.00 7.91 1.0 0.0
160.00 55.00 8.20 1.0 0.0
165.00 55.00 8.28 1.0 0.0
170.00 55.00 8.15 1.0 0.0
175.00 55.00 7.78 1.0 0.0
180.00 55.00 7.17 1.0 0.0
0.00 60.00 -14.74 0.0 1.0
5.00 60.00 -12.53 0.0 1.0
10.00 60.00 -10.72 0.0 1.0
15.00 60.00 -9.34 0.0 1.0
20.00 60.00 -8.39 0.0 1.0
25.00 60.00 -7.83 0.0 1.0
30.00 60.00 -7.65 0.0 1.0
35.00 60.00 -7.80 0.0 1.0
40.00 60.00 -8.22 0.0 1.0
45.00 60.00 -8.80 0.5 0.5
50.00 60.00 -9.41 0.5 0.5
55.00 60.00 -9.94 0.5 0.5
60.00 60.00 -10.36 0.5 0.5
65.00 60.00 -10.79 0.5 0.5
70.00 60.00 -11.37 0.5 0.5
75.00 60.00 -12.25 0.5 0.5
80.00 60.00 -13.47 0.5 0.5
85.00 60.00 -14.95 0.5 0.5
90.00 60.00 -16.21 0.5 0.5
95.00 60.00 -16.01 0.5 0.5
100.00 60.00 -13.80 0.5 0.5
105.00 60.00 -10.69 0.5 0.5
110.00 60.00 -7.57 0.5 0.5
115.00 60.00 -4.72 0.5 0.5
120.00 60.00 -2.20 0.5 0.5
125.00 60.00 -0.01 0.5 0.5
130.00 60.00 1.88 0.5 0.5
135.00 60.00 3.49 0.5 0.5
140.00 60.00 4.83 1.0 0.0
145.00 60.00 5.92 1.0 0.0
150.00 60.00 6.78 1.0 0.0
155.00 60.00 7.40 1.0 0.0
160.00 60.00 7.81 1.0 0.0
165.00 60.00 8.00 1.0 0.0
170.00 60.00 7.96 1.0 0.0
175.00 60.00 7.69 1.0 0.0
180.00 60.00 7.17 1.0 0.0
0.00 65.00 -14.74 0.0 1.0
5.00 65.00 -12.80 0.0 1.0
10.00 65.00 -11.13 0.0 1.0
15.00 65.00 -9.80 0.0 1.0
20.00 65.00 -8.85 0.0 1.0
25.00 65.00 -8.26 0.0 1.0
30.00 65.00 -8.04 0.0 1.0
35.00 65.00 -8.15 0.0 1.0
40.00 65.00 -8.55 0.0 1.0
45.00 65.00 -9.14 0.5 0.5
50.00 65.00 -9.80 0.5 0.5
55.00 65.00 -10.42 0.5 0.5
60.00 65.00 -10.95 0.5 0.5
65.00 65.00 -11.47 0.5 0.5
70.00 65.00 -12.12 0.5 0.5
75.00 65.00 -13.03 0.5 0.5
80.00 65.00 -14.28 0.5 0.5
85.00 65.00 -15.75 0.5 0.5
90.00 65.00 -17.02 0.5 0.5
95.00 65.00 -17.24 0.5 0.5
100.00 65.00 -15.80 0.5 0.5
105.00 65.00 -13.15 0.5 0.5
110.00 65.00 -10.07 0.5 0.5
115.00 65.00 -7.01 0.5 0.5
120.00 65.00 -4.20 0.5 0.5
125.00 65.00 -1.72 0.5 0.5
130.00 65.00 0.44 0.5 0.5
135.00 65.00 2.28 0.5 0.5
140.00 65.00 3.83 1.0 0.0
145.00 65.00 5.09 1.0 0.0
150.00 65.00 6.10 1.0 0.0
155.00 65.00 6.87 1.0 0.0
160.00 65.00 7.40 1.0 0.0
165.00 65.00 7.70 1.0 0.0
170.00 65.00 7.76 1.0 0.0
175.00 65.00 7.59 1.0 0.0
180.00 65.00 7.17 1.0 0.0
0.00 70.00 -14.74 0.0 1.0
5.00 70.00 -13.10 0.0 1.0
10.00 70.00 -11.59 0.0 1.0
15.00 70.00 -10.32 0.0 1.0
20.00 70.00 -9.37 0.0 1.0
25.00 70.00 -8.76 0.0 1.0
30.00 70.00 -8.49 0.0 1.0
35.00 70.00 -8.56 0.0 1.0
40.00 70.00 -8.92 0.0 1.0
45.00 70.00 -9.51 0.5 0.5
50.00 70.00 -10.22 0.5 0.5
55.00 70.00 -10.92 0.5 0.5
60.00 70.00 -11.55 0.5 0.5
65.00 70.00 -12.15 0.5 0.5
70.00 70.00 -12.86 0.5 0.5
75.00 70.00 -13.86 0.5 0.5
80.00 70.00 -15.23 0.5 0.5
85.00 70.00 -16.88 0.5 0.5
90.00 70.00 -18.31 0.5 0.5
95.00 70.00 -18.62 0.5 0.5
100.00 70.00 -17.46 0.5 0.5
105.00 70.00 -15.29 0.5 0.5
110.00 70.00 -12.47 0.5 0.5
115.00 70.00 -9.36 0.5 0.5
120.00 70.00 -6.31 0.5 0.5
125.00 70.00 -3.53 0.5 0.5
130.00 70.00 -1.09 0.5 0.5
135.00 70.00 1.01 0.5 0.5
140.00 70.00 2.77 1.0 0.0
145.00 70.00 4.23 1.0 0.0
150.00 70.00 5.40 1.0 0.0
155.00 70.00 6.31 1.0 0.0
160.00 70.00 6.96 1.0 0.0
165.00 70.00 7.38 1.0 0.0
170.00 70.00 7.55 1.0 0.0
175.00 70.00 7.48 1.0 0.0
180.00 70.00 7.17 1.0 0.0
0.00 75.00 -14.74 0.0 1.0
5.00 75.00 -13.43 0.0 1.0
10.00 75.00 -12.10 0.0 1.0
15.00 75.00 -10.91 0.0 1.0
20.00 75.00 -9.97 0.0 1.0
25.00 75.00 -9.33 0.0 1.0
30.00 75.00 -9.01 0.0 1.0
35.00 75.00 -9.02 0.0 1.0
40.00 75.00 -9.34 0.0 1.0
45.00 75.00 -9.91 0.5 0.5
50.00 75.00 -10.65 0.5 0.5
55.00 75.00 -11.43 0.5 0.5
60.00 75.00 -12.15 0.5 0.5
65.00 75.00 -12.82 0.5 0.5
70.00 75.00 -13.58 0.5 0.5
75.00 75.00 -14.63 0.5 0.5
80.00 75.00 -16.15 0.5 0.5
85.00 75.00 -18.17 0.5 0.5
90.00 75.00 -20.14 0.5 0.5
95.00 75.00 -20.61 0.5 0.5
100.00 75.00 -19.20 0.5 0.5
105.00 75.00 -17.10 0.5 0.5
110.00 75.00 -14.62 0.5 0.5
115.00 75.00 -11.66 0.5 0.5
120.00 75.00 -8.47 0.5 0.5
125.00 75.00 -5.42 0.5 0.5
130.00 75.00 -2.69 0.5 0.5
135.00 75.00 -0.33 0.5 0.5
140.00 75.00 1.66 1.0 0.0
145.00 75.00 3.32 1.0 0.0
150.00 75.00 4.66 1.0 0.0
155.00 75.00 5.72 1.0 0.0
160.00 75.00 6.51 1.0 0.0
165.00 75.00 7.05 1.0 0.0
170.00 75.00 7.33 1.0 0.0
175.00 75.00 7.38 1.0 0.0
180.00 75.00 7.17 1.0 0.0
0.00 80.00 -14.74 0.0 1.0
5.00 80.00 -13.78 0.0 1.0
10.00 80.00 -12.66 0.0 1.0
15.00 80.00 -11.58 0.0 1.0
20.00 80.00 -10.66 0.0 1.0
25.00 80.00 -9.99 0.0 1.0
30.00 80.00 -9.61 0.0 1.0
35.00 80.00 -9.55 0.0 1.0
40.00 80.00 -9.81 0.0 1.0
45.00 80.00 -10.35 0.5 0.5
50.00 80.00 -11.10 0.5 0.5
55.00 80.00 -11.94 0.5 0.5
60.00 80.00 -12.75 0.5 0.5
65.00 80.00 -13.49 0.5 0.5
70.00 80.00 -14.26 0.5 0.5
75.00 80.00 -15.29 0.5 0.5
80.00 80.00 -16.85 0.5 0.5
85.00 80.00 -19.19 0.5 0.5
90.00 80.00 -22.13 0.5 0.5
95.00 80.00 -23.45 0.5 0.5
100.00 80.00 -21.39 0.5 0.5
105.00 80.00 -18.80 0.5 0.5
110.00 80.00 -16.44 0.5 0.5
115.00 80.00 -13.77 0.5 0.5
120.00 80.00 -10.63 0.5 0.5
125.00 80.00 -7.37 0.5 0.5
130.00 80.00 -4.36 0.5 0.5
135.00 80.00 -1.73 0.5 0.5
140.00 80.00 0.51 1.0 0.0
145.00 80.00 2.37 1.0 0.0
150.00 80.00 3.90 1.0 0.0
155.00 80.00 5.11 1.0 0.0
160.00 80.00 6.05 1.0 0.0
165.00 80.00 6.71 1.0 0.0
170.00 80.00 7.11 1.0 0.0
175.00 80.00 7.26 1.0 0.0
180.00 80.00 7.17 1.0 0.0
0.00 85.00 -14.74 0.0 1.0
5.00 85.00 -14.15 0.0 1.0
10.00 85.00 -13.29 0.0 1.0
15.00 85.00 -12.34 0.0 1.0
20.00 85.00 -11.45 0.0 1.0
25.00 85.00 -10.75 0.0 1.0
30.00 85.00 -10.31 0.0 1.0
35.00 85.00 -10.17 0.0 1.0
40.00 85.00 -10.34 0.0 1.0
45.00 85.00 -10.82 0.5 0.5
50.00 85.00 -11.55 0.5 0.5
55.00 85.00 -12.44 0.5 0.5
60.00 85.00 -13.34 0.5 0.5
65.00 85.00 -14.14 0.5 0.5
70.00 85.00 -14.89 0.5 0.5
75.00 85.00 -15.80 0.5 0.5
80.00 85.00 -17.19 0.5 0.5
85.00 85.00 -19.43 0.5 0.5
90.00 85.00 -22.83 0.5 0.5
95.00 85.00 -25.86 0.5 0.5
100.00 85.00 -23.70 0.5 0.5
105.00 85.00 -20.36 0.5 0.5
110.00 85.00 -17.90 0.5 0.5
115.00 85.00 -15.58 0.5 0.5
120.00 85.00 -12.70 0.5 0.5
125.00 85.00 -9.37 0.5 0.5
130.00 85.00 -6.10 0.5 0.5
135.00 85.00 -3.19 0.5 0.5
140.00 85.00 -0.70 1.0 0.0
145.00 85.00 1.39 1.0 0.0
150.00 85.00 3.11 1.0 0.0
155.00 85.00 4.49 1.0 0.0
160.00 85.00 5.57 1.0 0.0
165.00 85.00 6.36 1.0 0.0
170.00 85.00 6.88 1.0 0.0
175.00 85.00 7.15 1.0 0.0
180.00 85.00 7.17 1.0 0.0
0.00 90.00 -14.74 0.0 1.0
5.00 90.00 -14.54 0.0 1.0
10.00 90.00 -13.98 0.0 1.0
15.00 90.00 -13.20 0.0 1.0
20.00 90.00 -12.38 0.0 1.0
25.00 90.00 -11.65 0.0 1.0
30.00 90.00 -11.13 0.0 1.0
35.00 90.00 -10.88 0.0 1.0
40.00 90.00 -10.94 0.0 1.0
45.00 90.00 -11.33 0.5 0.5
50.00 90.00 -12.01 0.5 0.5
55.00 90.00 -12.90 0.5 0.5
60.00 90.00 -13.87 0.5 0.5
65.00 90.00 -14.75 0.5 0.5
70.00 90.00 -15.46 0.5 0.5
75.00 90.00 -16.18 0.5 0.5
80.00 90.00 -17.20 0.5 0.5
85.00 90.00 -18.85 0.5 0.5
90.00 90.00 -21.38 0.5 0.5
95.00 90.00 -24.13 0.5 0.5
100.00 90.00 -23.78 0.5 0.5
105.00 90.00 -21.03 0.5 0.5
110.00 90.00 -18.74 0.5 0.5
115.00 90.00 -16.87 0.5 0.5
120.00 90.00 -14.54 0.5 0.5
125.00 90.00 -11.36 0.5 0.5
130.00 90.00 -7.91 0.5 0.5
135.00 90.00 -4.71 0.5 0.5
140.00 90.00 -1.95 1.0 0.0
145.00 90.00 0.38 1.0 0.0
150.00 90.00 2.29 1.0 0.0
155.00 90.00 3.85 1.0 0.0
160.00 90.00 5.08 1.0 0.0
165.00 90.00 6.00 1.0 0.0
170.00 90.00 6.65 1.0 0.0
175.00 90.00 7.04 1.0 0.0
180.00 90.00 7.17 1.0 0.0
0.00 95.00 -14.74 0.0 1.0
5.00 95.00 -14.95 0.0 1.0
10.00 95.00 -14.74 0.0 1.0
15.00 95.00 -14.19 0.0 1.0
20.00 95.00 -13.46 0.0 1.0
25.00 95.00 -12.71 0.0 1.0
30.00 95.00 -12.10 0.0 1.0
35.00 95.00 -11.72 0.0 1.0
40.00 95.00 -11.64 0.0 1.0
45.00 95.00 -11.89 0.5 0.5
50.00 95.00 -12.45 0.5 0.5
55.00 95.00 -13.29 0.5 0.5
60.00 95.00 -14.28 0.5 0.5
65.00 95.00 -15.22 0.5 0.5
70.00 95.00 -15.92 0.5 0.5
75.00 95.00 -16.43 0.5 0.5
80.00 95.00 -16.99 0.5 0.5
85.00 95.00 -17.90 0.5 0.5
90.00 95.00 -19.26 0.5 0.5
95.00 95.00 -20.72 0.5 0.5
100.00 95.00 -21.10 0.5 0.5
105.00 95.00 -19.97 0.5 0.5
110.00 95.00 -18.49 0.5 0.5
115.00 95.00 -17.28 0.5 0.5
120.00 95.00 -15.83 0.5 0.5
125.00 95.00 -13.24 0.5 0.5
130.00 95.00 -9.78 0.5 0.5
135.00 95.00 -6.31 0.5 0.5
140.00 95.00 -3.25 1.0 0.0
145.00 95.00 -0.68 1.0 0.0
150.00 95.00 1.46 1.0 0.0
155.00 95.00 3.19 1.0 0.0
160.00 95.00 4.58 1.0 0.0
165.00 95.00 5.65 1.0 0.0
170.00 95.00 6.42 1.0 0.0
175.00 95.00 6.92 1.0 0.0
180.00 95.00 7.17 1.0 0.0
0.00 100.00 -14.74 0.0 1.0
5.00 100.00 -15.39 0.0 1.0
10.00 100.00 -15.59 0.0 1.0
15.00 100.00 -15.33 0.0 1.0
20.00 100.00 -14.74 0.0 1.0
25.00 100.00 -13.99 0.0 1.0
30.00 100.00 -13.28 0.0 1.0
35.00 100.00 -12.74 0.0 1.0
40.00 100.00 -12.47 0.0 1.0
45.00 100.00 -12.52 0.5 0.5
50.00 100.00 -12.90 0.5 0.5
55.00 100.00 -13.60 0.5 0.5
60.00 100.00 -14.51 0.5 0.5
65.00 100.00 -15.44 0.5 0.5
70.00 100.00 -16.13 0.5 0.5
75.00 100.00 -16.48 0.5 0.5
80.00 100.00 -16.65 0.5 0.5
85.00 100.00 -16.93 0.5 0.5
90.00 100.00 -17.43 0.5 0.5
95.00 100.00 -18.02 0.5 0.5
100.00 100.00 -18.27 0.5 0.5
105.00 100.00 -17.90 0.5 0.5
110.00 100.00 -17.21 0.5 0.5
115.00 100.00 -16.65 0.5 0.5
120.00 100.00 -16.14 0.5 0.5
125.00 100.00 -14.69 0.5 0.5
130.00 100.00 -11.64 0.5 0.5
135.00 100.00 -7.99 0.5 0.5
140.00 100.00 -4.62 1.0 0.0
145.00 100.00 -1.77 1.0 0.0
150.00 100.00 0.60 1.0 0.0
155.00 100.00 2.53 1.0 0.0
160.00 100.00 4.07 1.0 0.0
165.00 100.00 5.28 1.0 0.0
170.00 100.00 6.19 1.0 0.0
175.00 100.00 6.81 1.0 0.0
180.00 100.00 7.17 1.0 0.0
0.00 105.00 -14.74 0.0 1.0
5.00 105.00 -15.84 0.0 1.0
10.00 105.00 -16.51 0.0 1.0
15.00 105.00 -16.65 0.0 1.0
20.00 105.00 -16.27 0.0 1.0
25.00 105.00 -15.56 0.0 1.0
30.00 105.00 -14.73 0.0 1.0
35.00 105.00 -13.99 0.0 1.0
40.00 105.00 -13.47 0.0 1.0
45.00 105.00 -13.26 0.5 0.5
50.00 105.00 -13.38 0.5 0.5
55.00 105.00 -13.83 0.5 0.5
60.00 105.00 -14.54 0.5 0.5
65.00 105.00 -15.35 0.5 0.5
70.00 105.00 -15.98 0.5 0.5
75.00 105.00 -16.23 0.5 0.5
80.00 105.00 -16.17 0.5 0.5
85.00 105.00 -16.03 0.5 0.5
90.00 105.00 -15.99 0.5 0.5
95.00 105.00 -16.06 0.5 0.5
100.00 105.00 -16.06 0.5 0.5
105.00 105.00 -15.85 0.5 0.5
110.00 105.00 -15.52 0.5 0.5
115.00 105.00 -15.33 0.5 0.5
120.00 105.00 -15.42 0.5 0.5
125.00 105.00 -15.22 0.5 0.5
130.00 105.00 -13.27 0.5 0.5
135.00 105.00 -9.72 0.5 0.5
140.00 105.00 -6.06 1.0 0.0
145.00 105.00 -2.90 1.0 0.0
150.00 105.00 -0.28 1.0 0.0
155.00 105.00 1.85 1.0 0.0
160.00 105.00 3.57 1.0 0.0
165.00 105.00 4.92 1.0 0.0
170.00 105.00 5.96 1.0 0.0
175.00 105.00 6.70 1.0 0.0
180.00 105.00 7.17 1.0 0.0
0.00 110.00 -14.74 0.0 1.0
5.00 110.00 -16.31 0.0 1.0
10.00 110.00 -17.53 0.0 1.0
15.00 110.00 -18.18 0.0 1.0
20.00 110.00 -18.15 0.0 1.0
25.00 110.00 -17.53 0.0 1.0
30.00 110.00 -16.58 0.0 1.0
35.00 110.00 -15.58 0.0 1.0
40.00 110.00 -14.74 0.0 1.0
45.00 110.00 -14.17 0.5 0.5
50.00 110.00 -13.94 0.5 0.5
55.00 110.00 -14.05 0.5 0.5
60.00 110.00 -14.43 0.5 0.5
65.00 110.00 -14.97 0.5 0.5
70.00 110.00 -15.45 0.5 0.5
75.00 110.00 -15.63 0.5 0.5
80.00 110.00 -15.49 0.5 0.5
85.00 110.00 -15.16 0.5 0.5
90.00 110.00 -14.84 0.5 0.5
95.00 110.00 -14.60 0.5 0.5
100.00 110.00 -14.40 0.5 0.5
105.00 110.00 -14.16 0.5 0.5
110.00 110.00 -13.91 0.5 0.5
115.00 110.00 -13.84 0.5 0.5
120.00 110.00 -14.12 0.5 0.5
125.00 110.00 -14.67 0.5 0.5
130.00 110.00 -14.23 0.5 0.5
135.00 110.00 -11.40 0.5 0.5
140.00 110.00 -7.56 1.0 0.0
145.00 110.00 -4.08 1.0 0.0
150.00 110.00 -1.19 1.0 0.0
155.00 110.00 1.17 1.0 0.0
160.00 110.00 3.06 1.0 0.0
165.00 110.00 4.57 1.0 0.0
170.00 110.00 5.73 1.0 0.0
175.00 110.00 6.59 1.0 0.0
180.00 110.00 7.17 1.0 0.0
0.00 115.00 -14.74 0.0 1.0
5.00 115.00 -16.79 0.0 1.0
10.00 115.00 -18.64 0.0 1.0
15.00 115.00 -19.96 0.0 1.0
20.00 115.00 -20.47 0.0 1.0
25.00 115.00 -20.09 0.0 1.0
30.00 115.00 -19.03 0.0 1.0
35.00 115.00 -17.67 0.0 1.0
40.00 115.00 -16.38 0.0 1.0
45.00 115.00 -15.35 0.5 0.5
50.00 115.00 -14.66 0.5 0.5
55.00 115.00 -14.32 0.5 0.5
60.00 115.00 -14.29 0.5 0.5
65.00 115.00 -14.45 0.5 0.5
70.00 115.00 -14.67 0.5 0.5
75.00 115.00 -14.75 0.5 0.5
80.00 115.00 -14.59 0.5 0.5
85.00 115.00 -14.25 0.5 0.5
90.00 115.00 -13.85 0.5 0.5
95.00 115.00 -13.47 0.5 0.5
100.00 115.00 -13.13 0.5 0.5
105.00 115.00 -12.82 0.5 0.5
110.00 115.00 -12.55 0.5 0.5
115.00 115.00 -12.45 0.5 0.5
120.00 115.00 -12.73 0.5 0.5
125.00 115.00 -13.48 0.5 0.5
130.00 115.00 -14.18 0.5 0.5
135.00 115.00 -12.77 0.5 0.5
140.00 115.00 -9.09 1.0 0.0
145.00 115.00 -5.30 1.0 0.0
150.00 115.00 -2.11 1.0 0.0
155.00 115.00 0.48 1.0 0.0
160.00 115.00 2.56 1.0 0.0
165.00 115.00 4.22 1.0 0.0
170.00 115.00 5.51 1.0 0.0
175.00 115.00 6.48 1.0 0.0
180.00 115.00 7.17 1.0 0.0
0.00 120.00 -14.74 0.0 1.0
5.00 120.00 -17.27 0.0 1.0
10.00 120.00 -19.84 0.0 1.0
15.00 120.00 -21.98 0.0 1.0
20.00 120.00 -23.25 0.0 1.0
25.00 120.00 -23.42 0.0 1.0
30.00 120.00 -22.41 0.0 1.0
35.00 120.00 -20.60 0.0 1.0
40.00 120.00 -18.64 0.0 1.0
45.00 120.00 -16.94 0.5 0.5
50.00 120.00 -15.64 0.5 0.5
55.00 120.00 -14.75 0.5 0.5
60.00 120.00 -14.21 0.5 0.5
65.00 120.00 -13.95 0.5 0.5
70.00 120.00 -13.83 0.5 0.5
75.00 120.00 -13.73 0.5 0.5
80.00 120.00 -13.56 0.5 0.5
85.00 120.00 -13.27 0.5 0.5
90.00 120.00 -12.90 0.5 0.5
95.00 120.00 -12.52 0.5 0.5
100.00 120.00 -12.13 0.5 0.5
105.00 120.00 -11.76 0.5 0.5
110.00 120.00 -11.44 0.5 0.5
115.00 120.00 -11.28 0.5 0.5
120.00 120.00 -11.46 0.5 0.5
125.00 120.00 -12.16 0.5 0.5
130.00 120.00 -13.32 0.5 0.5
135.00 120.00 -13.47 0.5 0.5
140.00 120.00 -10.56 1.0 0.0
145.00 120.00 -6.55 1.0 0.0
150.00 120.00 -3.05 1.0 0.0
155.00 120.00 -0.21 1.0 0.0
160.00 120.00 2.06 1.0 0.0
165.00 120.00 3.87 1.0 0.0
170.00 120.00 5.29 1.0 0.0
175.00 120.00 6.38 1.0 0.0
180.00 120.00 7.17 1.0 0.0
0.00 125.00 -14.74 0.0 1.0
5.00 125.00 -17.76 0.0 1.0
10.00 125.00 -21.10 0.0 1.0
15.00 125.00 -24.02 0.0 1.0
20.00 125.00 -25.75 0.0 1.0
25.00 125.00 -26.65 0.0 1.0
30.00 125.00 -26.70 0.0 1.0
35.00 125.00 -24.89 0.0 1.0
40.00 125.00 -21.94 0.0 1.0
45.00 125.00 -19.19 0.5 0.5
50.00 125.00 -17.03 0.5 0.5
55.00 125.00 -15.43 0.5 0.5
60.00 125.00 -14.32 0.5 0.5
65.00 125.00 -13.57 0.5 0.5
70.00 125.00 -13.08 0.5 0.5
75.00 125.00 -12.75 0.5 0.5
80.00 125.00 -12.49 0.5 0.5
85.00 125.00 -12.24 0.5 0.5
90.00 125.00 -11.95 0.5 0.5
95.00 125.00 -11.64 0.5 0.5
100.00 125.00 -11.29 0.5 0.5
105.00 125.00 -10.91 0.5 0.5
110.00 125.00 -10.55 0.5 0.5
115.00 125.00 -10.32 0.5 0.5
120.00 125.00 -10.38 0.5 0.5
125.00 125.00 -10.94 0.5 0.5
130.00 125.00 -12.13 0.5 0.5
135.00 125.00 -13.31 0.5 0.5
140.00 125.00 -11.79 1.0 0.0
145.00 125.00 -7.81 1.0 0.0
150.00 125.00 -3.99 1.0 0.0
155.00 125.00 -0.89 1.0 0.0
160.00 125.00 1.58 1.0 0.0
165.00 125.00 3.54 1.0 0.0
170.00 125.00 5.09 1.0 0.0
175.00 125.00 6.28 1.0 0.0
180.00 125.00 7.17 1.0 0.0
0.00 130.00 -14.74 0.0 1.0
5.00 130.00 -18.25 0.0 1.0
10.00 130.00 -22.37 0.0 1.0
15.00 130.00 -25.38 0.0 1.0
20.00 130.00 -25.64 0.0 1.0
25.00 130.00 -25.62 0.0 1.0
30.00 130.00 -26.87 0.0 1.0
35.00 130.00 -28.81 0.0 1.0
40.00 130.00 -26.97 0.0 1.0
45.00 130.00 -22.57 0.5 0.5
50.00 130.00 -19.03 0.5 0.5
55.00 130.00 -16.49 0.5 0.5
60.00 130.00 -14.68 0.5 0.5
65.00 130.00 -13.39 0.5 0.5
70.00 130.00 -12.51 0.5 0.5
75.00 130.00 -11.90 0.5 0.5
80.00 130.00 -11.50 0.5 0.5
85.00 130.00 -11.22 0.5 0.5
90.00 130.00 -11.00 0.5 0.5
95.00 130.00 -10.78 0.5 0.5
100.00 130.00 -10.52 0.5 0.5
105.00 130.00 -10.20 0.5 0.5
110.00 130.00 -9.83 0.5 0.5
115.00 130.00 -9.54 0.5 0.5
120.00 130.00 -9.49 0.5 0.5
125.00 130.00 -9.90 0.5 0.5
130.00 130.00 -10.96 0.5 0.5
135.00 130.00 -12.55 0.5 0.5
140.00 130.00 -12.54 1.0 0.0
145.00 130.00 -9.02 1.0 0.0
150.00 130.00 -4.94 1.0 0.0
155.00 130.00 -1.56 1.0 0.0
160.00 130.00 1.11 1.0 0.0
165.00 130.00 3.22 1.0 0.0
170.00 130.00 4.89 1.0 0.0
175.00 130.00 6.19 1.0 0.0
180.00 130.00 7.17 1.0 0.0
0.00 135.00 -14.74 0.0 1.0
5.00 135.00 -18.72 0.0 1.0
10.00 135.00 -23.53 0.0 1.0
15.00 135.00 -25.18 0.0 1.0
20.00 135.00 -23.17 0.0 1.0
25.00 135.00 -22.04 0.0 1.0
30.00 135.00 -22.47 0.0 1.0
35.00 135.00 -24.66 0.0 1.0
40.00 135.00 -28.76 0.0 1.0
45.00 135.00 -27.74 0.5 0.5
50.00 135.00 -22.05 0.5 0.5
55.00 135.00 -18.06 0.5 0.5
60.00 135.00 -15.36 0.5 0.5
65.00 135.00 -13.47 0.5 0.5
70.00 135.00 -12.15 0.5 0.5
75.00 135.00 -11.24 0.5 0.5
80.00 135.00 -10.64 0.5 0.5
85.00 135.00 -10.28 0.5 0.5
90.00 135.00 -10.07 0.5 0.5
95.00 135.00 -9.94 0.5 0.5
100.00 135.00 -9.79 0.5 0.5
105.00 135.00 -9.56 0.5 0.5
110.00 135.00 -9.24 0.5 0.5
115.00 135.00 -8.92 0.5 0.5
120.00 135.00 -8.78 0.5 0.5
125.00 135.00 -9.04 0.5 0.5
130.00 135.00 -9.93 0.5 0.5
135.00 135.00 -11.56 0.5 0.5
140.00 135.00 -12.70 1.0 0.0
145.00 135.00 -10.12 1.0 0.0
150.00 135.00 -5.86 1.0 0.0
155.00 135.00 -2.22 1.0 0.0
160.00 135.00 0.66 1.0 0.0
165.00 135.00 2.92 1.0 0.0
170.00 135.00 4.70 1.0 0.0
175.00 135.00 6.10 1.0 0.0
180.00 135.00 7.17 1.0 0.0
0.00 140.00 -14.74 0.0 1.0
5.00 140.00 -19.17 0.0 1.0
10.00 140.00 -24.43 0.0 1.0
15.00 140.00 -23.77 0.0 1.0
20.00 140.00 -20.61 0.0 1.0
25.00 140.00 -19.05 0.0 1.0
30.00 140.00 -18.91 0.0 1.0
35.00 140.00 -20.12 0.0 1.0
40.00 140.00 -23.07 0.0 1.0
45.00 140.00 -28.44 0.5 0.5
50.00 140.00 -26.57 0.5 0.5
55.00 140.00 -20.37 0.5 0.5
60.00 140.00 -16.44 0.5 0.5
65.00 140.00 -13.82 0.5 0.5
70.00 140.00 -12.01 0.5 0.5
75.00 140.00 -10.76 0.5 0.5
80.00 140.00 -9.94 0.5 0.5
85.00 140.00 -9.45 0.5 0.5
90.00 140.00 -9.21 0.5 0.5
95.00 140.00 -9.12 0.5 0.5
100.00 140.00 -9.08 0.5 0.5
105.00 140.00 -8.97 0.5 0.5
110.00 140.00 -8.73 0.5 0.5
115.00 140.00 -8.42 0.5 0.5
120.00 140.00 -8.21 0.5 0.5
125.00 140.00 -8.34 0.5 0.5
130.00 140.00 -9.07 0.5 0.5
135.00 140.00 -10.59 0.5 0.5
140.00 140.00 -12.37 1.0 0.0
145.00 140.00 -11.01 1.0 0.0
150.00 140.00 -6.74 1.0 0.0
155.00 140.00 -2.84 1.0 0.0
160.00 140.00 0.23 1.0 0.0
165.00 140.00 2.64 1.0 0.0
170.00 140.00 4.53 1.0 0.0
175.00 140.00 6.02 1.0 0.0
180.00 140.00 7.17 1.0 0.0
0.00 145.00 -14.74 0.0 1.0
5.00 145.00 -19.59 0.0 1.0
10.00 145.00 -24.94 0.0 1.0
15.00 145.00 -22.09 0.0 1.0
20.00 145.00 -18.55 0.0 1.0
25.00 145.00 -16.81 0.0 1.0
30.00 145.00 -16.34 0.0 1.0
35.00 145.00 -16.98 0.0 1.0
40.00 145.00 -18.88 0.0 1.0
45.00 145.00 -22.70 0.5 0.5
50.00 145.00 -28.69 0.5 0.5
55.00 145.00 -23.69 0.5 0.5
60.00 145.00 -17.98 0.5 0.5
65.00 145.00 -14.44 0.5 0.5
70.00 145.00 -12.09 0.5 0.5
75.00 145.00 -10.48 0.5 0.5
80.00 145.00 -9.41 0.5 0.5
85.00 145.00 -8.76 0.5 0.5
90.00 145.00 -8.44 0.5 0.5
95.00 145.00 -8.37 0.5 0.5
100.00 145.00 -8.40 0.5 0.5
105.00 145.00 -8.41 0.5 0.5
110.00 145.00 -8.27 0.5 0.5
115.00 145.00 -8.00 0.5 0.5
120.00 145.00 -7.76 0.5 0.5
125.00 145.00 -7.79 0.5 0.5
130.00 145.00 -8.37 0.5 0.5
135.00 145.00 -9.74 0.5 0.5
140.00 145.00 -11.77 1.0 0.0
145.00 145.00 -11.61 1.0 0.0
150.00 145.00 -7.57 1.0 0.0
155.00 145.00 -3.43 1.0 0.0
160.00 145.00 -0.16 1.0 0.0
165.00 145.00 2.38 1.0 0.0
170.00 145.00 4.38 1.0 0.0
175.00 145.00 5.95 1.0 0.0
180.00 145.00 7.17 1.0 0.0
0.00 150.00 -14.74 0.0 1.0
5.00 150.00 -19.98 0.0 1.0
10.00 150.00 -25.02 0.0 1.0
15.00 150.00 -20.60 0.0 1.0
20.00 150.00 -16.95 0.0 1.0
25.00 150.00 -15.10 0.0 1.0
30.00 150.00 -14.44 0.0 1.0
35.00 150.00 -14.73 0.0 1.0
40.00 150.00 -16.03 0.0 1.0
45.00 150.00 -18.69 0.5 0.5
50.00 150.00 -23.75 0.5 0.5
55.00 150.00 -27.28 0.5 0.5
60.00 150.00 -20.05 0.5 0.5
65.00 150.00 -15.34 0.5 0.5
70.00 150.00 -12.36 0.5 0.5
75.00 150.00 -10.36 0.5 0.5
80.00 150.00 -9.04 0.5 0.5
85.00 150.00 -8.21 0.5 0.5
90.00 150.00 -7.80 0.5 0.5
95.00 150.00 -7.69 0.5 0.5
100.00 150.00 -7.77 0.5 0.5
105.00 150.00 -7.88 0.5 0.5
110.00 150.00 -7.86 0.5 0.5
115.00 150.00 -7.65 0.5 0.5
120.00 150.00 -7.40 0.5 0.5
125.00 150.00 -7.35 0.5 0.5
130.00 150.00 -7.80 0.5 0.5
135.00 150.00 -9.03 0.5 0.5
140.00 150.00 -11.10 1.0 0.0
145.00 150.00 -11.92 1.0 0.0
150.00 150.00 -8.30 1.0 0.0
155.00 150.00 -3.96 1.0 0.0
160.00 150.00 -0.52 1.0 0.0
165.00 150.00 2.15 1.0 0.0
170.00 150.00 4.24 1.0 0.0
175.00 150.00 5.88 1.0 0.0
180.00 150.00 7.17 1.0 0.0
0.00 155.00 -14.74 0.0 1.0
5.00 155.00 -20.32 0.0 1.0
10.00 155.00 -24.77 0.0 1.0
15.00 155.00 -19.39 0.0 1.0
20.00 155.00 -15.72 0.0 1.0
25.00 155.00 -13.81 0.0 1.0
30.00 155.00 -13.00 0.0 1.0
35.00 155.00 -13.06 0.0 1.0
40.00 155.00 -13.99 0.0 1.0
45.00 155.00 -15.99 0.5 0.5
50.00 155.00 -19.74 0.5 0.5
55.00 155.00 -26.23 0.5 0.5
60.00 155.00 -22.60 0.5 0.5
65.00 155.00 -16.47 0.5 0.5
70.00 155.00 -12.78 0.5 0.5
75.00 155.00 -10.38 0.5 0.5
80.00 155.00 -8.79 0.5 0.5
85.00 155.00 -7.80 0.5 0.5
90.00 155.00 -7.27 0.5 0.5
95.00 155.00 -7.11 0.5 0.5
100.00 155.00 -7.21 0.5 0.5
105.00 155.00 -7.40 0.5 0.5
110.00 155.00 -7.49 0.5 0.5
115.00 155.00 -7.36 0.5 0.5
120.00 155.00 -7.12 0.5 0.5
125.00 155.00 -7.02 0.5 0.5
130.00 155.00 -7.36 0.5 0.5
135.00 155.00 -8.46 0.5 0.5
140.00 155.00 -10.49 1.0 0.0
145.00 155.00 -11.98 1.0 0.0
150.00 155.00 -8.92 1.0 0.0
155.00 155.00 -4.44 1.0 0.0
160.00 155.00 -0.83 1.0 0.0
165.00 155.00 1.95 1.0 0.0
170.00 155.00 4.12 1.0 0.0
175.00 155.00 5.83 1.0 0.0
180.00 155.00 7.17 1.0 0.0
0.00 160.00 -14.74 0.0 1.0
5.00 160.00 -20.61 0.0 1.0
10.00 160.00 -24.38 0.0 1.0
15.00 160.00 -18.44 0.0 1.0
20.00 160.00 -14.78 0.0 1.0
25.00 160.00 -12.82 0.0 1.0
30.00 160.00 -11.91 0.0 1.0
35.00 160.00 -11.82 0.0 1.0
40.00 160.00 -12.50 0.0 1.0
45.00 160.00 -14.10 0.5 0.5
50.00 160.00 -17.07 0.5 0.5
55.00 160.00 -22.58 0.5 0.5
60.00 160.00 -24.99 0.5 0.5
65.00 160.00 -17.75 0.5 0.5
70.00 160.00 -13.29 0.5 0.5
75.00 160.00 -10.49 0.5 0.5
80.00 160.00 -8.66 0.5 0.5
85.00 160.00 -7.49 0.5 0.5
90.00 160.00 -6.86 0.5 0.5
95.00 160.00 -6.64 0.5 0.5
100.00 160.00 -6.74 0.5 0.5
105.00 160.00 -6.98 0.5 0.5
110.00 160.00 -7.16 0.5 0.5
115.00 160.00 -7.11 0.5 0.5
120.00 160.00 -6.89 0.5 0.5
125.00 160.00 -6.76 0.5 0.5
130.00 160.00 -7.03 0.5 0.5
135.00 160.00 -8.01 0.5 0.5
140.00 160.00 -9.97 1.0 0.0
145.00 160.00 -11.89 1.0 0.0
150.00 160.00 -9.42 1.0 0.0
155.00 160.00 -4.85 1.0 0.0
160.00 160.00 -1.10 1.0 0.0
165.00 160.00 1.79 1.0 0.0
170.00 160.00 4.02 1.0 0.0
175.00 160.00 5.78 1.0 0.0
180.00 160.00 7.17 1.0 0.0
0.00 165.00 -14.74 0.0 1.0
5.00 165.00 -20.84 0.0 1.0
10.00 165.00 -23.97 0.0 1.0
15.00 165.00 -17.74 0.0 1.0
20.00 165.00 -14.09 0.0 1.0
25.00 165.00 -12.10 0.0 1.0
30.00 165.00 -11.12 0.0 1.0
35.00 165.00 -10.91 0.0 1.0
40.00 165.00 -11.43 0.0 1.0
45.00 165.00 -12.77 0.5 0.5
50.00 165.00 -15.28 0.5 0.5
55.00 165.00 -19.86 0.5 0.5
60.00 165.00 -25.72 0.5 0.5
65.00 165.00 -19.05 0.5 0.5
70.00 165.00 -13.83 0.5 0.5
75.00 165.00 -10.65 0.5 0.5
80.00 165.00 -8.59 0.5 0.5
85.00 165.00 -7.29 0.5 0.5
90.00 165.00 -6.55 0.5 0.5
95.00 165.00 -6.28 0.5 0.5
100.00 165.00 -6.36 0.5 0.5
105.00 165.00 -6.64 0.5 0.5
110.00 165.00 -6.88 0.5 0.5
115.00 165.00 -6.91 0.5 0.5
120.00 165.00 -6.73 0.5 0.5
125.00 165.00 -6.57 0.5 0.5
130.00 165.00 -6.78 0.5 0.5
135.00 165.00 -7.68 0.5 0.5
140.00 165.00 -9.56 1.0 0.0
145.00 165.00 -11.73 1.0 0.0
150.00 165.00 -9.79 1.0 0.0
155.00 165.00 -5.17 1.0 0.0
160.00 165.00 -1.31 1.0 0.0
165.00 165.00 1.65 1.0 0.0
170.00 165.00 3.95 1.0 0.0
175.00 165.00 5.75 1.0 0.0
180.00 165.00 7.17 1.0 0.0
0.00 170.00 -14.74 0.0 1.0
5.00 170.00 -21.01 0.0 1.0
10.00 170.00 -23.64 0.0 1.0
15.00 170.00 -17.26 0.0 1.0
20.00 170.00 -13.61 0.0 1.0
25.00 170.00 -11.60 0.0 1.0
30.00 170.00 -10.57 0.0 1.0
35.00 170.00 -10.29 0.0 1.0
40.00 170.00 -10.70 0.0 1.0
45.00 170.00 -11.89 0.5 0.5
50.00 170.00 -14.12 0.5 0.5
55.00 170.00 -18.14 0.5 0.5
60.00 170.00 -24.77 0.5 0.5
65.00 170.00 -20.16 0.5 0.5
70.00 170.00 -14.30 0.5 0.5
75.00 170.00 -10.81 0.5 0.5
80.00 170.00 -8.57 0.5 0.5
85.00 170.00 -7.16 0.5 0.5
90.00 170.00 -6.35 0.5 0.5
95.00 170.00 -6.03 0.5 0.5
100.00 170.00 -6.09 0.5 0.5
105.00 170.00 -6.38 0.5 0.5
110.00 170.00 -6.68 0.5 0.5
115.00 170.00 -6.76 0.5 0.5
120.00 170.00 -6.61 0.5 0.5
125.00 170.00 -6.44 0.5 0.5
130.00 170.00 -6.61 0.5 0.5
135.00 170.00 -7.45 0.5 0.5
140.00 170.00 -9.28 1.0 0.0
145.00 170.00 -11.58 1.0 0.0
150.00 170.00 -10.05 1.0 0.0
155.00 170.00 -5.41 1.0 0.0
160.00 170.00 -1.46 1.0 0.0
165.00 170.00 1.55 1.0 0.0
170.00 170.00 3.89 1.0 0.0
175.00 170.00 5.72 1.0 0.0
180.00 170.00 7.17 1.0 0.0
0.00 175.00 -14.74 0.0 1.0
5.00 175.00 -21.11 0.0 1.0
10.00 175.00 -23.42 0.0 1.0
15.00 175.00 -16.98 0.0 1.0
20.00 175.00 -13.34 0.0 1.0
25.00 175.00 -11.31 0.0 1.0
30.00 175.00 -10.25 0.0 1.0
35.00 175.00 -9.93 0.0 1.0
40.00 175.00 -10.28 0.0 1.0
45.00 175.00 -11.38 0.5 0.5
50.00 175.00 -13.46 0.5 0.5
55.00 175.00 -17.19 0.5 0.5
60.00 175.00 -23.74 0.5 0.5
65.00 175.00 -20.89 0.5 0.5
70.00 175.00 -14.63 0.5 0.5
75.00 175.00 -10.92 0.5 0.5
80.00 175.00 -8.57 0.5 0.5
85.00 175.00 -7.08 0.5 0.5
90.00 175.00 -6.23 0.5 0.5
95.00 175.00 -5.88 0.5 0.5
100.00 175.00 -5.93 0.5 0.5
105.00 175.00 -6.23 0.5 0.5
110.00 175.00 -6.55 0.5 0.5
115.00 175.00 -6.67 0.5 0.5
120.00 175.00 -6.54 0.5 0.5
125.00 175.00 -6.37 0.5 0.5
130.00 175.00 -6.51 0.5 0.5
135.00 175.00 -7.32 0.5 0.5
140.00 175.00 -9.11 1.0 0.0
145.00 175.00 -11.47 1.0 0.0
150.00 175.00 -10.19 1.0 0.0
155.00 175.00 -5.55 1.0 0.0
160.00 175.00 -1.56 1.0 0.0
165.00 175.00 1.50 1.0 0.0
170.00 175.00 3.85 1.0 0.0
175.00 175.00 5.70 1.0 0.0
180.00 175.00 7.17 1.0 0.0
0.00 180.00 -14.74 0.0 1.0
5.00 180.00 -21.14 0.0 1.0
10.00 180.00 -23.35 0.0 1.0
15.00 180.00 -16.88 0.0 1.0
20.00 180.00 -13.24 0.0 1.0
25.00 180.00 -11.21 0.0 1.0
30.00 180.00 -10.15 0.0 1.0
35.00 180.00 -9.81 0.0 1.0
40.00 180.00 -10.15 0.0 1.0
45.00 180.00 -11.21 0.5 0.5
50.00 180.00 -13.24 0.5 0.5
55.00 180.00 -16.88 0.5 0.5
60.00 180.00 -23.35 0.5 0.5
65.00 180.00 -21.14 0.5 0.5
70.00 180.00 -14.74 0.5 0.5
75.00 180.00 -10.97 0.5 0.5
80.00 180.00 -8.58 0.5 0.5
85.00 180.00 -7.06 0.5 0.5
90.00 180.00 -6.19 0.5 0.5
95.00 180.00 -5.83 0.5 0.5
100.00 180.00 -5.88 0.5 0.5
105.00 180.00 -6.18 0.5 0.5
110.00 180.00 -6.51 0.5 0.5
115.00 180.00 -6.64 0.5 0.5
120.00 180.00 -6.51 0.5 0.5
125.00 180.00 -6.34 0.5 0.5
130.00 180.00 -6.48 0.5 0.5
135.00 180.00 -7.28 0.5 0.5
140.00 180.00 -9.05 1.0 0.0
145.00 180.00 -11.43 1.0 0.0
150.00 180.00 -10.24 1.0 0.0
155.00 180.00 -5.60 1.0 0.0
160.00 180.00 -1.59 1.0 0.0
165.00 180.00 1.48 1.0 0.0
170.00 180.00 3.84 1.0 0.0
175.00 180.00 5.70 1.0 0.0
180.00 180.00 7.17 1.0 0.0
0.00 185.00 -14.74 0.0 1.0
5.00 185.00 -21.11 0.0 1.0
10.00 185.00 -23.42 0.0 1.0
15.00 185.00 -16.98 0.0 1.0
20.00 185.00 -13.34 0.0 1.0
25.00 185.00 -11.31 0.0 1.0
30.00 185.00 -10.25 0.0 1.0
35.00 185.00 -9.93 0.0 1.0
40.00 185.00 -10.28 0.0 1.0
45.00 185.00 -11.38 0.5 0.5
50.00 185.00 -13.46 0.5 0.5
55.00 185.00 -17.19 0.5 0.5
60.00 185.00 -23.74 0.5 0.5
65.00 185.00 -20.89 0.5 0.5
70.00 185.00 -14.63 0.5 0.5
75.00 185.00 -10.92 0.5 0.5
80.00 185.00 -8.57 0.5 0.5
85.00 185.00 -7.08 0.5 0.5
90.00 185.00 -6.23 0.5 0.5
95.00 185.00 -5.88 0.5 0.5
100.00 185.00 -5.93 0.5 0.5
105.00 185.00 -6.23 0.5 0.5
110.00 185.00 -6.55 0.5 0.5
115.00 185.00 -6.67 0.5 0.5
120.00 185.00 -6.54 0.5 0.5
125.00 185.00 -6.37 0.5 0.5
130.00 185.00 -6.51 0.5 0.5
135.00 185.00 -7.32 0.5 0.5
140.00 185.00 -9.11 1.0 0.0
145.00 185.00 -11.47 1.0 0.0
150.00 185.00 -10.19 1.0 0.0
155.00 185.00 -5.55 1.0 0.0
160.00 185.00 -1.56 1.0 0.0
165.00 185.00 1.50 1.0 0.0
170.00 185.00 3.85 1.0 0.0
175.00 185.00 5.70 1.0 0.0
180.00 185.00 7.17 1.0 0.0
0.00 190.00 -14.74 0.0 1.0
5.00 190.00 -21.01 0.0 1.0
10.00 190.00 -23.64 0.0 1.0
15.00 190.00 -17.26 0.0 1.0
20.00 190.00 -13.61 0.0 1.0
25.00 190.00 -11.60 0.0 1.0
30.00 190.00 -10.57 0.0 1.0
35.00 190.00 -10.29 0.0 1.0
40.00 190.00 -10.70 0.0 1.0
45.00 190.00 -11.89 0.5 0.5
50.00 190.00 -14.12 0.5 0.5
55.00 190.00 -18.14 0.5 0.5
60.00 190.00 -24.77 0.5 0.5
65.00 190.00 -20.16 0.5 0.5
70.00 190.00 -14.30 0.5 0.5
75.00 190.00 -10.81 0.5 0.5
80.00 190.00 -8.57 0.5 0.5
85.00 190.00 -7.16 0.5 0.5
90.00 190.00 -6.35 0.5 0.5
95.00 190.00 -6.03 0.5 0.5
100.00 190.00 -6.09 0.5 0.5
105.00 190.00 -6.38 0.5 0.5
110.00 190.00 -6.68 0.5 0.5
115.00 190.00 -6.76 0.5 0.5
120.00 190.00 -6.61 0.5 0.5
125.00 190.00 -6.44 0.5 0.5
130.00 190.00 -6.61 0.5 0.5
135.00 190.00 -7.45 0.5 0.5
140.00 190.00 -9.28 1.0 0.0
145.00 190.00 -11.58 1.0 0.0
150.00 190.00 -10.05 1.0 0.0
155.00 190.00 -5.41 1.0 0.0
160.00 190.00 -1.46 1.0 0.0
165.00 190.00 1.55 1.0 0.0
170.00 190.00 3.89 1.0 0.0
175.00 190.00 5.72 1.0 0.0
180.00 190.00 7.17 1.0 0.0
0.00 195.00 -14.74 0.0 1.0
5.00 195.00 -20.84 0.0 1.0
10.00 195.00 -23.97 0.0 1.0
15.00 195.00 -17.74 0.0 1.0
20.00 195.00 -14.09 0.0 1.0
25.00 195.00 -12.10 0.0 1.0
30.00 195.00 -11.12 0.0 1.0
35.00 195.00 -10.91 0.0 1.0
40.00 195.00 -11.43 0.0 1.0
45.00 195.00 -12.77 0.5 0.5
50.00 195.00 -15.28 0.5 0.5
55.00 195.00 -19.86 0.5 0.5
60.00 195.00 -25.72 0.5 0.5
65.00 195.00 -19.05 0.5 0.5
70.00 195.00 -13.83 0.5 0.5
75.00 195.00 -10.65 0.5 0.5
80.00 195.00 -8.59 0.5 0.5
85.00 195.00 -7.29 0.5 0.5
90.00 195.00 -6.55 0.5 0.5
95.00 195.00 -6.28 0.5 0.5
100.00 195.00 -6.36 0.5 0.5
105.00 195.00 -6.64 0.5 0.5
110.00 195.00 -6.88 0.5 0.5
115.00 195.00 -6.91 0.5 0.5
120.00 195.00 -6.73 0.5 0.5
125.00 195.00 -6.57 0.5 0.5
130.00 195.00 -6.78 0.5 0.5
135.00 195.00 -7.68 0.5 0.5
140.00 195.00 -9.56 1.0 0.0
145.00 195.00 -11.73 1.0 0.0
150.00 195.00 -9.79 1.0 0.0
155.00 195.00 -5.17 1.0 0.0
160.00 195.00 -1.31 1.0 0.0
165.00 195.00 1.65 1.0 0.0
170.00 195.00 3.95 1.0 0.0
175.00 195.00 5.75 1.0 0.0
180.00 195.00 7.17 1.0 0.0
0.00 200.00 -14.74 0.0 1.0
5.00 200.00 -20.61 0.0 1.0
10.00 200.00 -24.38 0.0 1.0
15.00 200.00 -18.44 0.0 1.0
20.00 200.00 -14.78 0.0 1.0
25.00 200.00 -12.82 0.0 1.0
30.00 200.00 -11.91 0.0 1.0
35.00 200.00 -11.82 0.0 1.0
40.00 200.00 -12.50 0.0 1.0
45.00 200.00 -14.10 0.5 0.5
50.00 200.00 -17.07 0.5 0.5
55.00 200.00 -22.58 0.5 0.5
60.00 200.00 -24.99 0.5 0.5
65.00 200.00 -17.75 0.5 0.5
70.00 200.00 -13.29 0.5 0.5
75.00 200.00 -10.49 0.5 0.5
80.00 200.00 -8.66 0.5 0.5
85.00 200.00 -7.49 0.5 0.5
90.00 200.00 -6.86 0.5 0.5
95.00 200.00 -6.64 0.5 0.5
100.00 200.00 -6.74 0.5 0.5
105.00 200.00 -6.98 0.5 0.5
110.00 200.00 -7.16 0.5 0.5
115.00 200.00 -7.11 0.5 0.5
120.00 200.00 -6.89 0.5 0.5
125.00 200.00 -6.76 0.5 0.5
130.00 200.00 -7.03 0.5 0.5
135.00 200.00 -8.01 0.5 0.5
140.00 200.00 -9.97 1.0 0.0
145.00 200.00 -11.89 1.0 0.0
150.00 200.00 -9.42 1.0 0.0
155.00 200.00 -4.85 1.0 0.0
160.00 200.00 -1.10 1.0 0.0
165.00 200.00 1.79 1.0 0.0
170.00 200.00 4.02 1.0 0.0
175.00 200.00 5.78 1.0 0.0
180.00 200.00 7.17 1.0 0.0
0.00 205.00 -14.74 0.0 1.0
5.00 205.00 -20.32 0.0 1.0
10.00 205.00 -24.77 0.0 1.0
15.00 205.00 -19.39 0.0 1.0
20.00 205.00 -15.72 0.0 1.0
25.00 205.00 -13.81 0.0 1.0
30.00 205.00 -13.00 0.0 1.0
35.00 205.00 -13.06 0.0 1.0
40.00 205.00 -13.99 0.0 1.0
45.00 205.00 -15.99 0.5 0.5
50.00 205.00 -19.74 0.5 0.5
55.00 205.00 -26.23 0.5 0.5
60.00 205.00 -22.60 0.5 0.5
65.00 205.00 -16.47 0.5 0.5
70.00 205.00 -12.78 0.5 0.5
75.00 205.00 -10.38 0.5 0.5
80.00 205.00 -8.79 0.5 0.5
85.00 205.00 -7.80 0.5 0.5
90.00 205.00 -7.27 0.5 0.5
95.00 205.00 -7.11 0.5 0.5
100.00 205.00 -7.21 0.5 0.5
105.00 205.00 -7.40 0.5 0.5
110.00 205.00 -7.49 0.5 0.5
115.00 205.00 -7.36 0.5 0.5
120.00 205.00 -7.12 0.5 0.5
125.00 205.00 -7.02 0.5 0.5
130.00 205.00 -7.36 0.5 0.5
135.00 205.00 -8.46 0.5 0.5
140.00 205.00 -10.49 1.0 0.0
145.00 205.00 -11.98 1.0 0.0
150.00 205.00 -8.92 1.0 0.0
155.00 205.00 -4.44 1.0 0.0
160.00 205.00 -0.83 1.0 0.0
165.00 205.00 1.95 1.0 0.0
170.00 205.00 4.12 1.0 0.0
175.00 205.00 5.83 1.0 0.0
180.00 205.00 7.17 1.0 0.0
0.00 210.00 -14.74 0.0 1.0
5.00 210.00 -19.98 0.0 1.0
10.00 210.00 -25.02 0.0 1.0
15.00 210.00 -20.60 0.0 1.0
20.00 210.00 -16.95 0.0 1.0
25.00 210.00 -15.10 0.0 1.0
30.00 210.00 -14.44 0.0 1.0
35.00 210.00 -14.73 0.0 1.0
40.00 210.00 -16.03 0.0 1.0
45.00 210.00 -18.69 0.5 0.5
50.00 210.00 -23.75 0.5 0.5
55.00 210.00 -27.28 0.5 0.5
60.00 210.00 -20.05 0.5 0.5
65.00 210.00 -15.34 0.5 0.5
70.00 210.00 -12.36 0.5 0.5
75.00 210.00 -10.36 0.5 0.5
80.00 210.00 -9.04 0.5 0.5
85.00 210.00 -8.21 0.5 0.5
90.00 210.00 -7.80 0.5 0.5
95.00 210.00 -7.69 0.5 0.5
100.00 210.00 -7.77 0.5 0.5
105.00 210.00 -7.88 0.5 0.5
110.00 210.00 -7.86 0.5 0.5
115.00 210.00 -7.65 0.5 0.5
120.00 210.00 -7.40 0.5 0.5
125.00 210.00 -7.35 0.5 0.5
130.00 210.00 -7.80 0.5 0.5
135.00 210.00 -9.03 0.5 0.5
140.00 210.00 -11.10 1.0 0.0
145.00 210.00 -11.92 1.0 0.0
150.00 210.00 -8.30 1.0 0.0
155.00 210.00 -3.96 1.0 0.0
160.00 210.00 -0.52 1.0 0.0
165.00 210.00 2.15 1.0 0.0
170.00 210.00 4.24 1.0 0.0
175.00 210.00 5.88 1.0 0.0
180.00 210.00 7.17 1.0 0.0
0.00 215.00 -14.74 0.0 1.0
5.00 215.00 -19.59 0.0 1.0
10.00 215.00 -24.94 0.0 1.0
15.00 215.00 -22.09 0.0 1.0
20.00 215.00 -18.55 0.0 1.0
25.00 215.00 -16.81 0.0 1.0
30.00 215.00 -16.34 0.0 1.0
35.00 215.00 -16.98 0.0 1.0
40.00 215.00 -18.88 0.0 1.0
45.00 215.00 -22.70 0.5 0.5
50.00 215.00 -28.69 0.5 0.5
55.00 215.00 -23.69 0.5 0.5
60.00 215.00 -17.98 0.5 0.5
65.00 215.00 -14.44 0.5 0.5
70.00 215.00 -12.09 0.5 0.5
75.00 215.00 -10.48 0.5 0.5
80.00 215.00 -9.41 0.5 0.5
85.00 215.00 -8.76 0.5 0.5
90.00 215.00 -8.44 0.5 0.5
95.00 215.00 -8.37 0.5 0.5
100.00 215.00 -8.40 0.5 0.5
105.00 215.00 -8.41 0.5 0.5
110.00 215.00 -8.27 0.5 0.5
115.00 215.00 -8.00 0.5 0.5
120.00 215.00 -7.76 0.5 0.5
125.00 215.00 -7.79 0.5 0.5
130.00 215.00 -8.37 0.5 0.5
135.00 215.00 -9.74 0.5 0.5
140.00 215.00 -11.77 1.0 0.0
145.00 215.00 -11.61 1.0 0.0
150.00 215.00 -7.57 1.0 0.0
155.00 215.00 -3.43 1.0 0.0
160.00 215.00 -0.16 1.0 0.0
165.00 215.00 2.38 1.0 0.0
170.00 215.00 4.38 1.0 0.0
175.00 215.00 5.95 1.0 0.0
180.00 215.00 7.17 1.0 0.0
0.00 220.00 -14.74 0.0 1.0
5.00 220.00 -19.17 0.0 1.0
10.00 220.00 -24.43 0.0 1.0
15.00 220.00 -23.77 0.0 1.0
20.00 220.00 -20.61 0.0 1.0
25.00 220.00 -19.05 0.0 1.0
30.00 220.00 -18.91 0.0 1.0
35.00 220.00 -20.12 0.0 1.0
40.00 220.00 -23.07 0.0 1.0
45.00 220.00 -28.44 0.5 0.5
50.00 220.00 -26.57 0.5 0.5
55.00 220.00 -20.37 0.5 0.5
60.00 220.00 -16.44 0.5 0.5
65.00 220.00 -13.82 0.5 0.5
70.00 220.00 -12.01 0.5 0.5
75.00 220.00 -10.76 0.5 0.5
80.00 220.00 -9.94 0.5 0.5
85.00 220.00 -9.45 0.5 0.5
90.00 220.00 -9.21 0.5 0.5
95.00 220.00 -9.12 0.5 0.5
100.00 220.00 -9.08 0.5 0.5
105.00 220.00 -8.97 0.5 0.5
110.00 220.00 -8.73 0.5 0.5
115.00 220.00 -8.42 0.5 0.5
120.00 220.00 -8.21 0.5 0.5
125.00 220.00 -8.34 0.5 0.5
130.00 220.00 -9.07 0.5 0.5
135.00 220.00 -10.59 0.5 0.5
140.00 220.00 -12.37 1.0 0.0
145.00 220.00 -11.01 1.0 0.0
150.00 220.00 -6.74 1.0 0.0
155.00 220.00 -2.84 1.0 0.0
160.00 220.00 0.23 1.0 0.0
165.00 220.00 2.64 1.0 0.0
170.00 220.00 4.53 1.0 0.0
175.00 220.00 6.02 1.0 0.0
180.00 220.00 7.17 1.0 0.0
0.00 225.00 -14.74 0.0 1.0
5.00 225.00 -18.72 0.0 1.0
10.00 225.00 -23.53 0.0 1.0
15.00 225.00 -25.18 0.0 1.0
20.00 225.00 -23.17 0.0 1.0
25.00 225.00 -22.04 0.0 1.0
30.00 225.00 -22.47 0.0 1.0
35.00 225.00 -24.66 0.0 1.0
40.00 225.00 -28.76 0.0 1.0
45.00 225.00 -27.74 0.5 0.5
50.00 225.00 -22.05 0.5 0.5
55.00 225.00 -18.06 0.5 0.5
60.00 225.00 -15.36 0.5 0.5
65.00 225.00 -13.47 0.5 0.5
70.00 225.00 -12.15 0.5 0.5
75.00 225.00 -11.24 0.5 0.5
80.00 225.00 -10.64 0.5 0.5
85.00 225.00 -10.28 0.5 0.5
90.00 225.00 -10.07 0.5 0.5
95.00 225.00 -9.94 0.5 0.5
100.00 225.00 -9.79 0.5 0.5
105.00 225.00 -9.56 0.5 0.5
110.00 225.00 -9.24 0.5 0.5
115.00 225.00 -8.92 0.5 0.5
120.00 225.00 -8.78 0.5 0.5
125.00 225.00 -9.04 0.5 0.5
130.00 225.00 -9.93 0.5 0.5
135.00 225.00 -11.56 0.5 0.5
140.00 225.00 -12.70 1.0 0.0
145.00 225.00 -10.12 1.0 0.0
150.00 225.00 -5.86 1.0 0.0
155.00 225.00 -2.22 1.0 0.0
160.00 225.00 0.66 1.0 0.0
165.00 225.00 2.92 1.0 0.0
170.00 225.00 4.70 1.0 0.0
175.00 225.00 6.10 1.0 0.0
180.00 225.00 7.17 1.0 0.0
0.00 230.00 -14.74 0.0 1.0
5.00 230.00 -18.25 0.0 1.0
10.00 230.00 -22.37 0.0 1.0
15.00 230.00 -25.38 0.0 1.0
20.00 230.00 -25.64 0.0 1.0
25.00 230.00 -25.62 0.0 1.0
30.00 230.00 -26.87 0.0 1.0
35.00 230.00 -28.81 0.0 1.0
40.00 230.00 -26.97 0.0 1.0
45.00 230.00 -22.57 0.5 0.5
50.00 230.00 -19.03 0.5 0.5
55.00 230.00 -16.49 0.5 0.5
60.00 230.00 -14.68 0.5 0.5
65.00 230.00 -13.39 0.5 0.5
70.00 230.00 -12.51 0.5 0.5
75.00 230.00 -11.90 0.5 0.5
80.00 230.00 -11.50 0.5 0.5
85.00 230.00 -11.22 0.5 0.5
90.00 230.00 -11.00 0.5 0.5
95.00 230.00 -10.78 0.5 0.5
100.00 230.00 -10.52 0.5 0.5
105.00 230.00 -10.20 0.5 0.5
110.00 230.00 -9.83 0.5 0.5
115.00 230.00 -9.54 0.5 0.5
120.00 230.00 -9.49 0.5 0.5
125.00 230.00 -9.90 0.5 0.5
130.00 230.00 -10.96 0.5 0.5
135.00 230.00 -12.55 0.5 0.5
140.00 230.00 -12.54 1.0 0.0
145.00 230.00 -9.02 1.0 0.0
150.00 230.00 -4.94 1.0 0.0
155.00 230.00 -1.56 1.0 0.0
160.00 230.00 1.11 1.0 0.0
165.00 230.00 3.22 1.0 0.0
170.00 230.00 4.89 1.0 0.0
175.00 230.00 6.19 1.0 0.0
180.00 230.00 7.17 1.0 0.0
0.00 235.00 -14.74 0.0 1.0
5.00 235.00 -17.76 0.0 1.0
10.00 235.00 -21.10 0.0 1.0
15.00 235.00 -24.02 0.0 1.0
20.00 235.00 -25.75 0.0 1.0
25.00 235.00 -26.65 0.0 1.0
30.00 235.00 -26.70 0.0 1.0
35.00 235.00 -24.89 0.0 1.0
40.00 235.00 -21.94 0.0 1.0
45.00 235.00 -19.19 0.5 0.5
50.00 235.00 -17.03 0.5 0.5
55.00 235.00 -15.43 0.5 0.5
60.00 235.00 -14.32 0.5 0.5
65.00 235.00 -13.57 0.5 0.5
70.00 235.00 -13.08 0.5 0.5
75.00 235.00 -12.75 0.5 0.5
80.00 235.00 -12.49 0.5 0.5
85.00 235.00 -12.24 0.5 0.5
90.00 235.00 -11.95 0.5 0.5
95.00 235.00 -11.64 0.5 0.5
100.00 235.00 -11.29 0.5 0.5
105.00 235.00 -10.91 0.5 0.5
110.00 235.00 -10.55 0.5 0.5
115.00 235.00 -10.32 0.5 0.5
120.00 235.00 -10.38 0.5 0.5
125.00 235.00 -10.94 0.5 0.5
130.00 235.00 -12.13 0.5 0.5
135.00 235.00 -13.31 0.5 0.5
140.00 235.00 -11.79 1.0 0.0
145.00 235.00 -7.81 1.0 0.0
150.00 235.00 -3.99 1.0 0.0
155.00 235.00 -0.89 1.0 0.0
160.00 235.00 1.58 1.0 0.0
165.00 235.00 3.54 1.0 0.0
170.00 235.00 5.09 1.0 0.0
175.00 235.00 6.28 1.0 0.0
180.00 235.00 7.17 1.0 0.0
0.00 240.00 -14.74 0.0 1.0
5.00 240.00 -17.27 0.0 1.0
10.00 240.00 -19.84 0.0 1.0
15.00 240.00 -21.98 0.0 1.0
20.00 240.00 -23.25 0.0 1.0
25.00 240.00 -23.42 0.0 1.0
30.00 240.00 -22.41 0.0 1.0
35.00 240.00 -20.60 0.0 1.0
40.00 240.00 -18.64 0.0 1.0
45.00 240.00 -16.94 0.5 0.5
50.00 240.00 -15.64 0.5 0.5
55.00 240.00 -14.75 0.5 0.5
60.00 240.00 -14.21 0.5 0.5
65.00 240.00 -13.95 0.5 0.5
70.00 240.00 -13.83 0.5 0.5
75.00 240.00 -13.73 0.5 0.5
80.00 240.00 -13.56 0.5 0.5
85.00 240.00 -13.27 0.5 0.5
90.00 240.00 -12.90 0.5 0.5
95.00 240.00 -12.52 0.5 0.5
100.00 240.00 -12.13 0.5 0.5
105.00 240.00 -11.76 0.5 0.5
110.00 240.00 -11.44 0.5 0.5
115.00 240.00 -11.28 0.5 0.5
120.00 240.00 -11.46 0.5 0.5
125.00 240.00 -12.16 0.5 0.5
130.00 240.00 -13.32 0.5 0.5
135.00 240.00 -13.47 0.5 0.5
140.00 240.00 -10.56 1.0 0.0
145.00 240.00 -6.55 1.0 0.0
150.00 240.00 -3.05 1.0 0.0
155.00 240.00 -0.21 1.0 0.0
160.00 240.00 2.06 1.0 0.0
165.00 240.00 3.87 1.0 0.0
170.00 240.00 5.29 1.0 0.0
175.00 240.00 6.38 1.0 0.0
180.00 240.00 7.17 1.0 0.0
0.00 245.00 -14.74 0.0 1.0
5.00 245.00 -16.79 0.0 1.0
10.00 245.00 -18.64 0.0 1.0
15.00 245.00 -19.96 0.0 1.0
20.00 245.00 -20.47 0.0 1.0
25.00 245.00 -20.09 0.0 1.0
30.00 245.00 -19.03 0.0 1.0
35.00 245.00 -17.67 0.0 1.0
40.00 245.00 -16.38 0.0 1.0
45.00 245.00 -15.35 0.5 0.5
50.00 245.00 -14.66 0.5 0.5
55.00 245.00 -14.32 0.5 0.5
60.00 245.00 -14.29 0.5 0.5
65.00 245.00 -14.45 0.5 0.5
70.00 245.00 -14.67 0.5 0.5
75.00 245.00 -14.75 0.5 0.5
80.00 245.00 -14.59 0.5 0.5
85.00 245.00 -14.25 0.5 0.5
90.00 245.00 -13.85 0.5 0.5
95.00 245.00 -13.47 0.5 0.5
100.00 245.00 -13.13 0.5 0.5
105.00 245.00 -12.82 0.5 0.5
110.00 245.00 -12.55 0.5 0.5
115.00 245.00 -12.45 0.5 0.5
120.00 245.00 -12.73 0.5 0.5
125.00 245.00 -13.48 0.5 0.5
130.00 245.00 -14.18 0.5 0.5
135.00 245.00 -12.77 0.5 0.5
140.00 245.00 -9.09 1.0 0.0
145.00 245.00 -5.30 1.0 0.0
150.00 245.00 -2.11 1.0 0.0
155.00 245.00 0.48 1.0 0.0
160.00 245.00 2.56 1.0 0.0
165.00 245.00 4.22 1.0 0.0
170.00 245.00 5.51 1.0 0.0
175.00 245.00 6.48 1.0 0.0
180.00 245.00 7.17 1.0 0.0
0.00 250.00 -14.74 0.0 1.0
5.00 250.00 -16.31 0.0 1.0
10.00 250.00 -17.53 0.0 1.0
15.00 250.00 -18.18 0.0 1.0
20.00 250.00 -18.15 0.0 1.0
25.00 250.00 -17.53 0.0 1.0
30.00 250.00 -16.58 0.0 1.0
35.00 250.00 -15.58 0.0 1.0
40.00 250.00 -14.74 0.0 1.0
45.00 250.00 -14.17 0.5 0.5
50.00 250.00 -13.94 0.5 0.5
55.00 250.00 -14.05 0.5 0.5
60.00 250.00 -14.43 0.5 0.5
65.00 250.00 -14.97 0.5 0.5
70.00 250.00 -15.45 0.5 0.5
75.00 250.00 -15.63 0.5 0.5
80.00 250.00 -15.49 0.5 0.5
85.00 250.00 -15.16 0.5 0.5
90.00 250.00 -14.84 0.5 0.5
95.00 250.00 -14.60 0.5 0.5
100.00 250.00 -14.40 0.5 0.5
105.00 250.00 -14.16 0.5 0.5
110.00 250.00 -13.91 0.5 0.5
115.00 250.00 -13.84 0.5 0.5
120.00 250.00 -14.12 0.5 0.5
125.00 250.00 -14.67 0.5 0.5
130.00 250.00 -14.23 0.5 0.5
135.00 250.00 -11.40 0.5 0.5
140.00 250.00 -7.56 1.0 0.0
145.00 250.00 -4.08 1.0 0.0
150.00 250.00 -1.19 1.0 0.0
155.00 250.00 1.17 1.0 0.0
160.00 250.00 3.06 1.0 0.0
165.00 250.00 4.57 1.0 0.0
170.00 250.00 5.73 1.0 0.0
175.00 250.00 6.59 1.0 0.0
180.00 250.00 7.17 1.0 0.0
0.00 255.00 -14.74 0.0 1.0
5.00 255.00 -15.84 0.0 1.0
10.00 255.00 -16.51 0.0 1.0
15.00 255.00 -16.65 0.0 1.0
20.00 255.00 -16.27 0.0 1.0
25.00 255.00 -15.56 0.0 1.0
30.00 255.00 -14.73 0.0 1.0
35.00 255.00 -13.99 0.0 1.0
40.00 255.00 -13.47 0.0 1.0
45.00 255.00 -13.26 0.5 0.5
50.00 255.00 -13.38 0.5 0.5
55.00 255.00 -13.83 0.5 0.5
60.00 255.00 -14.54 0.5 0.5
65.00 255.00 -15.35 0.5 0.5
70.00 255.00 -15.98 0.5 0.5
75.00 255.00 -16.23 0.5 0.5
80.00 255.00 -16.17 0.5 0.5
85.00 255.00 -16.03 0.5 0.5
90.00 255.00 -15.99 0.5 0.5
95.00 255.00 -16.06 0.5 0.5
100.00 255.00 -16.06 0.5 0.5
105.00 255.00 -15.85 0.5 0.5
110.00 255.00 -15.52 0.5 0.5
115.00 255.00 -15.33 0.5 0.5
120.00 255.00 -15.42 0.5 0.5
125.00 255.00 -15.22 0.5 0.5
130.00 255.00 -13.27 0.5 0.5
135.00 255.00 -9.72 0.5 0.5
140.00 255.00 -6.06 1.0 0.0
145.00 255.00 -2.90 1.0 0.0
150.00 255.00 -0.28 1.0 0.0
155.00 255.00 1.85 1.0 0.0
160.00 255.00 3.57 1.0 0.0
165.00 255.00 4.92 1.0 0.0
170.00 255.00 5.96 1.0 0.0
175.00 255.00 6.70 1.0 0.0
180.00 255.00 7.17 1.0 0.0
0.00 260.00 -14.74 0.0 1.0
5.00 260.00 -15.39 0.0 1.0
10.00 260.00 -15.59 0.0 1.0
15.00 260.00 -15.33 0.0 1.0
20.00 260.00 -14.74 0.0 1.0
25.00 260.00 -13.99 0.0 1.0
30.00 260.00 -13.28 0.0 1.0
35.00 260.00 -12.74 0.0 1.0
40.00 260.00 -12.47 0.0 1.0
45.00 260.00 -12.52 0.5 0.5
50.00 260.00 -12.90 0.5 0.5
55.00 260.00 -13.60 0.5 0.5
60.00 260.00 -14.51 0.5 0.5
65.00 260.00 -15.44 0.5 0.5
70.00 260.00 -16.13 0.5 0.5
75.00 260.00 -16.48 0.5 0.5
80.00 260.00 -16.65 0.5 0.5
85.00 260.00 -16.93 0.5 0.5
90.00 260.00 -17.43 0.5 0.5
95.00 260.00 -18.02 0.5 0.5
100.00 260.00 -18.27 0.5 0.5
105.00 260.00 -17.90 0.5 0.5
110.00 260.00 -17.21 0.5 0.5
115.00 260.00 -16.65 0.5 0.5
120.00 260.00 -16.14 0.5 0.5
125.00 260.00 -14.69 0.5 0.5
130.00 260.00 -11.64 0.5 0.5
135.00 260.00 -7.99 0.5 0.5
140.00 260.00 -4.62 1.0 0.0
145.00 260.00 -1.77 1.0 0.0
150.00 260.00 0.60 1.0 0.0
155.00 260.00 2.53 1.0 0.0
160.00 260.00 4.07 1.0 0.0
165.00 260.00 5.28 1.0 0.0
170.00 260.00 6.19 1.0 0.0
175.00 260.00 6.81 1.0 0.0
180.00 260.00 7.17 1.0 0.0
0.00 265.00 -14.74 0.0 1.0
5.00 265.00 -14.95 0.0 1.0
10.00 265.00 -14.74 0.0 1.0
15.00 265.00 -14.19 0.0 1.0
20.00 265.00 -13.46 0.0 1.0
25.00 265.00 -12.71 0.0 1.0
30.00 265.00 -12.10 0.0 1.0
35.00 265.00 -11.72 0.0 1.0
40.00 265.00 -11.64 0.0 1.0
45.00 265.00 -11.89 0.5 0.5
50.00 265.00 -12.45 0.5 0.5
55.00 265.00 -13.29 0.5 0.5
60.00 265.00 -14.28 0.5 0.5
65.00 265.00 -15.22 0.5 0.5
70.00 265.00 -15.92 0.5 0.5
75.00 265.00 -16.43 0.5 0.5
80.00 265.00 -16.99 0.5 0.5
85.00 265.00 -17.90 0.5 0.5
90.00 265.00 -19.26 0.5 0.5
95.00 265.00 -20.72 0.5 0.5
100.00 265.00 -21.10 0.5 0.5
105.00 265.00 -19.97 0.5 0.5
110.00 265.00 -18.49 0.5 0.5
115.00 265.00 -17.28 0.5 0.5
120.00 265.00 -15.83 0.5 0.5
125.00 265.00 -13.24 0.5 0.5
130.00 265.00 -9.78 0.5 0.5
135.00 265.00 -6.31 0.5 0.5
140.00 265.00 -3.25 1.0 0.0
145.00 265.00 -0.68 1.0 0.0
150.00 265.00 1.46 1.0 0.0
155.00 265.00 3.19 1.0 0.0
160.00 265.00 4.58 1.0 0.0
165.00 265.00 5.65 1.0 0.0
170.00 265.00 6.42 1.0 0.0
175.00 265.00 6.92 1.0 0.0
180.00 265.00 7.17 1.0 0.0
0.00 270.00 -14.74 0.0 1.0
5.00 270.00 -14.54 0.0 1.0
10.00 270.00 -13.98 0.0 1.0
15.00 270.00 -13.20 0.0 1.0
20.00 270.00 -12.38 0.0 1.0
25.00 270.00 -11.65 0.0 1.0
30.00 270.00 -11.13 0.0 1.0
35.00 270.00 -10.88 0.0 1.0
40.00 270.00 -10.94 0.0 1.0
45.00 270.00 -11.33 0.5 0.5
50.00 270.00 -12.01 0.5 0.5
55.00 270.00 -12.90 0.5 0.5
60.00 270.00 -13.87 0.5 0.5
65.00 270.00 -14.75 0.5 0.5
70.00 270.00 -15.46 0.5 0.5
75.00 270.00 -16.18 0.5 0.5
80.00 270.00 -17.20 0.5 0.5
85.00 270.00 -18.85 0.5 0.5
90.00 270.00 -21.38 0.5 0.5
95.00 270.00 -24.13 0.5 0.5
100.00 270.00 -23.78 0.5 0.5
105.00 270.00 -21.03 0.5 0.5
110.00 270.00 -18.74 0.5 0.5
115.00 270.00 -16.87 0.5 0.5
120.00 270.00 -14.54 0.5 0.5
125.00 270.00 -11.36 0.5 0.5
130.00 270.00 -7.91 0.5 0.5
135.00 270.00 -4.71 0.5 0.5
140.00 270.00 -1.95 1.0 0.0
145.00 270.00 0.38 1.0 0.0
150.00 270.00 2.29 1.0 0.0
155.00 270.00 3.85 1.0 0.0
160.00 270.00 5.08 1.0 0.0
165.00 270.00 6.00 1.0 0.0
170.00 270.00 6.65 1.0 0.0
175.00 270.00 7.04 1.0 0.0
180.00 270.00 7.17 1.0 0.0
0.00 275.00 -14.74 0.0 1.0
5.00 275.00 -14.15 0.0 1.0
10.00 275.00 -13.29 0.0 1.0
15.00 275.00 -12.34 0.0 1.0
20.00 275.00 -11.45 0.0 1.0
25.00 275.00 -10.75 0.0 1.0
30.00 275.00 -10.31 0.0 1.0
35.00 275.00 -10.17 0.0 1.0
40.00 275.00 -10.34 0.0 1.0
45.00 275.00 -10.82 0.5 0.5
50.00 275.00 -11.55 0.5 0.5
55.00 275.00 -12.44 0.5 0.5
60.00 275.00 -13.34 0.5 0.5
65.00 275.00 -14.14 0.5 0.5
70.00 275.00 -14.89 0.5 0.5
75.00 275.00 -15.80 0.5 0.5
80.00 275.00 -17.19 0.5 0.5
85.00 275.00 -19.43 0.5 0.5
90.00 275.00 -22.83 0.5 0.5
95.00 275.00 -25.86 0.5 0.5
100.00 275.00 -23.70 0.5 0.5
105.00 275.00 -20.36 0.5 0.5
110.00 275.00 -17.90 0.5 0.5
115.00 275.00 -15.58 0.5 0.5
120.00 275.00 -12.70 0.5 0.5
125.00 275.00 -9.37 0.5 0.5
130.00 275.00 -6.10 0.5 0.5
135.00 275.00 -3.19 0.5 0.5
140.00 275.00 -0.70 1.0 0.0
145.00 275.00 1.39 1.0 0.0
150.00 275.00 3.11 1.0 0.0
155.00 275.00 4.49 1.0 0.0
160.00 275.00 5.57 1.0 0.0
165.00 275.00 6.36 1.0 0.0
170.00 275.00 6.88 1.0 0.0
175.00 275.00 7.15 1.0 0.0
180.00 275.00 7.17 1.0 0.0
0.00 280.00 -14.74 0.0 1.0
5.00 280.00 -13.78 0.0 1.0
10.00 280.00 -12.66 0.0 1.0
15.00 280.00 -11.58 0.0 1.0
20.00 280.00 -10.66 0.0 1.0
25.00 280.00 -9.99 0.0 1.0
30.00 280.00 -9.61 0.0 1.0
35.00 280.00 -9.55 0.0 1.0
40.00 280.00 -9.81 0.0 1.0
45.00 280.00 -10.35 0.5 0.5
50.00 280.00 -11.10 0.5 0.5
55.00 280.00 -11.94 0.5 0.5
60.00 280.00 -12.75 0.5 0.5
65.00 280.00 -13.49 0.5 0.5
70.00 280.00 -14.26 0.5 0.5
75.00 280.00 -15.29 0.5 0.5
80.00 280.00 -16.85 0.5 0.5
85.00 280.00 -19.19 0.5 0.5
90.00 280.00 -22.13 0.5 0.5
95.00 280.00 -23.45 0.5 0.5
100.00 280.00 -21.39 0.5 0.5
105.00 280.00 -18.80 0.5 0.5
110.00 280.00 -16.44 0.5 0.5
115.00 280.00 -13.77 0.5 0.5
120.00 280.00 -10.63 0.5 0.5
125.00 280.00 -7.37 0.5 0.5
130.00 280.00 -4.36 0.5 0.5
135.00 280.00 -1.73 0.5 0.5
140.00 280.00 0.51 1.0 0.0
145.00 280.00 2.37 1.0 0.0
150.00 280.00 3.90 1.0 0.0
155.00 280.00 5.11 1.0 0.0
160.00 280.00 6.05 1.0 0.0
165.00 280.00 6.71 1.0 0.0
170.00 280.00 7.11 1.0 0.0
175.00 280.00 7.26 1.0 0.0
180.00 280.00 7.17 1.0 0.0
0.00 285.00 -14.74 0.0 1.0
5.00 285.00 -13.43 0.0 1.0
10.00 285.00 -12.10 0.0 1.0
15.00 285.00 -10.91 0.0 1.0
20.00 285.00 -9.97 0.0 1.0
25.00 285.00 -9.33 0.0 1.0
30.00 285.00 -9.01 0.0 1.0
35.00 285.00 -9.02 0.0 1.0
40.00 285.00 -9.34 0.0 1.0
45.00 285.00 -9.91 0.5 0.5
50.00 285.00 -10.65 0.5 0.5
55.00 285.00 -11.43 0.5 0.5
60.00 285.00 -12.15 0.5 0.5
65.00 285.00 -12.82 0.5 0.5
70.00 285.00 -13.58 0.5 0.5
75.00 285.00 -14.63 0.5 0.5
80.00 285.00 -16.15 0.5 0.5
85.00 285.00 -18.17 0.5 0.5
90.00 285.00 -20.14 0.5 0.5
95.00 285.00 -20.61 0.5 0.5
100.00 285.00 -19.20 0.5 0.5
105.00 285.00 -17.10 0.5 0.5
110.00 285.00 -14.62 0.5 0.5
115.00 285.00 -11.66 0.5 0.5
120.00 285.00 -8.47 0.5 0.5
125.00 285.00 -5.42 0.5 0.5
130.00 285.00 -2.69 0.5 0.5
135.00 285.00 -0.33 0.5 0.5
140.00 285.00 1.66 1.0 0.0
145.00 285.00 3.32 1.0 0.0
150.00 285.00 4.66 1.0 0.0
155.00 285.00 5.72 1.0 0.0
160.00 285.00 6.51 1.0 0.0
165.00 285.00 7.05 1.0 0.0
170.00 285.00 7.33 1.0 0.0
175.00 285.00 7.38 1.0 0.0
180.00 285.00 7.17 1.0 0.0
0.00 290.00 -14.74 0.0 1.0
5.00 290.00 -13.10 0.0 1.0
10.00 290.00 -11.59 0.0 1.0
15.00 290.00 -10.32 0.0 1.0
20.00 290.00 -9.37 0.0 1.0
25.00 290.00 -8.76 0.0 1.0
30.00 290.00 -8.49 0.0 1.0
35.00 290.00 -8.56 0.0 1.0
40.00 290.00 -8.92 0.0 1.0
45.00 290.00 -9.51 0.5 0.5
50.00 290.00 -10.22 0.5 0.5
55.00 290.00 -10.92 0.5 0.5
60.00 290.00 -11.55 0.5 0.5
65.00 290.00 -12.15 0.5 0.5
70.00 290.00 -12.86 0.5 0.5
75.00 290.00 -13.86 0.5 0.5
80.00 290.00 -15.23 0.5 0.5
85.00 290.00 -16.88 0.5 0.5
90.00 290.00 -18.31 0.5 0.5
95.00 290.00 -18.62 0.5 0.5
100.00 290.00 -17.46 0.5 0.5
105.00 290.00 -15.29 0.5 0.5
110.00 290.00 -12.47 0.5 0.5
115.00 290.00 -9.36 0.5 0.5
120.00 290.00 -6.31 0.5 0.5
125.00 290.00 -3.53 0.5 0.5
130.00 290.00 -1.09 0.5 0.5
135.00 290.00 1.01 0.5 0.5
140.00 290.00 2.77 1.0 0.0
145.00 290.00 4.23 1.0 0.0
150.00 290.00 5.40 1.0 0.0
155.00 290.00 6.31 1.0 0.0
160.00 290.00 6.96 1.0 0.0
165.00 290.00 7.38 1.0 0.0
170.00 290.00 7.55 1.0 0.0
175.00 290.00 7.48 1.0 0.0
180.00 290.00 7.17 1.0 0.0
0.00 295.00 -14.74 0.0 1.0
5.00 295.00 -12.80 0.0 1.0
10.00 295.00 -11.13 0.0 1.0
15.00 295.00 -9.80 0.0 1.0
20.00 295.00 -8.85 0.0 1.0
25.00 295.00 -8.26 0.0 1.0
30.00 295.00 -8.04 0.0 1.0
35.00 295.00 -8.15 0.0 1.0
40.00 295.00 -8.55 0.0 1.0
45.00 295.00 -9.14 0.5 0.5
50.00 295.00 -9.80 0.5 0.5
55.00 295.00 -10.42 0.5 0.5
60.00 295.00 -10.95 0.5 0.5
65.00 295.00 -11.47 0.5 0.5
70.00 295.00 -12.12 0.5 0.5
75.00 295.00 -13.03 0.5 0.5
80.00 295.00 -14.28 0.5 0.5
85.00 295.00 -15.75 0.5 0.5
90.00 295.00 -17.02 0.5 0.5
95.00 295.00 -17.24 0.5 0.5
100.00 295.00 -15.80 0.5 0.5
105.00 295.00 -13.15 0.5 0.5
110.00 295.00 -10.07 0.5 0.5
115.00 295.00 -7.01 0.5 0.5
120.00 295.00 -4.20 0.5 0.5
125.00 295.00 -1.72 0.5 0.5
130.00 295.00 0.44 0.5 0.5
135.00 295.00 2.28 0.5 0.5
140.00 295.00 3.83 1.0 0.0
145.00 295.00 5.09 1.0 0.0
150.00 295.00 6.10 1.0 0.0
155.00 295.00 6.87 1.0 0.0
160.00 295.00 7.40 1.0 0.0
165.00 295.00 7.70 1.0 0.0
170.00 295.00 7.76 1.0 0.0
175.00 295.00 7.59 1.0 0.0
180.00 295.00 7.17 1.0 0.0
0.00 300.00 -14.74 0.0 1.0
5.00 300.00 -12.53 0.0 1.0
10.00 300.00 -10.72 0.0 1.0
15.00 300.00 -9.34 0.0 1.0
20.00 300.00 -8.39 0.0 1.0
25.00 300.00 -7.83 0.0 1.0
30.00 300.00 -7.65 0.0 1.0
35.00 300.00 -7.80 0.0 1.0
40.00 300.00 -8.22 0.0 1.0
45.00 300.00 -8.80 0.5 0.5
50.00 300.00 -9.41 0.5 0.5
55.00 300.00 -9.94 0.5 0.5
60.00 300.00 -10.36 0.5 0.5
65.00 300.00 -10.79 0.5 0.5
70.00 300.00 -11.37 0.5 0.5
75.00 300.00 -12.25 0.5 0.5
80.00 300.00 -13.47 0.5 0.5
85.00 300.00 -14.95 0.5 0.5
90.00 300.00 -16.21 0.5 0.5
95.00 300.00 -16.01 0.5 0.5
100.00 300.00 -13.80 0.5 0.5
105.00 300.00 -10.69 0.5 0.5
110.00 300.00 -7.57 0.5 0.5
115.00 300.00 -4.72 0.5 0.5
120.00 300.00 -2.20 0.5 0.5
125.00 300.00 -0.01 0.5 0.5
130.00 300.00 1.88 0.5 0.5
135.00 300.00 3.49 0.5 0.5
140.00 300.00 4.83 1.0 0.0
145.00 300.00 5.92 1.0 0.0
150.00 300.00 6.78 1.0 0.0
155.00 300.00 7.40 1.0 0.0
160.00 300.00 7.81 1.0 0.0
165.00 300.00 8.00 1.0 0.0
170.00 300.00 7.96 1.0 0.0
175.00 300.00 7.69 1.0 0.0
180.00 300.00 7.17 1.0 0.0
0.00 305.00 -14.74 0.0 1.0
5.00 305.00 -12.27 0.0 1.0
10.00 305.00 -10.35 0.0 1.0
15.00 305.00 -8.94 0.0 1.0
20.00 305.00 -7.99 0.0 1.0
25.00 305.00 -7.46 0.0 1.0
30.00 305.00 -7.32 0.0 1.0
35.00 305.00 -7.50 0.0 1.0
40.00 305.00 -7.93 0.0 1.0
45.00 305.00 -8.50 0.5 0.5
50.00 305.00 -9.04 0.5 0.5
55.00 305.00 -9.46 0.5 0.5
60.00 305.00 -9.78 0.5 0.5
65.00 305.00 -10.13 0.5 0.5
70.00 305.00 -10.68 0.5 0.5
75.00 305.00 -11.57 0.5 0.5
80.00 305.00 -12.88 0.5 0.5
85.00 305.00 -14.51 0.5 0.5
90.00 305.00 -15.60 0.5 0.5
95.00 305.00 -14.43 0.5 0.5
100.00 305.00 -11.39 0.5 0.5
105.00 305.00 -8.11 0.5 0.5
110.00 305.00 -5.15 0.5 0.5
115.00 305.00 -2.57 0.5 0.5
120.00 305.00 -0.34 0.5 0.5
125.00 305.00 1.58 0.5 0.5
130.00 305.00 3.23 0.5 0.5
135.00 305.00 4.62 0.5 0.5
140.00 305.00 5.77 1.0 0.0
145.00 305.00 6.70 1.0 0.0
150.00 305.00 7.41 1.0 0.0
155.00 305.00 7.91 1.0 0.0
160.00 305.00 8.20 1.0 0.0
165.00 305.00 8.28 1.0 0.0
170.00 305.00 8.15 1.0 0.0
175.00 305.00 7.78 1.0 0.0
180.00 305.00 7.17 1.0 0.0
0.00 310.00 -14.74 0.0 1.0
5.00 310.00 -12.04 0.0 1.0
10.00 310.00 -10.03 0.0 1.0
15.00 310.00 -8.58 0.0 1.0
20.00 310.00 -7.64 0.0 1.0
25.00 310.00 -7.14 0.0 1.0
30.00 310.00 -7.03 0.0 1.0
35.00 310.00 -7.24 0.0 1.0
40.00 310.00 -7.68 0.0 1.0
45.00 310.00 -8.21 0.5 0.5
50.00 310.00 -8.68 0.5 0.5
55.00 310.00 -8.99 0.5 0.5
60.00 310.00 -9.21 0.5 0.5
65.00 310.00 -9.51 0.5 0.5
70.00 310.00 -10.07 0.5 0.5
75.00 310.00 -11.06 0.5 0.5
80.00 310.00 -12.57 0.5 0.5
85.00 310.00 -14.33 0.5 0.5
90.00 310.00 -14.76 0.5 0.5
95.00 310.00 -12.29 0.5 0.5
100.00 310.00 -8.81 0.5 0.5
105.00 310.00 -5.63 0.5 0.5
110.00 310.00 -2.92 0.5 0.5
115.00 310.00 -0.61 0.5 0.5
120.00 310.00 1.36 0.5 0.5
125.00 310.00 3.04 0.5 0.5
130.00 310.00 4.47 0.5 0.5
135.00 310.00 5.67 0.5 0.5
140.00 310.00 6.65 1.0 0.0
145.00 310.00 7.42 1.0 0.0
150.00 310.00 8.00 1.0 0.0
155.00 310.00 8.38 1.0 0.0
160.00 310.00 8.57 1.0 0.0
165.00 310.00 8.55 1.0 0.0
170.00 310.00 8.32 1.0 0.0
175.00 310.00 7.87 1.0 0.0
180.00 310.00 7.17 1.0 0.0
0.00 315.00 -14.74 0.0 1.0
5.00 315.00 -11.84 0.0 1.0
10.00 315.00 -9.74 0.0 1.0
15.00 315.00 -8.27 0.0 1.0
20.00 315.00 -7.34 0.0 1.0
25.00 315.00 -6.86 0.0 1.0
30.00 315.00 -6.78 0.0 1.0
35.00 315.00 -7.02 0.0 1.0
40.00 315.00 -7.46 0.0 1.0
45.00 315.00 -7.95 0.5 0.5
50.00 315.00 -8.33 0.5 0.5
55.00 315.00 -8.54 0.5 0.5
60.00 315.00 -8.68 0.5 0.5
65.00 315.00 -8.96 0.5 0.5
70.00 315.00 -9.58 0.5 0.5
75.00 315.00 -10.74 0.5 0.5
80.00 315.00 -12.49 0.5 0.5
85.00 315.00 -14.20 0.5 0.5
90.00 315.00 -13.31 0.5 0.5
95.00 315.00 -9.84 0.5 0.5
100.00 315.00 -6.32 0.5 0.5
105.00 315.00 -3.37 0.5 0.5
110.00 315.00 -0.91 0.5 0.5
115.00 315.00 1.15 0.5 0.5
120.00 315.00 2.89 0.5 0.5
125.00 315.00 4.36 0.5 0.5
130.00 315.00 5.60 0.5 0.5
135.00 315.00 6.63 0.5 0.5
140.00 315.00 7.45 1.0 0.0
145.00 315.00 8.09 1.0 0.0
150.00 315.00 8.55 1.0 0.0
155.00 315.00 8.82 1.0 0.0
160.00 315.00 8.91 1.0 0.0
165.00 315.00 8.80 1.0 0.0
170.00 315.00 8.49 1.0 0.0
175.00 315.00 7.95 1.0 0.0
180.00 315.00 7.17 1.0 0.0
0.00 320.00 -14.74 0.0 1.0
5.00 320.00 -11.65 0.0 1.0
10.00 320.00 -9.48 0.0 1.0
15.00 320.00 -8.01 0.0 1.0
20.00 320.00 -7.08 0.0 1.0
25.00 320.00 -6.63 0.0 1.0
30.00 320.00 -6.57 0.0 1.0
35.00 320.00 -6.83 0.0 1.0
40.00 320.00 -7.26 0.0 1.0
45.00 320.00 -7.71 0.5 0.5
50.00 320.00 -8.00 0.5 0.5
55.00 320.00 -8.10 0.5 0.5
60.00 320.00 -8.19 0.5 0.5
65.00 320.00 -8.48 0.5 0.5
70.00 320.00 -9.22 0.5 0.5
75.00 320.00 -10.60 0.5 0.5
80.00 320.00 -12.60 0.5 0.5
85.00 320.00 -13.76 0.5 0.5
90.00 320.00 -11.30 0.5 0.5
95.00 320.00 -7.44 0.5 0.5
100.00 320.00 -4.09 0.5 0.5
105.00 320.00 -1.37 0.5 0.5
110.00 320.00 0.86 0.5 0.5
115.00 320.00 2.71 0.5 0.5
120.00 320.00 4.25 0.5 0.5
125.00 320.00 5.54 0.5 0.5
130.00 320.00 6.62 0.5 0.5
135.00 320.00 7.49 0.5 0.5
140.00 320.00 8.18 1.0 0.0
145.00 320.00 8.70 1.0 0.0
150.00 320.00 9.04 1.0 0.0
155.00 320.00 9.22 1.0 0.0
160.00 320.00 9.22 1.0 0.0
165.00 320.00 9.03 1.0 0.0
170.00 320.00 8.64 1.0 0.0
175.00 320.00 8.03 1.0 0.0
180.00 320.00 7.17 1.0 0.0
0.00 325.00 -14.74 0.0 1.0
5.00 325.00 -11.49 0.0 1.0
10.00 325.00 -9.27 0.0 1.0
15.00 325.00 -7.77 0.0 1.0
20.00 325.00 -6.86 0.0 1.0
25.00 325.00 -6.43 0.0 1.0
30.00 325.00 -6.39 0.0 1.0
35.00 325.00 -6.67 0.0 1.0
40.00 325.00 -7.09 0.0 1.0
45.00 325.00 -7.48 0.5 0.5
50.00 325.00 -7.68 0.5 0.5
55.00 325.00 -7.71 0.5 0.5
60.00 325.00 -7.76 0.5 0.5
65.00 325.00 -8.10 0.5 0.5
70.00 325.00 -8.98 0.5 0.5
75.00 325.00 -10.61 0.5 0.5
80.00 325.00 -12.76 0.5 0.5
85.00 325.00 -12.76 0.5 0.5
90.00 325.00 -9.14 0.5 0.5
95.00 325.00 -5.28 0.5 0.5
100.00 325.00 -2.15 0.5 0.5
105.00 325.00 0.36 0.5 0.5
110.00 325.00 2.39 0.5 0.5
115.00 325.00 4.06 0.5 0.5
120.00 325.00 5.44 0.5 0.5
125.00 325.00 6.58 0.5 0.5
130.00 325.00 7.51 0.5 0.5
135.00 325.00 8.26 0.5 0.5
140.00 325.00 8.83 1.0 0.0
145.00 325.00 9.24 1.0 0.0
150.00 325.00 9.49 1.0 0.0
155.00 325.00 9.58 1.0 0.0
160.00 325.00 9.49 1.0 0.0
165.00 325.00 9.23 1.0 0.0
170.00 325.00 8.77 1.0 0.0
175.00 325.00 8.09 1.0 0.0
180.00 325.00 7.17 1.0 0.0
0.00 330.00 -14.74 0.0 1.0
5.00 330.00 -11.35 0.0 1.0
10.00 330.00 -9.08 0.0 1.0
15.00 330.00 -7.58 0.0 1.0
20.00 330.00 -6.67 0.0 1.0
25.00 330.00 -6.26 0.0 1.0
30.00 330.00 -6.25 0.0 1.0
35.00 330.00 -6.53 0.0 1.0
40.00 330.00 -6.94 0.0 1.0
45.00 330.00 -7.28 0.5 0.5
50.00 330.00 -7.39 0.5 0.5
55.00 330.00 -7.35 0.5 0.5
60.00 330.00 -7.39 0.5 0.5
65.00 330.00 -7.80 0.5 0.5
70.00 330.00 -8.86 0.5 0.5
75.00 330.00 -10.75 0.5 0.5
80.00 330.00 -12.78 0.5 0.5
85.00 330.00 -11.30 0.5 0.5
90.00 330.00 -7.13 0.5 0.5
95.00 330.00 -3.42 0.5 0.5
100.00 330.00 -0.50 0.5 0.5
105.00 330.00 1.82 0.5 0.5
110.00 330.00 3.69 0.5 0.5
115.00 330.00 5.21 0.5 0.5
120.00 330.00 6.46 0.5 0.5
125.00 330.00 7.47 0.5 0.5
130.00 330.00 8.29 0.5 0.5
135.00 330.00 8.93 0.5 0.5
140.00 330.00 9.40 1.0 0.0
145.00 330.00 9.72 1.0 0.0
150.00 330.00 9.88 1.0 0.0
155.00 330.00 9.89 1.0 0.0
160.00 330.00 9.74 1.0 0.0
165.00 330.00 9.41 1.0 0.0
170.00 330.00 8.89 1.0 0.0
175.00 330.00 8.15 1.0 0.0
180.00 330.00 7.17 1.0 0.0
0.00 335.00 -14.74 0.0 1.0
5.00 335.00 -11.23 0.0 1.0
10.00 335.00 -8.92 0.0 1.0
15.00 335.00 -7.42 0.0 1.0
20.00 335.00 -6.52 0.0 1.0
25.00 335.00 -6.12 0.0 1.0
30.00 335.00 -6.13 0.0 1.0
35.00 335.00 -6.42 0.0 1.0
40.00 335.00 -6.82 0.0 1.0
45.00 335.00 -7.10 0.5 0.5
50.00 335.00 -7.14 0.5 0.5
55.00 335.00 -7.04 0.5 0.5
60.00 335.00 -7.09 0.5 0.5
65.00 335.00 -7.59 0.5 0.5
70.00 335.00 -8.83 0.5 0.5
75.00 335.00 -10.95 0.5 0.5
80.00 335.00 -12.53 0.5 0.5
85.00 335.00 -9.72 0.5 0.5
90.00 335.00 -5.41 0.5 0.5
95.00 335.00 -1.88 0.5 0.5
100.00 335.00 0.86 0.5 0.5
105.00 335.00 3.03 0.5 0.5
110.00 335.00 4.77 0.5 0.5
115.00 335.00 6.18 0.5 0.5
120.00 335.00 7.31 0.5 0.5
125.00 335.00 8.23 0.5 0.5
130.00 335.00 8.95 0.5 0.5
135.00 335.00 9.49 0.5 0.5
140.00 335.00 9.88 1.0 0.0
145.00 335.00 10.12 1.0 0.0
150.00 335.00 10.22 1.0 0.0
155.00 335.00 10.16 1.0 0.0
160.00 335.00 9.95 1.0 0.0
165.00 335.00 9.57 1.0 0.0
170.00 335.00 8.99 1.0 0.0
175.00 335.00 8.20 1.0 0.0
180.00 335.00 7.17 1.0 0.0
0.00 340.00 -14.74 0.0 1.0
5.00 340.00 -11.14 0.0 1.0
10.00 340.00 -8.80 0.0 1.0
15.00 340.00 -7.29 0.0 1.0
20.00 340.00 -6.40 0.0 1.0
25.00 340.00 -6.02 0.0 1.0
30.00 340.00 -6.04 0.0 1.0
35.00 340.00 -6.33 0.0 1.0
40.00 340.00 -6.71 0.0 1.0
45.00 340.00 -6.94 0.5 0.5
50.00 340.00 -6.92 0.5 0.5
55.00 340.00 -6.79 0.5 0.5
60.00 340.00 -6.86 0.5 0.5
65.00 340.00 -7.45 0.5 0.5
70.00 340.00 -8.86 0.5 0.5
75.00 340.00 -11.15 0.5 0.5
80.00 340.00 -12.01 0.5 0.5
85.00 340.00 -8.28 0.5 0.5
90.00 340.00 -4.01 0.5 0.5
95.00 340.00 -0.65 0.5 0.5
100.00 340.00 1.95 0.5 0.5
105.00 340.00 4.01 0.5 0.5
110.00 340.00 5.64 0.5 0.5
115.00 340.00 6.96 0.5 0.5
120.00 340.00 8.01 0.5 0.5
125.00 340.00 8.84 0.5 0.5
130.00 340.00 9.48 0.5 0.5
135.00 340.00 9.96 0.5 0.5
140.00 340.00 10.28 1.0 0.0
145.00 340.00 10.46 1.0 0.0
150.00 340.00 10.49 1.0 0.0
155.00 340.00 10.38 1.0 0.0
160.00 340.00 10.12 1.0 0.0
165.00 340.00 9.69 1.0 0.0
170.00 340.00 9.08 1.0 0.0
175.00 340.00 8.25 1.0 0.0
180.00 340.00 7.17 1.0 0.0
0.00 345.00 -14.74 0.0 1.0
5.00 345.00 -11.06 0.0 1.0
10.00 345.00 -8.70 0.0 1.0
15.00 345.00 -7.19 0.0 1.0
20.00 345.00 -6.31 0.0 1.0
25.00 345.00 -5.93 0.0 1.0
30.00 345.00 -5.96 0.0 1.0
35.00 345.00 -6.26 0.0 1.0
40.00 345.00 -6.62 0.0 1.0
45.00 345.00 -6.81 0.5 0.5
50.00 345.00 -6.74 0.5 0.5
55.00 345.00 -6.59 0.5 0.5
60.00 345.00 -6.69 0.5 0.5
65.00 345.00 -7.36 0.5 0.5
70.00 345.00 -8.92 0.5 0.5
75.00 345.00 -11.30 0.5 0.5
80.00 345.00 -11.36 0.5 0.5
85.00 345.00 -7.12 0.5 0.5
90.00 345.00 -2.94 0.5 0.5
95.00 345.00 0.29 0.5 0.5
100.00 345.00 2.79 0.5 0.5
105.00 345.00 4.75 0.5 0.5
110.00 345.00 6.31 0.5 0.5
115.00 345.00 7.56 0.5 0.5
120.00 345.00 8.54 0.5 0.5
125.00 345.00 9.31 0.5 0.5
130.00 345.00 9.90 0.5 0.5
135.00 345.00 10.32 0.5 0.5
140.00 345.00 10.59 1.0 0.0
145.00 345.00 10.72 1.0 0.0
150.00 345.00 10.71 1.0 0.0
155.00 345.00 10.56 1.0 0.0
160.00 345.00 10.26 1.0 0.0
165.00 345.00 9.79 1.0 0.0
170.00 345.00 9.14 1.0 0.0
175.00 345.00 8.28 1.0 0.0
180.00 345.00 7.17 1.0 0.0
0.00 350.00 -14.74 0.0 1.0
5.00 350.00 -11.01 0.0 1.0
10.00 350.00 -8.63 0.0 1.0
15.00 350.00 -7.12 0.0 1.0
20.00 350.00 -6.24 0.0 1.0
25.00 350.00 -5.88 0.0 1.0
30.00 350.00 -5.91 0.0 1.0
35.00 350.00 -6.22 0.0 1.0
40.00 350.00 -6.56 0.0 1.0
45.00 350.00 -6.72 0.5 0.5
50.00 350.00 -6.61 0.5 0.5
55.00 350.00 -6.45 0.5 0.5
60.00 350.00 -6.57 0.5 0.5
65.00 350.00 -7.31 0.5 0.5
70.00 350.00 -8.98 0.5 0.5
75.00 350.00 -11.39 0.5 0.5
80.00 350.00 -10.78 0.5 0.5
85.00 350.00 -6.28 0.5 0.5
90.00 350.00 -2.19 0.5 0.5
95.00 350.00 0.95 0.5 0.5
100.00 350.00 3.38 0.5 0.5
105.00 350.00 5.28 0.5 0.5
110.00 350.00 6.79 0.5 0.5
115.00 350.00 7.98 0.5 0.5
120.00 350.00 8.93 0.5 0.5
125.00 350.00 9.65 0.5 0.5
130.00 350.00 10.20 0.5 0.5
135.00 350.00 10.58 0.5 0.5
140.00 350.00 10.81 1.0 0.0
145.00 350.00 10.91 1.0 0.0
150.00 350.00 10.87 1.0 0.0
155.00 350.00 10.68 1.0 0.0
160.00 350.00 10.36 1.0 0.0
165.00 350.00 9.86 1.0 0.0
170.00 350.00 9.19 1.0 0.0
175.00 350.00 8.30 1.0 0.0
180.00 350.00 7.17 1.0 0.0
0.00 355.00 -14.74 0.0 1.0
5.00 355.00 -10.98 0.0 1.0
10.00 355.00 -8.59 0.0 1.0
15.00 355.00 -7.07 0.0 1.0
20.00 355.00 -6.20 0.0 1.0
25.00 355.00 -5.84 0.0 1.0
30.00 355.00 -5.89 0.0 1.0
35.00 355.00 -6.19 0.0 1.0
40.00 355.00 -6.52 0.0 1.0
45.00 355.00 -6.66 0.5 0.5
50.00 355.00 -6.54 0.5 0.5
55.00 355.00 -6.37 0.5 0.5
60.00 355.00 -6.50 0.5 0.5
65.00 355.00 -7.28 0.5 0.5
70.00 355.00 -9.03 0.5 0.5
75.00 355.00 -11.42 0.5 0.5
80.00 355.00 -10.38 0.5 0.5
85.00 355.00 -5.77 0.5 0.5
90.00 355.00 -1.74 0.5 0.5
95.00 355.00 1.35 0.5 0.5
100.00 355.00 3.73 0.5 0.5
105.00 355.00 5.59 0.5 0.5
110.00 355.00 7.07 0.5 0.5
115.00 355.00 8.24 0.5 0.5
120.00 355.00 9.15 0.5 0.5
125.00 355.00 9.85 0.5 0.5
130.00 355.00 10.37 0.5 0.5
135.00 355.00 10.73 0.5 0.5
140.00 355.00 10.95 1.0 0.0
145.00 355.00 11.02 1.0 0.0
150.00 355.00 10.96 1.0 0.0
155.00 355.00 10.76 1.0 0.0
160.00 355.00 10.41 1.0 0.0
165.00 355.00 9.91 1.0 0.0
170.00 355.00 9.22 1.0 0.0
175.00 355.00 8.32 1.0 0.0
180.00 355.00 7.17 1.0 0.0
0.00 360.00 -14.74 0.0 1.0
5.00 360.00 -10.97 0.0 1.0
10.00 360.00 -8.58 0.0 1.0
15.00 360.00 -7.06 0.0 1.0
20.00 360.00 -6.19 0.0 1.0
25.00 360.00 -5.83 0.0 1.0
30.00 360.00 -5.88 0.0 1.0
35.00 360.00 -6.18 0.0 1.0
40.00 360.00 -6.51 0.0 1.0
45.00 360.00 -6.64 0.5 0.5
50.00 360.00 -6.51 0.5 0.5
55.00 360.00 -6.34 0.5 0.5
60.00 360.00 -6.48 0.5 0.5
65.00 360.00 -7.28 0.5 0.5
70.00 360.00 -9.05 0.5 0.5
75.00 360.00 -11.43 0.5 0.5
80.00 360.00 -10.24 0.5 0.5
85.00 360.00 -5.60 0.5 0.5
90.00 360.00 -1.59 0.5 0.5
95.00 360.00 1.48 0.5 0.5
100.00 360.00 3.84 0.5 0.5
105.00 360.00 5.70 0.5 0.5
110.00 360.00 7.17 0.5 0.5
115.00 360.00 8.32 0.5 0.5
120.00 360.00 9.23 0.5 0.5
125.00 360.00 9.92 0.5 0.5
130.00 360.00 10.43 0.5 0.5
135.00 360.00 10.78 0.5 0.5
140.00 360.00 10.99 1.0 0.0
145.00 360.00 11.06 1.0 0.0
150.00 360.00 10.99 1.0 0.0
155.00 360.00 10.78 1.0 0.0
160.00 360.00 10.43 1.0 0.0
165.00 360.00 9.92 1.0 0.0
170.00 360.00 9.23 1.0 0.0
175.00 360.00 8.32 1.0 0.0
180.00 360.00 7.17 1.0 0.0
